Chan	Prompt	Decay	Fit	Residuals
2	0	1	0	0
3	0	0	0	0
4	0	0	0	0
5	0	0	0	0
6	0	1	0	0
7	0	2	0	0
8	0	0	0	0
9	0	0	0	0
10	0	1	0	0
11	0	2	0	0
12	0	2	0	0
13	0	0	0	0
14	0	0	0	0
15	0	0	0	0
16	0	1	0	0
17	0	2	0	0
18	0	1	0	0
19	0	1	0	0
20	0	2	0	0
21	0	1	0	0
22	0	1	0	0
23	0	1	0	0
24	0	3	0	0
25	0	2	0	0
26	0	0	0	0
27	0	0	0	0
28	0	1	0	0
29	0	1	0	0
30	1	1	0	0
31	0	2	0	0
32	0	0	0	0
33	0	2	0	0
34	0	1	0	0
35	0	0	0	0
36	0	2	0	0
37	0	2	0	0
38	0	5	0	0
39	0	1	0	0
40	0	2	0	0
41	0	0	0	0
42	0	1	0	0
43	0	1	0	0
44	0	2	0	0
45	0	0	0	0
46	0	0	0	0
47	0	0	0	0
48	0	1	0	0
49	0	3	0	0
50	0	0	0	0
51	0	0	0	0
52	1	1	0	0
53	0	2	0	0
54	0	2	0	0
55	0	1	0	0
56	0	2	0	0
57	0	0	0	0
58	0	1	0	0
59	0	1	0	0
60	0	1	0	0
61	0	1	0	0
62	0	0	0	0
63	0	1	0	0
64	0	3	0	0
65	0	1	0	0
66	0	0	0	0
67	0	2	0	0
68	0	1	0	0
69	0	2	0	0
70	0	3	0	0
71	0	1	0	0
72	0	0	0	0
73	0	0	0	0
74	1	0	0	0
75	0	3	0	0
76	0	0	0	0
77	0	0	0	0
78	0	0	0	0
79	0	3	0	0
80	0	0	0	0
81	0	0	0	0
82	0	0	0	0
83	0	3	0	0
84	0	0	0	0
85	0	2	0	0
86	0	0	0	0
87	0	0	0	0
88	0	0	0	0
89	0	3	0	0
90	0	0	0	0
91	0	0	0	0
92	0	0	0	0
93	0	4	0	0
94	0	1	0	0
95	0	3	0	0
96	0	0	0	0
97	0	0	0	0
98	0	0	0	0
99	0	1	0	0
100	0	1	0	0
101	0	0	0	0
102	0	0	0	0
103	0	0	0	0
104	0	0	0	0
105	0	3	0	0
106	0	2	0	0
107	0	0	0	0
108	0	0	0	0
109	0	0	0	0
110	0	0	0	0
111	0	3	0	0
112	0	0	0	0
113	0	1	0	0
114	0	2	0	0
115	0	3	0	0
116	0	2	0	0
117	0	1	0	0
118	1	1	0	0
119	0	1	0	0
120	0	1	0	0
121	0	1	0	0
122	0	3	0	0
123	0	2	0	0
124	0	2	0	0
125	0	0	0	0
126	1	1	0	0
127	0	0	0	0
128	0	3	0	0
129	0	0	0	0
130	0	1	0	0
131	0	2	0	0
132	0	0	0	0
133	0	1	0	0
134	0	1	0	0
135	0	3	0	0
136	0	0	0	0
137	0	0	0	0
138	0	0	0	0
139	0	0	0	0
140	0	1	0	0
141	0	1	0	0
142	0	1	0	0
143	0	1	0	0
144	0	0	0	0
145	0	1	0	0
146	0	1	0	0
147	0	0	0	0
148	0	0	0	0
149	0	0	0	0
150	0	1	0	0
151	0	1	0	0
152	0	1	0	0
153	0	2	0	0
154	0	1	0	0
155	0	0	0	0
156	0	1	0	0
157	0	1	0	0
158	0	1	0	0
159	0	0	0	0
160	0	1	0	0
161	0	0	0	0
162	0	0	0	0
163	0	1	0	0
164	0	3	0	0
165	0	1	0	0
166	0	0	0	0
167	0	2	0	0
168	0	1	0	0
169	0	1	0	0
170	0	0	0	0
171	0	1	0	0
172	0	0	0	0
173	0	1	0	0
174	1	1	0	0
175	0	0	0	0
176	0	0	0	0
177	0	2	0	0
178	0	1	0	0
179	0	0	0	0
180	0	0	0	0
181	0	2	0	0
182	0	1	0	0
183	0	1	0	0
184	0	0	0	0
185	0	0	0	0
186	0	2	0	0
187	0	1	0	0
188	0	1	0	0
189	0	3	0	0
190	1	1	0	0
191	0	0	0	0
192	3	4	0	0
193	0	1	0	0
194	4	4	0	0
195	4	2	0	0
196	3	4	0	0
197	10	4	0	0
198	9	2	0	0
199	19	3	0	0
200	17	7	0	0
201	29	7	0	0
202	36	9	0	0
203	42	8	0	0
204	57	11	0	0
205	75	14	0	0
206	91	20	0	0
207	116	22	0	0
208	154	24	0	0
209	173	43	0	0
210	258	63	0	0
211	343	92	0	0
212	521	127	0	0
213	690	189	0	0
214	1015	242	0	0
215	1425	350	0	0
216	2086	481	0	0
217	2752	619	0	0
218	3675	717	0	0
219	4740	956	0	0
220	5747	1186	0	0
221	6978	1310	0	0
222	8006	1651	0	0
223	8786	1901	0	0
224	9132	2192	0	0
225	9147	2514	0	0
226	8851	2708	0	0
227	7912	3052	0	0
228	6929	3350	0	0
229	6143	3567	0	0
230	5083	3919	0	0
231	4008	4137	0	0
232	3080	4286	0	0
233	2448	4736	0	0
234	1794	4722	0	0
235	1272	4906	0	0
236	923	5000	0	0
237	660	4799	0	0
238	438	4990	4939.784	0.6228771
239	330	4867	4978.758	-1.405802
240	243	4947	4930.432	0.2065075
241	147	4905	4814.335	1.135503
242	120	4696	4656.187	0.5109574
243	69	4400	4458.556	-0.7793719
244	44	4120	4235.266	-1.591475
245	38	4057	4001.252	0.7763424
246	23	3795	3763.711	0.452189
247	16	3529	3526.819	3.282103E-02
248	13	3286	3298.934	-0.2024289
249	6	3190	3082.59	1.70871
250	3	3000	2882.03	1.941177
251	4	2629	2696.041	-1.185895
252	4	2503	2523.503	-0.3725456
253	3	2373	2363.387	0.1798147
254	2	2202	2214.741	-0.2482288
255	4	2001	2076.69	-1.553117
256	1	1875	1948.426	-1.560546
257	0	1848	1829.203	0.4026505
258	0	1702	1718.334	-0.365752
259	1	1592	1615.187	-0.5381888
260	1	1514	1519.177	-0.1234525
261	1	1454	1429.766	0.5904977
262	0	1316	1346.457	-0.7827849
263	0	1306	1268.792	0.9602007
264	0	1228	1196.347	0.8440986
265	0	1113	1128.734	-0.4421199
266	0	1081	1065.592	0.4397108
267	0	1000	1006.59	-0.1960043
268	1	939	951.4216	-0.381956
269	1	906	899.804	0.1941614
270	0	840	851.4765	-0.3742815
271	0	809	806.1985	0.0931925
272	0	770	763.748	0.2134604
273	0	765	723.9196	1.40741
274	0	605	686.5241	-3.159023
275	0	663	651.3868	0.4289289
276	0	651	618.3461	1.217671
277	0	596	587.2527	0.3416214
278	0	583	557.9691	0.9889201
279	0	563	530.3678	1.312976
280	0	503	504.3313	-5.681009E-02
281	1	508	479.7507	1.199298
282	0	468	456.5256	0.5084071
283	0	464	434.5631	1.310133
284	0	435	413.7772	0.9768112
285	0	431	394.0883	1.707091
286	0	339	375.4231	-1.907974
287	0	357	357.7134	-3.638277E-02
288	0	340	340.8962	-4.687513E-02
289	0	317	324.9132	-0.4291695
290	0	312	309.7104	0.1252008
291	0	279	295.2376	-0.9406967
292	0	253	281.4487	-1.733411
293	0	248	268.3005	-1.24972
294	0	234	255.7532	-1.379835
295	0	253	243.7698	0.562408
296	0	244	232.3161	0.7253279
297	0	205	221.3601	-1.110827
298	0	192	210.8723	-1.325264
299	0	201	200.8252	1.198771E-02
300	0	177	191.1934	-1.039188
301	0	202	181.953	1.371518
302	0	166	173.0819	-0.5358548
303	0	176	164.5597	0.8400553
304	0	161	156.3672	0.3560828
305	0	148	148.4865	-3.903739E-02
306	0	143	140.901	0.1714284
307	0	158	133.5953	1.893924
308	0	127	126.5548	3.863483E-02
309	0	131	119.7661	0.9595475
310	0	103	113.2165	-0.9866366
311	0	113	0	0
312	0	97	0	0
313	0	117	0	0
314	0	114	0	0
315	0	112	0	0
316	0	105	0	0
317	0	90	0	0
318	0	100	0	0
319	0	87	0	0
320	0	81	0	0
321	0	78	0	0
322	0	73	0	0
323	0	89	0	0
324	0	70	0	0
325	0	68	0	0
326	0	69	0	0
327	0	58	0	0
328	0	60	0	0
329	0	57	0	0
330	0	61	0	0
331	0	62	0	0
332	0	52	0	0
333	0	37	0	0
334	0	52	0	0
335	0	49	0	0
336	0	40	0	0
337	0	39	0	0
338	0	50	0	0
339	0	54	0	0
340	0	49	0	0
341	0	44	0	0
342	0	36	0	0
343	0	33	0	0
344	0	43	0	0
345	0	46	0	0
346	0	29	0	0
347	0	24	0	0
348	0	36	0	0
349	0	40	0	0
350	0	35	0	0
351	0	30	0	0
352	0	24	0	0
353	0	23	0	0
354	0	38	0	0
355	0	30	0	0
356	0	35	0	0
357	0	35	0	0
358	0	24	0	0
359	0	20	0	0
360	0	19	0	0
361	0	20	0	0
362	0	12	0	0
363	0	13	0	0
364	0	25	0	0
365	1	28	0	0
366	0	25	0	0
367	0	24	0	0
368	0	23	0	0
369	0	26	0	0
370	0	15	0	0
371	0	15	0	0
372	0	16	0	0
373	0	23	0	0
374	0	21	0	0
375	0	13	0	0
376	0	18	0	0
377	0	13	0	0
378	0	14	0	0
379	0	17	0	0
380	0	11	0	0
381	0	13	0	0
382	0	18	0	0
383	0	14	0	0
384	0	14	0	0
385	0	11	0	0
386	0	17	0	0
387	0	12	0	0
388	0	16	0	0
389	0	10	0	0
390	0	13	0	0
391	0	8	0	0
392	0	9	0	0
393	0	15	0	0
394	0	10	0	0
395	0	9	0	0
396	0	15	0	0
397	0	9	0	0
398	0	11	0	0
399	0	16	0	0
400	0	8	0	0
401	0	13	0	0
402	1	14	0	0
403	0	7	0	0
404	0	8	0	0
405	0	10	0	0
406	0	7	0	0
407	0	9	0	0
408	0	9	0	0
409	0	8	0	0
410	0	10	0	0
411	0	15	0	0
412	0	8	0	0
413	0	5	0	0
414	0	14	0	0
415	0	8	0	0
416	0	12	0	0
417	0	7	0	0
418	0	8	0	0
419	0	9	0	0
420	0	4	0	0
421	0	6	0	0
422	0	13	0	0
423	0	8	0	0
424	0	7	0	0
425	0	11	0	0
426	0	8	0	0
427	0	6	0	0
428	0	5	0	0
429	0	10	0	0
430	0	9	0	0
431	0	3	0	0
432	0	9	0	0
433	0	6	0	0
434	0	8	0	0
435	1	10	0	0
436	0	6	0	0
437	0	8	0	0
438	0	4	0	0
439	0	4	0	0
440	0	8	0	0
441	0	9	0	0
442	0	9	0	0
443	0	9	0	0
444	0	5	0	0
445	0	10	0	0
446	0	9	0	0
447	0	11	0	0
448	0	8	0	0
449	0	6	0	0
450	0	8	0	0
451	0	9	0	0
452	0	5	0	0
453	0	4	0	0
454	0	5	0	0
455	0	10	0	0
456	0	8	0	0
457	0	6	0	0
458	0	5	0	0
459	0	4	0	0
460	0	4	0	0
461	0	3	0	0
462	0	7	0	0
463	0	8	0	0
464	0	3	0	0
465	0	8	0	0
466	0	3	0	0
467	0	5	0	0
468	0	3	0	0
469	0	3	0	0
470	0	7	0	0
471	0	8	0	0
472	0	4	0	0
473	0	5	0	0
474	0	3	0	0
475	1	4	0	0
476	1	5	0	0
477	0	4	0	0
478	0	6	0	0
479	0	2	0	0
480	0	6	0	0
481	1	4	0	0
482	4	6	0	0
483	0	6	0	0
484	0	2	0	0
485	1	6	0	0
486	2	5	0	0
487	0	5	0	0
488	0	1	0	0
489	0	8	0	0
490	0	4	0	0
491	0	5	0	0
492	2	3	0	0
493	0	5	0	0
494	0	1	0	0
495	0	5	0	0
496	1	1	0	0
497	1	3	0	0
498	1	4	0	0
499	2	2	0	0
500	1	4	0	0
501	1	4	0	0
502	2	2	0	0
503	0	3	0	0
504	4	4	0	0
505	4	6	0	0
506	1	3	0	0
507	2	4	0	0
508	4	4	0	0
509	3	3	0	0
510	3	5	0	0
511	0	2	0	0
512	2	6	0	0
513	2	4	0	0
514	1	6	0	0
515	3	1	0	0
516	1	6	0	0
517	1	0	0	0
518	1	3	0	0
519	3	4	0	0
520	1	3	0	0
521	1	3	0	0
522	3	2	0	0
523	0	5	0	0
524	2	1	0	0
525	1	1	0	0
526	0	6	0	0
527	1	2	0	0
528	2	5	0	0
529	0	1	0	0
530	1	4	0	0
531	2	1	0	0
532	0	2	0	0
533	2	5	0	0
534	5	3	0	0
535	0	2	0	0
536	2	2	0	0
537	0	4	0	0
538	1	3	0	0
539	3	2	0	0
540	2	3	0	0
541	2	2	0	0
542	0	6	0	0
543	1	0	0	0
544	1	2	0	0
545	0	3	0	0
546	0	4	0	0
547	1	3	0	0
548	0	4	0	0
549	1	1	0	0
550	1	2	0	0
551	1	3	0	0
552	2	3	0	0
553	1	2	0	0
554	0	6	0	0
555	0	1	0	0
556	1	5	0	0
557	0	4	0	0
558	1	1	0	0
559	3	5	0	0
560	0	6	0	0
561	0	2	0	0
562	1	2	0	0
563	0	2	0	0
564	0	3	0	0
565	4	2	0	0
566	1	2	0	0
567	2	0	0	0
568	2	2	0	0
569	0	0	0	0
570	3	3	0	0
571	0	3	0	0
572	1	2	0	0
573	3	1	0	0
574	0	1	0	0
575	0	3	0	0
576	2	3	0	0
577	1	2	0	0
578	1	2	0	0
579	0	5	0	0
580	1	3	0	0
581	1	0	0	0
582	1	5	0	0
583	0	3	0	0
584	0	0	0	0
585	0	2	0	0
586	1	1	0	0
587	1	4	0	0
588	0	1	0	0
589	0	1	0	0
590	0	1	0	0
591	1	3	0	0
592	2	1	0	0
593	1	2	0	0
594	0	3	0	0
595	0	2	0	0
596	0	3	0	0
597	2	2	0	0
598	0	3	0	0
599	3	5	0	0
600	1	2	0	0
601	0	1	0	0
602	0	2	0	0
603	0	2	0	0
604	0	4	0	0
605	1	2	0	0
606	1	3	0	0
607	0	3	0	0
608	2	4	0	0
609	2	5	0	0
610	1	1	0	0
611	0	4	0	0
612	0	4	0	0
613	1	2	0	0
614	1	4	0	0
615	0	4	0	0
616	2	3	0	0
617	2	3	0	0
618	2	1	0	0
619	2	5	0	0
620	2	2	0	0
621	0	1	0	0
622	1	2	0	0
623	0	3	0	0
624	0	0	0	0
625	0	7	0	0
626	1	3	0	0
627	2	3	0	0
628	0	3	0	0
629	1	3	0	0
630	1	1	0	0
631	0	4	0	0
632	0	1	0	0
633	0	2	0	0
634	0	2	0	0
635	2	3	0	0
636	0	3	0	0
637	2	2	0	0
638	1	3	0	0
639	1	4	0	0
640	1	2	0	0
641	0	3	0	0
642	1	0	0	0
643	1	3	0	0
644	1	3	0	0
645	0	2	0	0
646	2	2	0	0
647	1	0	0	0
648	1	6	0	0
649	0	0	0	0
650	2	0	0	0
651	0	3	0	0
652	1	2	0	0
653	1	1	0	0
654	1	1	0	0
655	0	1	0	0
656	0	0	0	0
657	1	5	0	0
658	0	3	0	0
659	2	1	0	0
660	1	1	0	0
661	2	1	0	0
662	1	3	0	0
663	1	1	0	0
664	2	1	0	0
665	3	4	0	0
666	0	5	0	0
667	1	3	0	0
668	2	1	0	0
669	1	1	0	0
670	1	2	0	0
671	1	2	0	0
672	1	5	0	0
673	2	1	0	0
674	1	1	0	0
675	0	4	0	0
676	1	2	0	0
677	1	1	0	0
678	0	2	0	0
679	1	6	0	0
680	1	1	0	0
681	3	1	0	0
682	1	4	0	0
683	1	1	0	0
684	1	2	0	0
685	2	1	0	0
686	2	0	0	0
687	3	2	0	0
688	2	2	0	0
689	4	2	0	0
690	2	3	0	0
691	0	1	0	0
692	1	1	0	0
693	0	4	0	0
694	3	3	0	0
695	1	3	0	0
696	0	3	0	0
697	2	5	0	0
698	1	2	0	0
699	2	4	0	0
700	1	2	0	0
701	1	0	0	0
702	0	3	0	0
703	1	1	0	0
704	1	4	0	0
705	0	1	0	0
706	3	3	0	0
707	0	2	0	0
708	2	2	0	0
709	0	2	0	0
710	1	3	0	0
711	1	5	0	0
712	1	0	0	0
713	1	2	0	0
714	0	5	0	0
715	3	1	0	0
716	1	3	0	0
717	1	1	0	0
718	2	0	0	0
719	2	3	0	0
720	0	2	0	0
721	2	1	0	0
722	1	0	0	0
723	0	3	0	0
724	1	4	0	0
725	3	1	0	0
726	0	1	0	0
727	1	0	0	0
728	2	3	0	0
729	1	6	0	0
730	0	3	0	0
731	1	2	0	0
732	3	4	0	0
733	0	1	0	0
734	0	2	0	0
735	4	1	0	0
736	2	2	0	0
737	0	3	0	0
738	1	3	0	0
739	3	1	0	0
740	2	3	0	0
741	1	3	0	0
742	1	0	0	0
743	1	2	0	0
744	0	1	0	0
745	0	3	0	0
746	1	4	0	0
747	3	2	0	0
748	3	0	0	0
749	2	3	0	0
750	2	3	0	0
751	0	3	0	0
752	1	1	0	0
753	0	3	0	0
754	0	4	0	0
755	0	0	0	0
756	0	2	0	0
757	0	3	0	0
758	2	0	0	0
759	0	2	0	0
760	1	1	0	0
761	0	1	0	0
762	1	0	0	0
763	0	3	0	0
764	1	3	0	0
765	0	1	0	0
766	1	3	0	0
767	1	3	0	0
768	2	2	0	0
769	0	0	0	0
770	0	3	0	0
771	0	2	0	0
772	0	1	0	0
773	1	4	0	0
774	0	2	0	0
775	1	5	0	0
776	0	1	0	0
777	1	1	0	0
778	0	2	0	0
779	0	1	0	0
780	0	2	0	0
781	0	0	0	0
782	1	3	0	0
783	0	6	0	0
784	0	1	0	0
785	1	2	0	0
786	0	4	0	0
787	1	1	0	0
788	0	3	0	0
789	0	0	0	0
790	0	0	0	0
791	2	0	0	0
792	2	4	0	0
793	0	1	0	0
794	0	0	0	0
795	1	3	0	0
796	2	1	0	0
797	0	2	0	0
798	1	1	0	0
799	0	5	0	0
800	2	4	0	0
801	1	1	0	0
802	0	1	0	0
803	1	5	0	0
804	0	5	0	0
805	0	1	0	0
806	0	0	0	0
807	0	2	0	0
808	0	4	0	0
809	2	1	0	0
810	0	1	0	0
811	4	2	0	0
812	0	2	0	0
813	2	0	0	0
814	0	1	0	0
815	2	1	0	0
816	0	0	0	0
817	0	2	0	0
818	0	0	0	0
819	0	0	0	0
820	0	0	0	0
821	3	1	0	0
822	1	2	0	0
823	0	2	0	0
824	0	1	0	0
825	0	4	0	0
826	1	2	0	0
827	0	2	0	0
828	1	1	0	0
829	0	2	0	0
830	0	2	0	0
831	0	2	0	0
832	0	2	0	0
833	1	3	0	0
834	1	0	0	0
835	0	4	0	0
836	1	1	0	0
837	1	3	0	0
838	2	0	0	0
839	0	1	0	0
840	0	1	0	0
841	0	0	0	0
842	1	3	0	0
843	0	3	0	0
844	0	3	0	0
845	0	4	0	0
846	0	0	0	0
847	1	3	0	0
848	1	1	0	0
849	0	1	0	0
850	1	1	0	0
851	1	1	0	0
852	1	1	0	0
853	0	0	0	0
854	0	0	0	0
855	1	2	0	0
856	0	0	0	0
857	1	3	0	0
858	0	1	0	0
859	0	1	0	0
860	1	2	0	0
861	0	1	0	0
862	0	1	0	0
863	0	0	0	0
864	0	2	0	0
865	1	1	0	0
866	0	1	0	0
867	0	0	0	0
868	0	2	0	0
869	2	1	0	0
870	0	1	0	0
871	0	2	0	0
872	0	0	0	0
873	1	1	0	0
874	1	0	0	0
875	0	1	0	0
876	0	2	0	0
877	0	0	0	0
878	1	1	0	0
879	0	3	0	0
880	0	2	0	0
881	1	0	0	0
882	3	1	0	0
883	0	2	0	0
884	0	4	0	0
885	0	0	0	0
886	0	0	0	0
887	0	1	0	0
888	1	1	0	0
889	1	0	0	0
890	0	1	0	0
891	0	0	0	0
892	0	1	0	0
893	0	2	0	0
894	0	0	0	0
895	0	2	0	0
896	0	0	0	0
897	1	0	0	0
898	0	2	0	0
899	0	3	0	0
900	0	1	0	0
901	0	3	0	0
902	0	0	0	0
903	0	3	0	0
904	0	2	0	0
905	0	0	0	0
906	0	0	0	0
907	0	1	0	0
908	0	0	0	0
909	0	4	0	0
910	1	0	0	0
911	0	2	0	0
912	0	3	0	0
913	1	0	0	0
914	0	0	0	0
915	0	3	0	0
916	0	2	0	0
917	1	2	0	0
918	1	2	0	0
919	1	1	0	0
920	0	2	0	0
921	0	1	0	0
922	1	6	0	0
923	0	1	0	0
924	0	3	0	0
925	0	1	0	0
926	0	0	0	0
927	1	1	0	0
928	0	3	0	0
929	0	2	0	0
930	0	1	0	0
931	0	1	0	0
932	0	1	0	0
933	0	2	0	0
934	1	3	0	0
935	0	4	0	0
936	0	3	0	0
937	0	0	0	0
938	0	1	0	0
939	0	4	0	0
940	0	1	0	0
941	0	1	0	0
942	0	2	0	0
943	0	0	0	0
944	0	5	0	0
945	0	2	0	0
946	1	2	0	0
947	0	1	0	0
948	0	1	0	0
949	0	1	0	0
950	0	0	0	0
951	0	0	0	0
952	1	2	0	0
953	0	1	0	0
954	0	1	0	0
955	0	0	0	0
956	0	1	0	0
957	0	1	0	0
958	0	2	0	0
959	0	0	0	0
960	0	2	0	0
961	0	3	0	0
962	0	0	0	0
963	1	1	0	0
964	0	1	0	0
965	0	0	0	0
966	0	1	0	0
967	1	0	0	0
968	1	0	0	0
969	1	1	0	0
970	0	1	0	0
971	0	1	0	0
972	0	1	0	0
973	1	3	0	0
974	0	0	0	0
975	0	2	0	0
976	1	1	0	0
977	0	0	0	0
978	0	0	0	0
979	1	3	0	0
980	0	3	0	0
981	0	5	0	0
982	0	1	0	0
983	0	2	0	0
984	0	2	0	0
985	0	1	0	0
986	0	2	0	0
987	0	0	0	0
988	0	1	0	0
989	2	2	0	0
990	0	1	0	0
991	0	0	0	0
992	0	3	0	0
993	0	1	0	0
994	0	4	0	0
995	0	3	0	0
996	0	2	0	0
997	0	3	0	0
998	0	1	0	0
999	0	3	0	0
1000	1	1	0	0
1001	1	2	0	0
1002	0	1	0	0
1003	1	2	0	0
1004	0	1	0	0
1005	0	0	0	0
1006	0	0	0	0
1007	0	1	0	0
1008	0	2	0	0
1009	0	1	0	0
1010	0	1	0	0
1011	0	1	0	0
1012	0	2	0	0
1013	0	2	0	0
1014	0	0	0	0
1015	0	1	0	0
1016	0	0	0	0
1017	0	0	0	0
1018	0	5	0	0
1019	0	2	0	0
1020	0	1	0	0
1021	0	0	0	0
1022	0	3	0	0
1023	0	2	0	0
1024	0	1	0	0
1025	0	2	0	0
1026	1	1	0	0
1027	0	1	0	0
1028	0	1	0	0
1029	0	1	0	0
1030	0	0	0	0
1031	1	1	0	0
1032	1	0	0	0
1033	1	1	0	0
1034	1	0	0	0
1035	1	2	0	0
1036	0	3	0	0
1037	0	1	0	0
1038	0	3	0	0
1039	0	2	0	0
1040	1	4	0	0
1041	0	2	0	0
1042	0	0	0	0
1043	0	1	0	0
1044	0	2	0	0
1045	0	0	0	0
1046	0	1	0	0
1047	0	0	0	0
1048	0	0	0	0
1049	0	1	0	0
1050	1	1	0	0
1051	1	0	0	0
1052	0	0	0	0
1053	0	1	0	0
1054	0	1	0	0
1055	0	1	0	0
1056	1	1	0	0
1057	0	2	0	0
1058	0	0	0	0
1059	0	1	0	0
1060	0	1	0	0
1061	0	3	0	0
1062	1	2	0	0
1063	0	1	0	0
1064	0	2	0	0
1065	0	0	0	0
1066	0	0	0	0
1067	0	1	0	0
1068	0	1	0	0
1069	0	3	0	0
1070	0	2	0	0
1071	0	3	0	0
1072	0	4	0	0
1073	0	0	0	0
1074	0	1	0	0
1075	1	1	0	0
1076	0	4	0	0
1077	1	1	0	0
1078	0	1	0	0
1079	0	0	0	0
1080	1	2	0	0
1081	1	2	0	0
1082	0	1	0	0
1083	0	2	0	0
1084	0	3	0	0
1085	1	0	0	0
1086	0	2	0	0
1087	1	0	0	0
1088	1	0	0	0
1089	0	1	0	0
1090	0	0	0	0
1091	0	0	0	0
1092	0	2	0	0
1093	1	1	0	0
1094	0	2	0	0
1095	1	2	0	0
1096	0	0	0	0
1097	0	2	0	0
1098	0	0	0	0
1099	0	0	0	0
1100	0	0	0	0
1101	0	1	0	0
1102	0	2	0	0
1103	0	1	0	0
1104	0	0	0	0
1105	2	1	0	0
1106	0	4	0	0
1107	0	0	0	0
1108	1	0	0	0
1109	0	2	0	0
1110	1	1	0	0
1111	0	2	0	0
1112	0	1	0	0
1113	0	1	0	0
1114	0	3	0	0
1115	0	0	0	0
1116	1	1	0	0
1117	0	1	0	0
1118	2	2	0	0
1119	0	2	0	0
1120	0	1	0	0
1121	0	5	0	0
1122	3	1	0	0
1123	0	2	0	0
1124	0	0	0	0
1125	1	1	0	0
1126	0	1	0	0
1127	0	0	0	0
1128	1	2	0	0
1129	1	0	0	0
1130	0	1	0	0
1131	0	1	0	0
1132	0	0	0	0
1133	0	0	0	0
1134	0	0	0	0
1135	1	1	0	0
1136	0	4	0	0
1137	0	1	0	0
1138	1	1	0	0
1139	0	1	0	0
1140	0	1	0	0
1141	0	0	0	0
1142	0	1	0	0
1143	0	0	0	0
1144	0	1	0	0
1145	1	1	0	0
1146	0	1	0	0
1147	0	0	0	0
1148	0	1	0	0
1149	0	1	0	0
1150	0	1	0	0
1151	0	3	0	0
1152	0	1	0	0
1153	0	3	0	0
1154	0	2	0	0
1155	0	1	0	0
1156	1	2	0	0
1157	1	1	0	0
1158	0	0	0	0
1159	0	2	0	0
1160	0	1	0	0
1161	0	0	0	0
1162	1	2	0	0
1163	0	3	0	0
1164	1	0	0	0
1165	1	1	0	0
1166	1	0	0	0
1167	0	1	0	0
1168	1	2	0	0
1169	0	2	0	0
1170	0	3	0	0
1171	0	3	0	0
1172	0	1	0	0
1173	0	3	0	0
1174	0	4	0	0
1175	1	1	0	0
1176	0	1	0	0
1177	0	0	0	0
1178	2	0	0	0
1179	0	3	0	0
1180	0	0	0	0
1181	0	0	0	0
1182	0	0	0	0
1183	0	1	0	0
1184	1	2	0	0
1185	0	2	0	0
1186	0	0	0	0
1187	0	1	0	0
1188	0	2	0	0
1189	1	0	0	0
1190	0	0	0	0
1191	0	1	0	0
1192	0	0	0	0
1193	0	2	0	0
1194	1	3	0	0
1195	1	1	0	0
1196	0	2	0	0
1197	0	1	0	0
1198	1	1	0	0
1199	0	3	0	0
1200	0	0	0	0
1201	0	1	0	0
1202	2	1	0	0
1203	1	1	0	0
1204	0	1	0	0
1205	0	0	0	0
1206	1	1	0	0
1207	1	0	0	0
1208	0	1	0	0
1209	0	0	0	0
1210	1	0	0	0
1211	1	1	0	0
1212	1	1	0	0
1213	1	2	0	0
1214	0	2	0	0
1215	0	1	0	0
1216	0	1	0	0
1217	2	3	0	0
1218	0	0	0	0
1219	0	3	0	0
1220	0	1	0	0
1221	0	2	0	0
1222	0	0	0	0
1223	1	0	0	0
1224	0	0	0	0
1225	1	0	0	0
1226	0	0	0	0
1227	0	3	0	0
1228	0	2	0	0
1229	2	3	0	0
1230	0	2	0	0
1231	0	2	0	0
1232	1	1	0	0
1233	1	0	0	0
1234	0	2	0	0
1235	0	1	0	0
1236	1	2	0	0
1237	1	2	0	0
1238	0	1	0	0
1239	1	0	0	0
1240	1	2	0	0
1241	2	2	0	0
1242	0	0	0	0
1243	0	1	0	0
1244	0	3	0	0
1245	0	2	0	0
1246	0	1	0	0
1247	0	1	0	0
1248	0	0	0	0
1249	0	1	0	0
1250	0	1	0	0
1251	0	0	0	0
1252	0	2	0	0
1253	0	1	0	0
1254	0	0	0	0
1255	0	1	0	0
1256	0	2	0	0
1257	0	0	0	0
1258	1	3	0	0
1259	0	2	0	0
1260	0	3	0	0
1261	1	1	0	0
1262	0	1	0	0
1263	1	0	0	0
1264	0	1	0	0
1265	2	0	0	0
1266	2	2	0	0
1267	0	1	0	0
1268	1	0	0	0
1269	0	0	0	0
1270	1	2	0	0
1271	2	2	0	0
1272	0	1	0	0
1273	1	0	0	0
1274	0	2	0	0
1275	0	0	0	0
1276	0	0	0	0
1277	0	2	0	0
1278	1	2	0	0
1279	0	2	0	0
1280	0	0	0	0
1281	0	2	0	0
1282	0	2	0	0
1283	1	1	0	0
1284	1	0	0	0
1285	0	1	0	0
1286	0	2	0	0
1287	0	3	0	0
1288	1	0	0	0
1289	0	1	0	0
1290	1	2	0	0
1291	1	0	0	0
1292	1	0	0	0
1293	0	0	0	0
1294	1	1	0	0
1295	0	0	0	0
1296	0	3	0	0
1297	1	2	0	0
1298	0	3	0	0
1299	0	0	0	0
1300	0	2	0	0
1301	0	0	0	0
1302	1	0	0	0
1303	0	1	0	0
1304	2	3	0	0
1305	1	0	0	0
1306	0	2	0	0
1307	0	2	0	0
1308	0	1	0	0
1309	0	2	0	0
1310	1	4	0	0
1311	0	3	0	0
1312	3	3	0	0
1313	1	1	0	0
1314	0	1	0	0
1315	0	0	0	0
1316	0	2	0	0
1317	2	0	0	0
1318	0	4	0	0
1319	3	1	0	0
1320	0	0	0	0
1321	3	2	0	0
1322	0	0	0	0
1323	0	0	0	0
1324	2	3	0	0
1325	1	3	0	0
1326	1	1	0	0
1327	1	1	0	0
1328	0	1	0	0
1329	3	1	0	0
1330	0	1	0	0
1331	0	1	0	0
1332	1	2	0	0
1333	2	0	0	0
1334	0	2	0	0
1335	0	0	0	0
1336	1	0	0	0
1337	3	0	0	0
1338	0	1	0	0
1339	0	0	0	0
1340	1	2	0	0
1341	0	1	0	0
1342	2	0	0	0
1343	0	0	0	0
1344	1	2	0	0
1345	2	1	0	0
1346	1	3	0	0
1347	1	1	0	0
1348	0	0	0	0
1349	1	1	0	0
1350	2	0	0	0
1351	0	1	0	0
1352	0	0	0	0
1353	2	1	0	0
1354	2	1	0	0
1355	1	1	0	0
1356	1	2	0	0
1357	0	3	0	0
1358	2	1	0	0
1359	0	4	0	0
1360	2	0	0	0
1361	1	1	0	0
1362	0	1	0	0
1363	0	3	0	0
1364	0	1	0	0
1365	0	1	0	0
1366	1	0	0	0
1367	1	0	0	0
1368	0	1	0	0
1369	0	0	0	0
1370	2	3	0	0
1371	1	0	0	0
1372	1	2	0	0
1373	1	1	0	0
1374	1	0	0	0
1375	2	3	0	0
1376	2	3	0	0
1377	0	2	0	0
1378	2	1	0	0
1379	1	1	0	0
1380	1	0	0	0
1381	0	1	0	0
1382	0	0	0	0
1383	1	5	0	0
1384	0	3	0	0
1385	0	0	0	0
1386	1	2	0	0
1387	0	2	0	0
1388	4	0	0	0
1389	0	1	0	0
1390	0	0	0	0
1391	1	0	0	0
1392	1	2	0	0
1393	0	1	0	0
1394	1	1	0	0
1395	0	1	0	0
1396	1	1	0	0
1397	0	1	0	0
1398	1	1	0	0
1399	1	2	0	0
1400	0	1	0	0
1401	0	2	0	0
1402	0	2	0	0
1403	0	1	0	0
1404	0	0	0	0
1405	0	0	0	0
1406	1	0	0	0
1407	0	2	0	0
1408	0	1	0	0
1409	3	0	0	0
1410	1	0	0	0
1411	3	1	0	0
1412	0	0	0	0
1413	1	2	0	0
1414	1	1	0	0
1415	1	1	0	0
1416	0	1	0	0
1417	1	0	0	0
1418	1	2	0	0
1419	1	1	0	0
1420	0	4	0	0
1421	0	1	0	0
1422	1	1	0	0
1423	1	2	0	0
1424	0	2	0	0
1425	0	2	0	0
1426	1	2	0	0
1427	0	3	0	0
1428	2	4	0	0
1429	0	4	0	0
1430	0	0	0	0
1431	0	0	0	0
1432	0	4	0	0
1433	1	0	0	0
1434	1	0	0	0
1435	2	1	0	0
1436	0	0	0	0
1437	1	0	0	0
1438	0	2	0	0
1439	4	1	0	0
1440	1	2	0	0
1441	0	1	0	0
1442	2	0	0	0
1443	2	1	0	0
1444	0	0	0	0
1445	1	0	0	0
1446	0	1	0	0
1447	0	0	0	0
1448	0	0	0	0
1449	3	2	0	0
1450	0	0	0	0
1451	0	1	0	0
1452	0	3	0	0
1453	2	0	0	0
1454	0	2	0	0
1455	4	0	0	0
1456	0	6	0	0
1457	2	4	0	0
1458	1	2	0	0
1459	0	0	0	0
1460	1	0	0	0
1461	0	0	0	0
1462	1	1	0	0
1463	0	2	0	0
1464	1	3	0	0
1465	0	0	0	0
1466	1	0	0	0
1467	1	0	0	0
1468	2	0	0	0
1469	3	0	0	0
1470	0	1	0	0
1471	0	2	0	0
1472	1	0	0	0
1473	0	6	0	0
1474	0	1	0	0
1475	2	1	0	0
1476	0	0	0	0
1477	0	1	0	0
1478	0	2	0	0
1479	1	1	0	0
1480	0	2	0	0
1481	0	0	0	0
1482	1	2	0	0
1483	0	0	0	0
1484	1	1	0	0
1485	1	0	0	0
1486	1	3	0	0
1487	0	4	0	0
1488	0	1	0	0
1489	1	1	0	0
1490	2	1	0	0
1491	2	0	0	0
1492	1	1	0	0
1493	1	3	0	0
1494	0	0	0	0
1495	0	1	0	0
1496	0	1	0	0
1497	0	1	0	0
1498	0	0	0	0
1499	1	0	0	0
1500	1	1	0	0
1501	0	2	0	0
1502	0	3	0	0
1503	0	2	0	0
1504	1	3	0	0
1505	1	2	0	0
1506	2	2	0	0
1507	0	2	0	0
1508	1	2	0	0
1509	0	1	0	0
1510	2	0	0	0
1511	1	0	0	0
1512	1	1	0	0
1513	0	4	0	0
1514	1	0	0	0
1515	0	4	0	0
1516	1	1	0	0
1517	0	0	0	0
1518	1	1	0	0
1519	3	1	0	0
1520	1	0	0	0
1521	3	1	0	0
1522	1	1	0	0
1523	0	1	0	0
1524	0	1	0	0
1525	1	3	0	0
1526	2	1	0	0
1527	1	0	0	0
1528	2	1	0	0
1529	0	2	0	0
1530	0	0	0	0
1531	0	2	0	0
1532	1	1	0	0
1533	1	2	0	0
1534	0	1	0	0
1535	0	2	0	0
1536	1	1	0	0
1537	1	2	0	0
1538	1	3	0	0
1539	3	1	0	0
1540	1	1	0	0
1541	3	2	0	0
1542	3	1	0	0
1543	0	2	0	0
1544	1	1	0	0
1545	0	1	0	0
1546	0	1	0	0
1547	0	2	0	0
1548	2	0	0	0
1549	0	0	0	0
1550	1	1	0	0
1551	1	3	0	0
1552	0	1	0	0
1553	1	2	0	0
1554	2	3	0	0
1555	0	0	0	0
1556	1	0	0	0
1557	1	0	0	0
1558	0	4	0	0
1559	0	2	0	0
1560	2	0	0	0
1561	1	0	0	0
1562	0	2	0	0
1563	3	1	0	0
1564	0	0	0	0
1565	1	2	0	0
1566	0	1	0	0
1567	2	3	0	0
1568	4	1	0	0
1569	2	2	0	0
1570	1	4	0	0
1571	1	2	0	0
1572	2	3	0	0
1573	0	2	0	0
1574	1	3	0	0
1575	1	0	0	0
1576	1	0	0	0
1577	1	1	0	0
1578	2	1	0	0
1579	0	0	0	0
1580	0	0	0	0
1581	0	0	0	0
1582	0	2	0	0
1583	1	3	0	0
1584	2	1	0	0
1585	2	2	0	0
1586	1	0	0	0
1587	1	1	0	0
1588	1	0	0	0
1589	1	2	0	0
1590	0	1	0	0
1591	3	2	0	0
1592	2	0	0	0
1593	1	1	0	0
1594	1	2	0	0
1595	2	4	0	0
1596	1	1	0	0
1597	0	1	0	0
1598	0	2	0	0
1599	1	0	0	0
1600	1	2	0	0
1601	2	0	0	0
1602	1	2	0	0
1603	2	0	0	0
1604	1	2	0	0
1605	0	1	0	0
1606	0	4	0	0
1607	0	0	0	0
1608	2	2	0	0
1609	2	0	0	0
1610	0	0	0	0
1611	1	0	0	0
1612	3	1	0	0
1613	1	0	0	0
1614	1	1	0	0
1615	1	1	0	0
1616	0	1	0	0
1617	2	1	0	0
1618	0	4	0	0
1619	1	1	0	0
1620	1	0	0	0
1621	1	2	0	0
1622	1	3	0	0
1623	0	3	0	0
1624	1	2	0	0
1625	0	1	0	0
1626	3	0	0	0
1627	2	2	0	0
1628	0	0	0	0
1629	0	1	0	0
1630	0	1	0	0
1631	0	1	0	0
1632	1	1	0	0
1633	1	0	0	0
1634	1	2	0	0
1635	0	3	0	0
1636	1	0	0	0
1637	0	2	0	0
1638	0	4	0	0
1639	2	1	0	0
1640	1	1	0	0
1641	0	2	0	0
1642	0	1	0	0
1643	4	1	0	0
1644	3	1	0	0
1645	1	3	0	0
1646	2	2	0	0
1647	0	1	0	0
1648	0	1	0	0
1649	0	2	0	0
1650	3	3	0	0
1651	1	1	0	0
1652	1	0	0	0
1653	1	3	0	0
1654	1	1	0	0
1655	1	3	0	0
1656	0	0	0	0
1657	0	1	0	0
1658	3	2	0	0
1659	1	1	0	0
1660	2	2	0	0
1661	0	1	0	0
1662	0	0	0	0
1663	1	2	0	0
1664	2	0	0	0
1665	2	0	0	0
1666	0	2	0	0
1667	0	1	0	0
1668	1	1	0	0
1669	1	2	0	0
1670	2	1	0	0
1671	1	2	0	0
1672	1	1	0	0
1673	1	1	0	0
1674	0	0	0	0
1675	1	0	0	0
1676	2	0	0	0
1677	1	0	0	0
1678	2	3	0	0
1679	3	0	0	0
1680	1	3	0	0
1681	0	0	0	0
1682	3	0	0	0
1683	0	2	0	0
1684	4	1	0	0
1685	0	0	0	0
1686	1	2	0	0
1687	0	0	0	0
1688	1	1	0	0
1689	0	1	0	0
1690	1	1	0	0
1691	1	1	0	0
1692	3	3	0	0
1693	3	4	0	0
1694	3	1	0	0
1695	1	2	0	0
1696	1	0	0	0
1697	1	1	0	0
1698	0	0	0	0
1699	0	1	0	0
1700	1	1	0	0
1701	3	0	0	0
1702	1	2	0	0
1703	2	0	0	0
1704	1	0	0	0
1705	1	1	0	0
1706	1	3	0	0
1707	2	2	0	0
1708	0	4	0	0
1709	4	2	0	0
1710	0	1	0	0
1711	1	2	0	0
1712	0	2	0	0
1713	1	2	0	0
1714	0	2	0	0
1715	1	3	0	0
1716	1	1	0	0
1717	2	1	0	0
1718	2	3	0	0
1719	1	0	0	0
1720	0	0	0	0
1721	2	2	0	0
1722	0	3	0	0
1723	2	2	0	0
1724	1	1	0	0
1725	1	1	0	0
1726	1	2	0	0
1727	0	4	0	0
1728	0	0	0	0
1729	0	1	0	0
1730	0	3	0	0
1731	2	1	0	0
1732	1	3	0	0
1733	1	2	0	0
1734	1	2	0	0
1735	0	0	0	0
1736	0	2	0	0
1737	1	1	0	0
1738	2	1	0	0
1739	1	0	0	0
1740	0	2	0	0
1741	1	4	0	0
1742	0	1	0	0
1743	0	1	0	0
1744	1	1	0	0
1745	1	0	0	0
1746	2	3	0	0
1747	2	3	0	0
1748	1	0	0	0
1749	1	2	0	0
1750	3	1	0	0
1751	0	3	0	0
1752	0	1	0	0
1753	1	0	0	0
1754	1	0	0	0
1755	0	0	0	0
1756	0	1	0	0
1757	2	0	0	0
1758	0	1	0	0
1759	1	1	0	0
1760	1	1	0	0
1761	5	3	0	0
1762	0	2	0	0
1763	1	1	0	0
1764	2	1	0	0
1765	1	0	0	0
1766	0	1	0	0
1767	2	3	0	0
1768	1	0	0	0
1769	1	1	0	0
1770	0	1	0	0
1771	0	0	0	0
1772	2	2	0	0
1773	1	3	0	0
1774	2	3	0	0
1775	1	1	0	0
1776	2	1	0	0
1777	1	0	0	0
1778	1	2	0	0
1779	1	1	0	0
1780	0	4	0	0
1781	0	3	0	0
1782	1	0	0	0
1783	0	1	0	0
1784	2	0	0	0
1785	1	1	0	0
1786	0	2	0	0
1787	1	0	0	0
1788	0	0	0	0
1789	2	0	0	0
1790	0	0	0	0
1791	1	3	0	0
1792	1	2	0	0
1793	2	2	0	0
1794	2	4	0	0
1795	1	0	0	0
1796	0	0	0	0
1797	3	0	0	0
1798	1	3	0	0
1799	1	1	0	0
1800	3	1	0	0
1801	0	0	0	0
1802	2	1	0	0
1803	4	0	0	0
1804	2	4	0	0
1805	2	4	0	0
1806	0	0	0	0
1807	1	1	0	0
1808	0	1	0	0
1809	0	0	0	0
1810	1	0	0	0
1811	1	1	0	0
1812	2	2	0	0
1813	0	0	0	0
1814	0	1	0	0
1815	2	0	0	0
1816	1	1	0	0
1817	0	0	0	0
1818	1	0	0	0
1819	3	0	0	0
1820	1	3	0	0
1821	3	4	0	0
1822	0	0	0	0
1823	0	3	0	0
1824	2	1	0	0
1825	0	1	0	0
1826	3	0	0	0
1827	0	2	0	0
1828	2	1	0	0
1829	2	0	0	0
1830	1	1	0	0
1831	3	1	0	0
1832	2	1	0	0
1833	1	0	0	0
1834	1	0	0	0
1835	0	0	0	0
1836	0	1	0	0
1837	2	0	0	0
1838	1	1	0	0
1839	1	2	0	0
1840	3	2	0	0
1841	0	0	0	0
1842	0	1	0	0
1843	0	3	0	0
1844	0	0	0	0
1845	0	1	0	0
1846	0	2	0	0
1847	2	0	0	0
1848	4	5	0	0
1849	0	0	0	0
1850	0	0	0	0
1851	3	0	0	0
1852	2	2	0	0
1853	1	1	0	0
1854	0	1	0	0
1855	1	0	0	0
1856	3	0	0	0
1857	1	1	0	0
1858	1	1	0	0
1859	0	2	0	0
1860	1	1	0	0
1861	0	0	0	0
1862	2	1	0	0
1863	1	2	0	0
1864	2	3	0	0
1865	0	2	0	0
1866	0	1	0	0
1867	1	0	0	0
1868	2	0	0	0
1869	0	1	0	0
1870	0	3	0	0
1871	2	3	0	0
1872	2	1	0	0
1873	2	2	0	0
1874	1	2	0	0
1875	1	0	0	0
1876	3	2	0	0
1877	0	0	0	0
1878	4	3	0	0
1879	0	1	0	0
1880	2	1	0	0
1881	1	0	0	0
1882	1	0	0	0
1883	0	2	0	0
1884	4	2	0	0
1885	0	0	0	0
1886	0	1	0	0
1887	3	4	0	0
1888	0	0	0	0
1889	2	1	0	0
1890	1	0	0	0
1891	2	1	0	0
1892	1	2	0	0
1893	1	3	0	0
1894	0	0	0	0
1895	3	1	0	0
1896	0	1	0	0
1897	0	0	0	0
1898	0	1	0	0
1899	2	2	0	0
1900	1	2	0	0
1901	1	2	0	0
1902	1	0	0	0
1903	0	1	0	0
1904	5	1	0	0
1905	0	2	0	0
1906	0	0	0	0
1907	1	3	0	0
1908	0	1	0	0
1909	0	0	0	0
1910	2	1	0	0
1911	1	0	0	0
1912	0	1	0	0
1913	0	1	0	0
1914	0	3	0	0
1915	0	1	0	0
1916	0	1	0	0
1917	5	1	0	0
1918	2	1	0	0
1919	1	2	0	0
1920	2	3	0	0
1921	1	1	0	0
1922	2	0	0	0
1923	3	2	0	0
1924	2	0	0	0
1925	2	4	0	0
1926	0	1	0	0
1927	1	1	0	0
1928	1	2	0	0
1929	1	3	0	0
1930	1	3	0	0
1931	0	2	0	0
1932	2	1	0	0
1933	0	1	0	0
1934	2	1	0	0
1935	2	2	0	0
1936	1	1	0	0
1937	3	1	0	0
1938	1	3	0	0
1939	1	1	0	0
1940	0	1	0	0
1941	1	1	0	0
1942	3	5	0	0
1943	2	3	0	0
1944	1	1	0	0
1945	1	0	0	0
1946	0	3	0	0
1947	2	2	0	0
1948	0	1	0	0
1949	0	3	0	0
1950	1	0	0	0
1951	1	2	0	0
1952	2	1	0	0
1953	1	0	0	0
1954	1	0	0	0
1955	2	1	0	0
1956	1	0	0	0
1957	1	1	0	0
1958	1	0	0	0
1959	2	2	0	0
1960	1	0	0	0
1961	1	1	0	0
1962	2	1	0	0
1963	1	0	0	0
1964	1	0	0	0
1965	1	2	0	0
1966	0	0	0	0
1967	3	0	0	0
1968	1	1	0	0
1969	2	1	0	0
1970	3	0	0	0
1971	2	3	0	0
1972	1	0	0	0
1973	1	0	0	0
1974	0	0	0	0
1975	3	3	0	0
1976	2	2	0	0
1977	2	2	0	0
1978	2	2	0	0
1979	3	0	0	0
1980	1	1	0	0
1981	0	1	0	0
1982	1	1	0	0
1983	1	1	0	0
1984	2	0	0	0
1985	4	1	0	0
1986	3	0	0	0
1987	1	0	0	0
1988	3	1	0	0
1989	0	2	0	0
1990	1	1	0	0
1991	0	1	0	0
1992	1	5	0	0
1993	0	1	0	0
1994	2	1	0	0
1995	3	1	0	0
1996	5	0	0	0
1997	0	0	0	0
1998	0	1	0	0
1999	2	1	0	0
2000	3	2	0	0
2001	0	2	0	0
2002	1	2	0	0
2003	1	1	0	0
2004	4	0	0	0
2005	1	0	0	0
2006	3	2	0	0
2007	3	1	0	0
2008	1	0	0	0
2009	4	3	0	0
2010	1	0	0	0
2011	1	0	0	0
2012	2	1	0	0
2013	3	1	0	0
2014	0	0	0	0
2015	0	1	0	0
2016	3	0	0	0
2017	3	2	0	0
2018	1	3	0	0
2019	1	4	0	0
2020	1	2	0	0
2021	0	0	0	0
2022	1	3	0	0
2023	0	1	0	0
2024	1	1	0	0
2025	3	1	0	0
2026	1	0	0	0
2027	2	3	0	0
2028	0	1	0	0
2029	1	4	0	0
2030	3	1	0	0
2031	4	0	0	0
2032	1	0	0	0
2033	2	1	0	0
2034	2	1	0	0
2035	3	2	0	0
2036	3	1	0	0
2037	4	1	0	0
2038	1	0	0	0
2039	3	2	0	0
2040	1	0	0	0
2041	1	1	0	0
2042	2	2	0	0
2043	2	1	0	0
2044	1	0	0	0
2045	3	2	0	0
2046	1	4	0	0
2047	1	2	0	0
2048	2	0	0	0
2049	1	1	0	0
2050	4	2	0	0
2051	4	0	0	0
2052	4	1	0	0
2053	0	1	0	0
2054	0	0	0	0
2055	2	0	0	0
2056	0	0	0	0
2057	0	1	0	0
2058	1	1	0	0
2059	5	0	0	0
2060	2	4	0	0
2061	1	1	0	0
2062	1	2	0	0
2063	0	0	0	0
2064	7	1	0	0
2065	1	5	0	0
2066	1	0	0	0
2067	0	0	0	0
2068	2	0	0	0
2069	1	0	0	0
2070	2	1	0	0
2071	1	1	0	0
2072	2	0	0	0
2073	1	0	0	0
2074	3	0	0	0
2075	2	0	0	0
2076	2	4	0	0
2077	2	0	0	0
2078	2	2	0	0
2079	2	1	0	0
2080	1	3	0	0
2081	1	2	0	0
2082	3	1	0	0
2083	2	1	0	0
2084	0	0	0	0
2085	0	2	0	0
2086	0	1	0	0
2087	0	1	0	0
2088	4	1	0	0
2089	0	1	0	0
2090	1	1	0	0
2091	3	1	0	0
2092	4	2	0	0
2093	4	2	0	0
2094	0	2	0	0
2095	1	5	0	0
2096	1	0	0	0
2097	1	3	0	0
2098	2	4	0	0
2099	1	4	0	0
2100	1	4	0	0
2101	0	1	0	0
2102	3	3	0	0
2103	1	2	0	0
2104	1	3	0	0
2105	2	2	0	0
2106	0	2	0	0
2107	2	1	0	0
2108	1	1	0	0
2109	1	2	0	0
2110	1	8	0	0
2111	1	1	0	0
2112	0	3	0	0
2113	1	0	0	0
2114	2	1	0	0
2115	2	1	0	0
2116	2	0	0	0
2117	2	4	0	0
2118	2	0	0	0
2119	2	2	0	0
2120	4	0	0	0
2121	1	0	0	0
2122	1	3	0	0
2123	2	0	0	0
2124	0	2	0	0
2125	1	1	0	0
2126	2	1	0	0
2127	3	1	0	0
2128	0	0	0	0
2129	2	3	0	0
2130	1	2	0	0
2131	1	1	0	0
2132	3	3	0	0
2133	1	1	0	0
2134	4	3	0	0
2135	0	0	0	0
2136	6	1	0	0
2137	2	3	0	0
2138	1	2	0	0
2139	2	1	0	0
2140	3	1	0	0
2141	1	2	0	0
2142	0	0	0	0
2143	2	3	0	0
2144	0	0	0	0
2145	4	1	0	0
2146	1	3	0	0
2147	2	3	0	0
2148	2	2	0	0
2149	1	1	0	0
2150	4	1	0	0
2151	3	1	0	0
2152	2	1	0	0
2153	2	3	0	0
2154	2	3	0	0
2155	0	1	0	0
2156	2	2	0	0
2157	2	1	0	0
2158	2	1	0	0
2159	2	0	0	0
2160	2	1	0	0
2161	1	1	0	0
2162	1	2	0	0
2163	2	2	0	0
2164	1	0	0	0
2165	2	0	0	0
2166	1	3	0	0
2167	1	0	0	0
2168	2	1	0	0
2169	2	2	0	0
2170	0	1	0	0
2171	2	1	0	0
2172	2	1	0	0
2173	3	1	0	0
2174	3	3	0	0
2175	3	3	0	0
2176	2	3	0	0
2177	3	2	0	0
2178	4	1	0	0
2179	3	1	0	0
2180	3	0	0	0
2181	3	2	0	0
2182	1	3	0	0
2183	2	1	0	0
2184	0	0	0	0
2185	1	0	0	0
2186	0	1	0	0
2187	2	1	0	0
2188	2	2	0	0
2189	1	2	0	0
2190	2	2	0	0
2191	0	5	0	0
2192	1	0	0	0
2193	1	3	0	0
2194	1	3	0	0
2195	3	3	0	0
2196	3	0	0	0
2197	0	3	0	0
2198	4	0	0	0
2199	2	1	0	0
2200	5	0	0	0
2201	1	2	0	0
2202	2	1	0	0
2203	2	2	0	0
2204	2	1	0	0
2205	3	3	0	0
2206	2	4	0	0
2207	3	2	0	0
2208	2	2	0	0
2209	1	4	0	0
2210	3	2	0	0
2211	0	1	0	0
2212	1	1	0	0
2213	1	3	0	0
2214	1	3	0	0
2215	0	1	0	0
2216	1	3	0	0
2217	2	1	0	0
2218	1	3	0	0
2219	2	3	0	0
2220	2	3	0	0
2221	4	2	0	0
2222	1	1	0	0
2223	2	3	0	0
2224	2	0	0	0
2225	1	1	0	0
2226	3	2	0	0
2227	2	0	0	0
2228	1	2	0	0
2229	2	1	0	0
2230	2	1	0	0
2231	0	1	0	0
2232	1	2	0	0
2233	2	1	0	0
2234	2	0	0	0
2235	5	1	0	0
2236	2	1	0	0
2237	2	0	0	0
2238	1	1	0	0
2239	2	3	0	0
2240	3	4	0	0
2241	5	0	0	0
2242	1	1	0	0
2243	1	4	0	0
2244	0	1	0	0
2245	4	3	0	0
2246	3	3	0	0
2247	1	1	0	0
2248	1	2	0	0
2249	1	1	0	0
2250	0	3	0	0
2251	0	3	0	0
2252	1	1	0	0
2253	2	3	0	0
2254	2	2	0	0
2255	2	3	0	0
2256	0	3	0	0
2257	2	2	0	0
2258	1	2	0	0
2259	1	2	0	0
2260	0	1	0	0
2261	1	1	0	0
2262	1	0	0	0
2263	0	2	0	0
2264	2	3	0	0
2265	2	0	0	0
2266	1	1	0	0
2267	3	2	0	0
2268	4	0	0	0
2269	1	1	0	0
2270	1	2	0	0
2271	0	2	0	0
2272	5	1	0	0
2273	2	2	0	0
2274	1	1	0	0
2275	1	2	0	0
2276	2	4	0	0
2277	1	0	0	0
2278	2	1	0	0
2279	2	2	0	0
2280	3	0	0	0
2281	0	0	0	0
2282	2	0	0	0
2283	1	1	0	0
2284	2	1	0	0
2285	0	2	0	0
2286	4	2	0	0
2287	1	5	0	0
2288	2	1	0	0
2289	0	3	0	0
2290	2	0	0	0
2291	2	2	0	0
2292	4	4	0	0
2293	2	0	0	0
2294	0	1	0	0
2295	2	2	0	0
2296	3	1	0	0
2297	2	2	0	0
2298	1	0	0	0
2299	0	0	0	0
2300	0	4	0	0
2301	2	2	0	0
2302	2	2	0	0
2303	4	1	0	0
2304	4	2	0	0
2305	5	4	0	0
2306	0	3	0	0
2307	1	0	0	0
2308	3	2	0	0
2309	4	0	0	0
2310	4	3	0	0
2311	1	0	0	0
2312	1	2	0	0
2313	1	1	0	0
2314	1	1	0	0
2315	1	1	0	0
2316	4	2	0	0
2317	3	1	0	0
2318	0	2	0	0
2319	3	0	0	0
2320	2	1	0	0
2321	1	1	0	0
2322	1	0	0	0
2323	1	1	0	0
2324	0	2	0	0
2325	3	2	0	0
2326	1	2	0	0
2327	1	1	0	0
2328	1	0	0	0
2329	1	1	0	0
2330	0	5	0	0
2331	3	4	0	0
2332	0	2	0	0
2333	1	2	0	0
2334	2	5	0	0
2335	3	4	0	0
2336	0	3	0	0
2337	0	2	0	0
2338	1	1	0	0
2339	7	1	0	0
2340	0	2	0	0
2341	0	1	0	0
2342	1	2	0	0
2343	2	2	0	0
2344	1	3	0	0
2345	0	1	0	0
2346	0	0	0	0
2347	3	3	0	0
2348	2	1	0	0
2349	0	1	0	0
2350	2	1	0	0
2351	4	0	0	0
2352	1	0	0	0
2353	2	1	0	0
2354	2	2	0	0
2355	0	2	0	0
2356	2	1	0	0
2357	4	3	0	0
2358	0	1	0	0
2359	5	0	0	0
2360	1	0	0	0
2361	1	2	0	0
2362	1	4	0	0
2363	3	1	0	0
2364	2	1	0	0
2365	1	0	0	0
2366	3	1	0	0
2367	3	1	0	0
2368	2	2	0	0
2369	4	2	0	0
2370	1	0	0	0
2371	2	0	0	0
2372	2	2	0	0
2373	4	2	0	0
2374	3	2	0	0
2375	0	6	0	0
2376	3	1	0	0
2377	2	1	0	0
2378	0	1	0	0
2379	3	4	0	0
2380	1	2	0	0
2381	2	0	0	0
2382	2	2	0	0
2383	1	2	0	0
2384	1	0	0	0
2385	0	0	0	0
2386	3	4	0	0
2387	3	1	0	0
2388	2	4	0	0
2389	1	3	0	0
2390	6	1	0	0
2391	1	2	0	0
2392	2	2	0	0
2393	2	2	0	0
2394	2	1	0	0
2395	4	4	0	0
2396	2	0	0	0
2397	0	1	0	0
2398	2	2	0	0
2399	2	3	0	0
2400	2	0	0	0
2401	1	0	0	0
2402	0	0	0	0
2403	2	2	0	0
2404	2	1	0	0
2405	3	2	0	0
2406	2	2	0	0
2407	1	0	0	0
2408	0	3	0	0
2409	2	2	0	0
2410	1	1	0	0
2411	3	1	0	0
2412	3	3	0	0
2413	1	1	0	0
2414	3	2	0	0
2415	3	2	0	0
2416	2	3	0	0
2417	0	0	0	0
2418	0	1	0	0
2419	3	2	0	0
2420	0	0	0	0
2421	1	1	0	0
2422	2	2	0	0
2423	2	0	0	0
2424	0	4	0	0
2425	1	2	0	0
2426	3	1	0	0
2427	1	2	0	0
2428	3	1	0	0
2429	1	1	0	0
2430	0	1	0	0
2431	1	1	0	0
2432	2	1	0	0
2433	2	0	0	0
2434	2	1	0	0
2435	2	1	0	0
2436	3	1	0	0
2437	3	1	0	0
2438	4	1	0	0
2439	3	1	0	0
2440	4	3	0	0
2441	3	1	0	0
2442	3	3	0	0
2443	1	2	0	0
2444	2	1	0	0
2445	1	1	0	0
2446	2	1	0	0
2447	3	0	0	0
2448	5	2	0	0
2449	2	1	0	0
2450	4	0	0	0
2451	2	0	0	0
2452	3	1	0	0
2453	2	1	0	0
2454	0	0	0	0
2455	0	2	0	0
2456	1	1	0	0
2457	3	0	0	0
2458	1	2	0	0
2459	0	1	0	0
2460	5	2	0	0
2461	2	0	0	0
2462	0	3	0	0
2463	3	0	0	0
2464	2	3	0	0
2465	2	1	0	0
2466	2	1	0	0
2467	4	0	0	0
2468	0	5	0	0
2469	1	0	0	0
2470	1	0	0	0
2471	1	2	0	0
2472	2	0	0	0
2473	2	3	0	0
2474	1	2	0	0
2475	3	0	0	0
2476	2	2	0	0
2477	3	2	0	0
2478	2	1	0	0
2479	2	1	0	0
2480	1	2	0	0
2481	1	1	0	0
2482	1	2	0	0
2483	2	0	0	0
2484	0	3	0	0
2485	2	0	0	0
2486	2	0	0	0
2487	3	3	0	0
2488	0	0	0	0
2489	1	1	0	0
2490	5	1	0	0
2491	3	2	0	0
2492	0	2	0	0
2493	2	0	0	0
2494	3	1	0	0
2495	1	2	0	0
2496	3	1	0	0
2497	2	3	0	0
2498	1	1	0	0
2499	0	0	0	0
2500	2	1	0	0
2501	1	2	0	0
2502	1	0	0	0
2503	2	1	0	0
2504	1	4	0	0
2505	0	0	0	0
2506	1	0	0	0
2507	4	2	0	0
2508	3	4	0	0
2509	1	1	0	0
2510	1	3	0	0
2511	2	4	0	0
2512	2	1	0	0
2513	1	2	0	0
2514	3	2	0	0
2515	0	3	0	0
2516	0	1	0	0
2517	3	1	0	0
2518	2	2	0	0
2519	0	1	0	0
2520	2	3	0	0
2521	4	2	0	0
2522	3	4	0	0
2523	2	3	0	0
2524	2	1	0	0
2525	1	1	0	0
2526	2	0	0	0
2527	1	0	0	0
2528	3	1	0	0
2529	1	0	0	0
2530	3	2	0	0
2531	2	2	0	0
2532	2	3	0	0
2533	2	2	0	0
2534	2	3	0	0
2535	2	1	0	0
2536	4	1	0	0
2537	0	4	0	0
2538	1	2	0	0
2539	3	0	0	0
2540	2	5	0	0
2541	2	1	0	0
2542	2	1	0	0
2543	3	0	0	0
2544	2	2	0	0
2545	2	1	0	0
2546	1	2	0	0
2547	1	1	0	0
2548	4	2	0	0
2549	4	3	0	0
2550	1	1	0	0
2551	3	2	0	0
2552	0	1	0	0
2553	1	2	0	0
2554	2	1	0	0
2555	1	1	0	0
2556	2	1	0	0
2557	1	2	0	0
2558	2	3	0	0
2559	4	2	0	0
2560	2	2	0	0
2561	2	0	0	0
2562	1	1	0	0
2563	1	3	0	0
2564	1	0	0	0
2565	3	1	0	0
2566	1	1	0	0
2567	3	1	0	0
2568	1	0	0	0
2569	1	1	0	0
2570	1	0	0	0
2571	0	0	0	0
2572	0	2	0	0
2573	1	0	0	0
2574	1	2	0	0
2575	3	1	0	0
2576	2	0	0	0
2577	1	1	0	0
2578	0	0	0	0
2579	1	1	0	0
2580	3	2	0	0
2581	0	0	0	0
2582	0	5	0	0
2583	3	1	0	0
2584	3	1	0	0
2585	1	1	0	0
2586	2	0	0	0
2587	1	0	0	0
2588	5	4	0	0
2589	0	1	0	0
2590	2	2	0	0
2591	2	2	0	0
2592	0	2	0	0
2593	2	2	0	0
2594	3	6	0	0
2595	2	1	0	0
2596	5	2	0	0
2597	1	2	0	0
2598	3	2	0	0
2599	0	0	0	0
2600	3	2	0	0
2601	5	2	0	0
2602	4	2	0	0
2603	3	3	0	0
2604	2	1	0	0
2605	1	0	0	0
2606	1	1	0	0
2607	3	3	0	0
2608	1	2	0	0
2609	0	2	0	0
2610	1	1	0	0
2611	1	1	0	0
2612	3	1	0	0
2613	3	0	0	0
2614	5	1	0	0
2615	4	0	0	0
2616	1	0	0	0
2617	4	1	0	0
2618	1	2	0	0
2619	1	1	0	0
2620	1	3	0	0
2621	0	2	0	0
2622	2	2	0	0
2623	0	2	0	0
2624	1	1	0	0
2625	1	0	0	0
2626	0	1	0	0
2627	1	1	0	0
2628	2	0	0	0
2629	1	1	0	0
2630	1	5	0	0
2631	3	1	0	0
2632	3	1	0	0
2633	3	0	0	0
2634	3	1	0	0
2635	3	1	0	0
2636	2	2	0	0
2637	2	2	0	0
2638	1	3	0	0
2639	1	0	0	0
2640	2	2	0	0
2641	0	2	0	0
2642	0	3	0	0
2643	1	3	0	0
2644	1	1	0	0
2645	4	3	0	0
2646	2	1	0	0
2647	1	0	0	0
2648	1	0	0	0
2649	1	4	0	0
2650	2	3	0	0
2651	1	0	0	0
2652	0	0	0	0
2653	1	2	0	0
2654	7	2	0	0
2655	2	0	0	0
2656	2	4	0	0
2657	5	1	0	0
2658	2	1	0	0
2659	3	1	0	0
2660	3	1	0	0
2661	1	4	0	0
2662	2	2	0	0
2663	4	2	0	0
2664	0	2	0	0
2665	1	3	0	0
2666	0	2	0	0
2667	3	0	0	0
2668	2	1	0	0
2669	1	0	0	0
2670	3	2	0	0
2671	2	1	0	0
2672	2	0	0	0
2673	1	1	0	0
2674	2	2	0	0
2675	0	0	0	0
2676	1	1	0	0
2677	4	2	0	0
2678	1	0	0	0
2679	0	0	0	0
2680	2	4	0	0
2681	1	1	0	0
2682	3	4	0	0
2683	2	1	0	0
2684	0	0	0	0
2685	2	1	0	0
2686	5	2	0	0
2687	2	3	0	0
2688	1	4	0	0
2689	1	1	0	0
2690	3	0	0	0
2691	1	2	0	0
2692	2	2	0	0
2693	1	1	0	0
2694	0	2	0	0
2695	5	0	0	0
2696	4	6	0	0
2697	1	0	0	0
2698	5	2	0	0
2699	3	0	0	0
2700	5	0	0	0
2701	4	2	0	0
2702	2	6	0	0
2703	3	2	0	0
2704	1	1	0	0
2705	2	0	0	0
2706	0	1	0	0
2707	2	3	0	0
2708	2	1	0	0
2709	2	0	0	0
2710	2	3	0	0
2711	6	1	0	0
2712	1	1	0	0
2713	2	1	0	0
2714	2	0	0	0
2715	2	3	0	0
2716	2	3	0	0
2717	3	0	0	0
2718	0	2	0	0
2719	2	0	0	0
2720	0	1	0	0
2721	2	1	0	0
2722	1	1	0	0
2723	0	1	0	0
2724	0	2	0	0
2725	3	1	0	0
2726	2	0	0	0
2727	3	1	0	0
2728	5	1	0	0
2729	2	2	0	0
2730	3	2	0	0
2731	0	1	0	0
2732	1	3	0	0
2733	2	1	0	0
2734	0	1	0	0
2735	1	1	0	0
2736	1	2	0	0
2737	4	1	0	0
2738	3	0	0	0
2739	1	2	0	0
2740	0	0	0	0
2741	1	1	0	0
2742	3	0	0	0
2743	0	0	0	0
2744	2	2	0	0
2745	2	3	0	0
2746	1	0	0	0
2747	3	2	0	0
2748	3	3	0	0
2749	2	0	0	0
2750	0	2	0	0
2751	4	4	0	0
2752	1	3	0	0
2753	0	2	0	0
2754	1	0	0	0
2755	1	0	0	0
2756	4	1	0	0
2757	1	0	0	0
2758	0	2	0	0
2759	2	5	0	0
2760	1	1	0	0
2761	2	3	0	0
2762	2	0	0	0
2763	6	5	0	0
2764	2	0	0	0
2765	1	2	0	0
2766	2	2	0	0
2767	1	2	0	0
2768	2	3	0	0
2769	4	0	0	0
2770	1	0	0	0
2771	4	2	0	0
2772	2	2	0	0
2773	1	2	0	0
2774	1	1	0	0
2775	3	0	0	0
2776	3	2	0	0
2777	1	1	0	0
2778	1	0	0	0
2779	1	0	0	0
2780	2	2	0	0
2781	1	0	0	0
2782	4	1	0	0
2783	2	2	0	0
2784	0	0	0	0
2785	3	0	0	0
2786	1	3	0	0
2787	2	0	0	0
2788	0	1	0	0
2789	1	2	0	0
2790	2	3	0	0
2791	1	1	0	0
2792	3	2	0	0
2793	1	1	0	0
2794	2	1	0	0
2795	0	5	0	0
2796	1	1	0	0
2797	1	1	0	0
2798	3	1	0	0
2799	2	1	0	0
2800	1	0	0	0
2801	2	0	0	0
2802	3	3	0	0
2803	4	1	0	0
2804	0	3	0	0
2805	5	2	0	0
2806	2	1	0	0
2807	1	5	0	0
2808	0	0	0	0
2809	1	2	0	0
2810	1	0	0	0
2811	0	1	0	0
2812	4	2	0	0
2813	4	4	0	0
2814	3	1	0	0
2815	4	0	0	0
2816	0	4	0	0
2817	2	1	0	0
2818	4	2	0	0
2819	5	0	0	0
2820	1	0	0	0
2821	2	1	0	0
2822	2	1	0	0
2823	2	2	0	0
2824	5	2	0	0
2825	0	3	0	0
2826	2	0	0	0
2827	2	1	0	0
2828	2	0	0	0
2829	1	1	0	0
2830	2	0	0	0
2831	3	2	0	0
2832	2	3	0	0
2833	1	2	0	0
2834	1	4	0	0
2835	1	1	0	0
2836	3	3	0	0
2837	3	0	0	0
2838	2	4	0	0
2839	2	2	0	0
2840	1	2	0	0
2841	2	3	0	0
2842	1	0	0	0
2843	1	2	0	0
2844	0	5	0	0
2845	3	3	0	0
2846	4	1	0	0
2847	3	2	0	0
2848	1	1	0	0
2849	3	1	0	0
2850	2	4	0	0
2851	2	0	0	0
2852	4	0	0	0
2853	3	2	0	0
2854	3	3	0	0
2855	1	1	0	0
2856	1	1	0	0
2857	0	2	0	0
2858	5	2	0	0
2859	0	1	0	0
2860	0	3	0	0
2861	1	1	0	0
2862	3	2	0	0
2863	0	4	0	0
2864	2	0	0	0
2865	0	2	0	0
2866	3	0	0	0
2867	2	3	0	0
2868	3	1	0	0
2869	2	2	0	0
2870	6	0	0	0
2871	1	0	0	0
2872	2	3	0	0
2873	2	2	0	0
2874	5	2	0	0
2875	3	1	0	0
2876	2	1	0	0
2877	3	0	0	0
2878	3	3	0	0
2879	3	0	0	0
2880	0	0	0	0
2881	3	0	0	0
2882	3	1	0	0
2883	1	2	0	0
2884	2	1	0	0
2885	1	4	0	0
2886	0	4	0	0
2887	4	0	0	0
2888	0	0	0	0
2889	2	1	0	0
2890	3	0	0	0
2891	2	0	0	0
2892	0	3	0	0
2893	0	2	0	0
2894	4	0	0	0
2895	1	1	0	0
2896	0	1	0	0
2897	3	2	0	0
2898	2	3	0	0
2899	3	0	0	0
2900	2	0	0	0
2901	2	1	0	0
2902	1	0	0	0
2903	1	2	0	0
2904	1	1	0	0
2905	0	1	0	0
2906	0	3	0	0
2907	2	0	0	0
2908	4	3	0	0
2909	2	1	0	0
2910	4	2	0	0
2911	1	1	0	0
2912	2	1	0	0
2913	0	4	0	0
2914	1	0	0	0
2915	1	0	0	0
2916	2	1	0	0
2917	0	0	0	0
2918	1	0	0	0
2919	1	1	0	0
2920	1	2	0	0
2921	3	1	0	0
2922	0	4	0	0
2923	2	3	0	0
2924	4	0	0	0
2925	1	1	0	0
2926	0	1	0	0
2927	2	1	0	0
2928	3	2	0	0
2929	2	0	0	0
2930	0	3	0	0
2931	2	3	0	0
2932	3	0	0	0
2933	1	0	0	0
2934	3	4	0	0
2935	0	1	0	0
2936	2	4	0	0
2937	3	0	0	0
2938	2	4	0	0
2939	2	3	0	0
2940	2	3	0	0
2941	3	3	0	0
2942	1	0	0	0
2943	2	0	0	0
2944	0	1	0	0
2945	1	2	0	0
2946	1	1	0	0
2947	0	0	0	0
2948	2	0	0	0
2949	2	2	0	0
2950	2	1	0	0
2951	1	1	0	0
2952	6	1	0	0
2953	3	1	0	0
2954	4	2	0	0
2955	5	1	0	0
2956	0	3	0	0
2957	1	2	0	0
2958	4	3	0	0
2959	1	1	0	0
2960	1	4	0	0
2961	4	1	0	0
2962	1	1	0	0
2963	3	1	0	0
2964	1	0	0	0
2965	1	1	0	0
2966	2	0	0	0
2967	1	0	0	0
2968	1	0	0	0
2969	2	1	0	0
2970	1	2	0	0
2971	0	1	0	0
2972	3	2	0	0
2973	2	1	0	0
2974	0	0	0	0
2975	1	1	0	0
2976	1	1	0	0
2977	0	2	0	0
2978	1	0	0	0
2979	2	0	0	0
2980	2	4	0	0
2981	3	0	0	0
2982	3	2	0	0
2983	1	2	0	0
2984	3	1	0	0
2985	1	3	0	0
2986	2	1	0	0
2987	4	0	0	0
2988	2	0	0	0
2989	1	1	0	0
2990	2	0	0	0
2991	3	0	0	0
2992	2	3	0	0
2993	2	2	0	0
2994	2	0	0	0
2995	1	1	0	0
2996	3	0	0	0
2997	0	0	0	0
2998	1	1	0	0
2999	0	0	0	0
3000	1	0	0	0
3001	0	0	0	0
3002	1	2	0	0
3003	2	0	0	0
3004	1	2	0	0
3005	2	2	0	0
3006	4	1	0	0
3007	1	1	0	0
3008	2	1	0	0
3009	1	1	0	0
3010	2	0	0	0
3011	2	0	0	0
3012	1	0	0	0
3013	1	0	0	0
3014	1	1	0	0
3015	1	1	0	0
3016	0	4	0	0
3017	1	2	0	0
3018	1	1	0	0
3019	2	0	0	0
3020	1	2	0	0
3021	1	0	0	0
3022	1	1	0	0
3023	0	0	0	0
3024	0	1	0	0
3025	1	1	0	0
3026	2	1	0	0
3027	0	2	0	0
3028	1	0	0	0
3029	1	0	0	0
3030	3	1	0	0
3031	1	2	0	0
3032	1	2	0	0
3033	5	2	0	0
3034	3	0	0	0
3035	3	1	0	0
3036	0	2	0	0
3037	2	0	0	0
3038	3	1	0	0
3039	3	0	0	0
3040	1	1	0	0
3041	1	1	0	0
3042	3	1	0	0
3043	1	0	0	0
3044	1	0	0	0
3045	4	2	0	0
3046	3	4	0	0
3047	0	1	0	0
3048	1	4	0	0
3049	0	3	0	0
3050	2	0	0	0
3051	4	1	0	0
3052	2	3	0	0
3053	0	3	0	0
3054	0	3	0	0
3055	1	2	0	0
3056	1	1	0	0
3057	3	1	0	0
3058	2	2	0	0
3059	0	0	0	0
3060	2	4	0	0
3061	2	1	0	0
3062	3	1	0	0
3063	0	0	0	0
3064	0	0	0	0
3065	1	4	0	0
3066	0	2	0	0
3067	4	2	0	0
3068	1	1	0	0
3069	1	0	0	0
3070	2	0	0	0
3071	2	2	0	0
3072	2	1	0	0
3073	2	3	0	0
3074	0	0	0	0
3075	1	0	0	0
3076	2	2	0	0
3077	2	1	0	0
3078	0	0	0	0
3079	2	1	0	0
3080	2	2	0	0
3081	2	3	0	0
3082	1	2	0	0
3083	2	3	0	0
3084	3	1	0	0
3085	4	5	0	0
3086	0	0	0	0
3087	2	1	0	0
3088	0	2	0	0
3089	2	1	0	0
3090	0	3	0	0
3091	1	3	0	0
3092	1	1	0	0
3093	3	2	0	0
3094	1	2	0	0
3095	0	1	0	0
3096	3	2	0	0
3097	1	0	0	0
3098	0	1	0	0
3099	1	0	0	0
3100	2	1	0	0
3101	0	0	0	0
3102	2	2	0	0
3103	1	1	0	0
3104	1	1	0	0
3105	1	1	0	0
3106	0	1	0	0
3107	1	1	0	0
3108	3	1	0	0
3109	5	1	0	0
3110	1	3	0	0
3111	0	1	0	0
3112	1	2	0	0
3113	1	0	0	0
3114	1	1	0	0
3115	2	2	0	0
3116	2	1	0	0
3117	1	3	0	0
3118	2	2	0	0
3119	2	2	0	0
3120	2	1	0	0
3121	3	0	0	0
3122	2	1	0	0
3123	0	1	0	0
3124	1	1	0	0
3125	1	3	0	0
3126	4	0	0	0
3127	0	1	0	0
3128	0	1	0	0
3129	2	3	0	0
3130	2	2	0	0
3131	0	1	0	0
3132	2	4	0	0
3133	1	2	0	0
3134	2	2	0	0
3135	2	0	0	0
3136	2	1	0	0
3137	2	2	0	0
3138	0	0	0	0
3139	0	1	0	0
3140	1	1	0	0
3141	2	2	0	0
3142	2	1	0	0
3143	0	1	0	0
3144	0	1	0	0
3145	1	0	0	0
3146	3	0	0	0
3147	2	1	0	0
3148	2	1	0	0
3149	4	2	0	0
3150	1	1	0	0
3151	3	2	0	0
3152	2	3	0	0
3153	0	1	0	0
3154	2	1	0	0
3155	1	1	0	0
3156	0	1	0	0
3157	2	3	0	0
3158	1	2	0	0
3159	2	1	0	0
3160	0	2	0	0
3161	2	0	0	0
3162	0	0	0	0
3163	2	0	0	0
3164	2	2	0	0
3165	3	2	0	0
3166	3	2	0	0
3167	1	1	0	0
3168	1	1	0	0
3169	1	2	0	0
3170	0	1	0	0
3171	2	1	0	0
3172	0	1	0	0
3173	0	0	0	0
3174	0	0	0	0
3175	0	1	0	0
3176	1	2	0	0
3177	1	0	0	0
3178	3	0	0	0
3179	1	3	0	0
3180	0	2	0	0
3181	0	5	0	0
3182	4	0	0	0
3183	0	1	0	0
3184	0	2	0	0
3185	0	3	0	0
3186	1	2	0	0
3187	2	1	0	0
3188	1	1	0	0
3189	2	2	0	0
3190	1	0	0	0
3191	1	1	0	0
3192	1	1	0	0
3193	0	1	0	0
3194	1	1	0	0
3195	2	3	0	0
3196	1	1	0	0
3197	1	0	0	0
3198	1	1	0	0
3199	2	2	0	0
3200	0	2	0	0
3201	2	0	0	0
3202	2	1	0	0
3203	1	3	0	0
3204	0	1	0	0
3205	2	0	0	0
3206	2	3	0	0
3207	0	0	0	0
3208	2	2	0	0
3209	3	2	0	0
3210	2	2	0	0
3211	0	1	0	0
3212	2	2	0	0
3213	3	4	0	0
3214	2	3	0	0
3215	2	1	0	0
3216	1	3	0	0
3217	3	1	0	0
3218	1	2	0	0
3219	2	2	0	0
3220	0	1	0	0
3221	0	1	0	0
3222	2	0	0	0
3223	2	0	0	0
3224	1	2	0	0
3225	0	1	0	0
3226	0	1	0	0
3227	0	1	0	0
3228	2	2	0	0
3229	0	2	0	0
3230	2	1	0	0
3231	5	2	0	0
3232	2	1	0	0
3233	2	2	0	0
3234	1	1	0	0
3235	0	3	0	0
3236	1	0	0	0
3237	0	2	0	0
3238	2	2	0	0
3239	0	0	0	0
3240	0	1	0	0
3241	3	1	0	0
3242	0	0	0	0
3243	1	4	0	0
3244	3	1	0	0
3245	1	2	0	0
3246	1	2	0	0
3247	1	3	0	0
3248	3	1	0	0
3249	2	1	0	0
3250	2	3	0	0
3251	2	2	0	0
3252	3	1	0	0
3253	4	1	0	0
3254	0	0	0	0
3255	1	1	0	0
3256	1	1	0	0
3257	0	1	0	0
3258	1	1	0	0
3259	1	1	0	0
3260	0	1	0	0
3261	1	2	0	0
3262	1	0	0	0
3263	1	3	0	0
3264	2	1	0	0
3265	2	1	0	0
3266	1	1	0	0
3267	2	0	0	0
3268	1	2	0	0
3269	3	4	0	0
3270	1	1	0	0
3271	0	4	0	0
3272	1	2	0	0
3273	2	3	0	0
3274	2	1	0	0
3275	0	2	0	0
3276	1	2	0	0
3277	1	0	0	0
3278	1	3	0	0
3279	2	2	0	0
3280	2	1	0	0
3281	1	3	0	0
3282	2	0	0	0
3283	1	0	0	0
3284	1	0	0	0
3285	2	0	0	0
3286	0	0	0	0
3287	1	0	0	0
3288	1	2	0	0
3289	0	1	0	0
3290	0	4	0	0
3291	2	0	0	0
3292	1	3	0	0
3293	1	1	0	0
3294	2	2	0	0
3295	0	0	0	0
3296	2	0	0	0
3297	0	2	0	0
3298	3	0	0	0
3299	0	1	0	0
3300	4	3	0	0
3301	1	2	0	0
3302	1	0	0	0
3303	1	1	0	0
3304	1	2	0	0
3305	0	0	0	0
3306	2	4	0	0
3307	2	1	0	0
3308	0	2	0	0
3309	4	2	0	0
3310	0	0	0	0
3311	1	2	0	0
3312	1	1	0	0
3313	0	4	0	0
3314	0	2	0	0
3315	2	2	0	0
3316	1	2	0	0
3317	0	2	0	0
3318	3	0	0	0
3319	1	1	0	0
3320	3	1	0	0
3321	0	1	0	0
3322	1	1	0	0
3323	1	0	0	0
3324	0	1	0	0
3325	2	0	0	0
3326	0	2	0	0
3327	1	1	0	0
3328	1	1	0	0
3329	0	1	0	0
3330	1	1	0	0
3331	5	1	0	0
3332	1	2	0	0
3333	0	1	0	0
3334	0	1	0	0
3335	0	1	0	0
3336	1	1	0	0
3337	0	1	0	0
3338	3	3	0	0
3339	2	1	0	0
3340	1	2	0	0
3341	0	0	0	0
3342	2	1	0	0
3343	0	1	0	0
3344	3	0	0	0
3345	2	6	0	0
3346	0	0	0	0
3347	2	0	0	0
3348	0	1	0	0
3349	1	1	0	0
3350	3	1	0	0
3351	0	2	0	0
3352	0	1	0	0
3353	1	1	0	0
3354	2	1	0	0
3355	2	2	0	0
3356	0	4	0	0
3357	3	1	0	0
3358	1	0	0	0
3359	0	0	0	0
3360	1	1	0	0
3361	3	0	0	0
3362	0	1	0	0
3363	1	1	0	0
3364	1	2	0	0
3365	1	0	0	0
3366	0	2	0	0
3367	0	1	0	0
3368	1	0	0	0
3369	2	2	0	0
3370	0	2	0	0
3371	1	0	0	0
3372	3	0	0	0
3373	1	1	0	0
3374	3	0	0	0
3375	1	3	0	0
3376	0	1	0	0
3377	5	1	0	0
3378	2	1	0	0
3379	0	1	0	0
3380	2	2	0	0
3381	0	0	0	0
3382	1	1	0	0
3383	2	0	0	0
3384	1	2	0	0
3385	1	2	0	0
3386	2	0	0	0
3387	3	4	0	0
3388	0	1	0	0
3389	1	1	0	0
3390	2	0	0	0
3391	1	2	0	0
3392	1	0	0	0
3393	0	0	0	0
3394	1	3	0	0
3395	2	0	0	0
3396	1	2	0	0
3397	0	3	0	0
3398	0	3	0	0
3399	2	0	0	0
3400	0	1	0	0
3401	3	1	0	0
3402	2	1	0	0
3403	0	0	0	0
3404	1	1	0	0
3405	0	0	0	0
3406	1	2	0	0
3407	0	1	0	0
3408	2	0	0	0
3409	1	0	0	0
3410	1	1	0	0
3411	1	1	0	0
3412	3	3	0	0
3413	1	2	0	0
3414	2	0	0	0
3415	1	0	0	0
3416	1	3	0	0
3417	2	0	0	0
3418	0	2	0	0
3419	2	1	0	0
3420	2	2	0	0
3421	0	1	0	0
3422	0	2	0	0
3423	0	2	0	0
3424	3	2	0	0
3425	2	3	0	0
3426	1	2	0	0
3427	2	1	0	0
3428	0	4	0	0
3429	3	1	0	0
3430	1	1	0	0
3431	0	1	0	0
3432	1	0	0	0
3433	0	1	0	0
3434	1	1	0	0
3435	1	1	0	0
3436	1	1	0	0
3437	2	1	0	0
3438	3	2	0	0
3439	2	1	0	0
3440	1	0	0	0
3441	2	1	0	0
3442	3	3	0	0
3443	1	1	0	0
3444	0	1	0	0
3445	3	1	0	0
3446	0	1	0	0
3447	1	1	0	0
3448	2	0	0	0
3449	2	2	0	0
3450	0	3	0	0
3451	4	0	0	0
3452	0	2	0	0
3453	0	0	0	0
3454	0	1	0	0
3455	1	3	0	0
3456	0	1	0	0
3457	4	1	0	0
3458	2	1	0	0
3459	2	0	0	0
3460	3	1	0	0
3461	0	0	0	0
3462	1	1	0	0
3463	0	1	0	0
3464	0	1	0	0
3465	3	2	0	0
3466	2	1	0	0
3467	1	2	0	0
3468	1	2	0	0
3469	2	0	0	0
3470	4	0	0	0
3471	0	0	0	0
3472	0	1	0	0
3473	3	1	0	0
3474	0	0	0	0
3475	0	1	0	0
3476	0	4	0	0
3477	0	2	0	0
3478	0	0	0	0
3479	1	4	0	0
3480	3	1	0	0
3481	2	0	0	0
3482	1	1	0	0
3483	1	1	0	0
3484	0	3	0	0
3485	1	0	0	0
3486	0	2	0	0
3487	1	2	0	0
3488	0	2	0	0
3489	3	1	0	0
3490	0	1	0	0
3491	1	0	0	0
3492	1	0	0	0
3493	0	0	0	0
3494	0	1	0	0
3495	0	4	0	0
3496	0	1	0	0
3497	0	3	0	0
3498	1	2	0	0
3499	0	2	0	0
3500	0	3	0	0
3501	0	1	0	0
3502	1	2	0	0
3503	0	0	0	0
3504	0	0	0	0
3505	2	3	0	0
3506	1	2	0	0
3507	1	1	0	0
3508	1	1	0	0
3509	1	0	0	0
3510	1	2	0	0
3511	0	1	0	0
3512	1	0	0	0
3513	1	1	0	0
3514	0	3	0	0
3515	4	1	0	0
3516	1	1	0	0
3517	2	1	0	0
3518	0	1	0	0
3519	2	0	0	0
3520	0	2	0	0
3521	0	0	0	0
3522	2	1	0	0
3523	1	0	0	0
3524	1	0	0	0
3525	1	1	0	0
3526	0	0	0	0
3527	1	2	0	0
3528	1	0	0	0
3529	1	2	0	0
3530	2	1	0	0
3531	1	1	0	0
3532	0	1	0	0
3533	0	2	0	0
3534	1	0	0	0
3535	5	5	0	0
3536	3	0	0	0
3537	1	0	0	0
3538	0	4	0	0
3539	0	1	0	0
3540	1	2	0	0
3541	0	0	0	0
3542	1	1	0	0
3543	3	0	0	0
3544	0	1	0	0
3545	3	1	0	0
3546	0	2	0	0
3547	1	2	0	0
3548	1	0	0	0
3549	2	0	0	0
3550	1	2	0	0
3551	4	3	0	0
3552	1	0	0	0
3553	1	1	0	0
3554	3	3	0	0
3555	0	0	0	0
3556	0	0	0	0
3557	0	2	0	0
3558	0	1	0	0
3559	1	1	0	0
3560	0	0	0	0
3561	0	0	0	0
3562	1	0	0	0
3563	0	0	0	0
3564	1	0	0	0
3565	2	1	0	0
3566	0	0	0	0
3567	0	0	0	0
3568	2	0	0	0
3569	2	0	0	0
3570	0	2	0	0
3571	0	0	0	0
3572	0	2	0	0
3573	0	3	0	0
3574	0	1	0	0
3575	2	4	0	0
3576	0	0	0	0
3577	1	0	0	0
3578	1	0	0	0
3579	3	0	0	0
3580	2	1	0	0
3581	1	1	0	0
3582	1	0	0	0
3583	0	0	0	0
3584	1	0	0	0
3585	0	2	0	0
3586	0	0	0	0
3587	0	0	0	0
3588	0	1	0	0
3589	2	3	0	0
3590	0	0	0	0
3591	0	1	0	0
3592	0	0	0	0
3593	2	0	0	0
3594	2	0	0	0
3595	2	1	0	0
3596	1	0	0	0
3597	0	1	0	0
3598	1	1	0	0
3599	0	0	0	0
3600	2	1	0	0
3601	1	0	0	0
3602	0	0	0	0
3603	0	0	0	0
3604	1	2	0	0
3605	2	4	0	0
3606	0	1	0	0
3607	1	1	0	0
3608	1	0	0	0
3609	0	0	0	0
3610	0	2	0	0
3611	2	0	0	0
3612	0	0	0	0
3613	0	2	0	0
3614	0	2	0	0
3615	0	0	0	0
3616	1	2	0	0
3617	0	2	0	0
3618	0	0	0	0
3619	2	1	0	0
3620	1	2	0	0
3621	0	5	0	0
3622	0	0	0	0
3623	2	0	0	0
3624	1	0	0	0
3625	1	0	0	0
3626	2	1	0	0
3627	2	1	0	0
3628	0	2	0	0
3629	0	0	0	0
3630	0	3	0	0
3631	1	0	0	0
3632	0	1	0	0
3633	0	0	0	0
3634	2	0	0	0
3635	1	0	0	0
3636	1	1	0	0
3637	0	0	0	0
3638	1	3	0	0
3639	0	3	0	0
3640	1	1	0	0
3641	0	0	0	0
3642	0	2	0	0
3643	0	0	0	0
3644	0	1	0	0
3645	1	2	0	0
3646	1	0	0	0
3647	2	1	0	0
3648	1	2	0	0
3649	2	2	0	0
3650	0	2	0	0
3651	1	2	0	0
3652	0	1	0	0
3653	0	2	0	0
3654	0	1	0	0
3655	1	0	0	0
3656	1	2	0	0
3657	1	2	0	0
3658	1	3	0	0
3659	1	1	0	0
3660	3	3	0	0
3661	0	1	0	0
3662	0	2	0	0
3663	0	0	0	0
3664	0	0	0	0
3665	0	2	0	0
3666	3	1	0	0
3667	0	2	0	0
3668	0	1	0	0
3669	0	3	0	0
3670	0	0	0	0
3671	0	0	0	0
3672	0	1	0	0
3673	0	0	0	0
3674	0	1	0	0
3675	1	0	0	0
3676	1	2	0	0
3677	1	1	0	0
3678	3	2	0	0
3679	0	1	0	0
3680	3	3	0	0
3681	0	1	0	0
3682	1	1	0	0
3683	1	3	0	0
3684	0	1	0	0
3685	0	0	0	0
3686	1	2	0	0
3687	1	1	0	0
3688	0	0	0	0
3689	1	3	0	0
3690	2	2	0	0
3691	1	3	0	0
3692	0	3	0	0
3693	0	0	0	0
3694	0	0	0	0
3695	1	0	0	0
3696	0	1	0	0
3697	0	0	0	0
3698	0	0	0	0
3699	0	2	0	0
3700	1	3	0	0
3701	0	2	0	0
3702	2	2	0	0
3703	0	1	0	0
3704	1	0	0	0
3705	0	1	0	0
3706	1	1	0	0
3707	0	1	0	0
3708	1	0	0	0
3709	1	1	0	0
3710	0	1	0	0
3711	2	1	0	0
3712	1	2	0	0
3713	1	2	0	0
3714	0	0	0	0
3715	0	1	0	0
3716	0	1	0	0
3717	3	1	0	0
3718	1	1	0	0
3719	0	0	0	0
3720	0	1	0	0
3721	2	2	0	0
3722	0	0	0	0
3723	2	0	0	0
3724	0	0	0	0
3725	1	1	0	0
3726	1	1	0	0
3727	0	1	0	0
3728	0	1	0	0
3729	0	3	0	0
3730	1	3	0	0
3731	0	1	0	0
3732	0	1	0	0
3733	2	1	0	0
3734	3	0	0	0
3735	1	1	0	0
3736	1	3	0	0
3737	0	2	0	0
3738	1	2	0	0
3739	0	3	0	0
3740	1	0	0	0
3741	0	3	0	0
3742	1	1	0	0
3743	1	3	0	0
3744	1	1	0	0
3745	1	2	0	0
3746	1	1	0	0
3747	3	1	0	0
3748	1	1	0	0
3749	0	1	0	0
3750	1	2	0	0
3751	2	0	0	0
3752	1	0	0	0
3753	0	1	0	0
3754	0	2	0	0
3755	1	1	0	0
3756	0	0	0	0
3757	1	1	0	0
3758	3	2	0	0
3759	0	0	0	0
3760	0	2	0	0
3761	4	1	0	0
3762	0	1	0	0
3763	0	3	0	0
3764	1	1	0	0
3765	2	0	0	0
3766	0	3	0	0
3767	0	0	0	0
3768	0	1	0	0
3769	0	1	0	0
3770	0	1	0	0
3771	0	2	0	0
3772	1	2	0	0
3773	2	0	0	0
3774	0	0	0	0
3775	2	2	0	0
3776	2	0	0	0
3777	0	3	0	0
3778	1	1	0	0
3779	2	0	0	0
3780	0	1	0	0
3781	0	1	0	0
3782	0	2	0	0
3783	0	1	0	0
3784	2	2	0	0
3785	1	0	0	0
3786	1	0	0	0
3787	0	0	0	0
3788	1	1	0	0
3789	1	0	0	0
3790	0	2	0	0
3791	1	4	0	0
3792	0	1	0	0
3793	0	2	0	0
3794	1	3	0	0
3795	1	0	0	0
3796	1	0	0	0
3797	1	0	0	0
3798	1	2	0	0
3799	1	1	0	0
3800	0	1	0	0
3801	2	0	0	0
3802	0	1	0	0
3803	0	1	0	0
3804	1	1	0	0
3805	1	3	0	0
3806	0	1	0	0
3807	0	3	0	0
3808	1	0	0	0
3809	0	0	0	0
3810	3	0	0	0
3811	2	0	0	0
3812	0	3	0	0
3813	0	2	0	0
3814	2	0	0	0
3815	0	1	0	0
3816	1	1	0	0
3817	2	0	0	0
3818	0	1	0	0
3819	0	3	0	0
3820	1	0	0	0
3821	1	2	0	0
3822	1	3	0	0
3823	1	0	0	0
3824	0	0	0	0
3825	1	1	0	0
3826	1	1	0	0
3827	0	2	0	0
3828	3	0	0	0
3829	2	1	0	0
3830	2	0	0	0
3831	2	2	0	0
3832	1	3	0	0
3833	1	2	0	0
3834	2	1	0	0
3835	1	1	0	0
3836	1	0	0	0
3837	4	0	0	0
3838	1	3	0	0
3839	0	2	0	0
3840	1	3	0	0
3841	0	3	0	0
3842	1	0	0	0
3843	1	0	0	0
3844	0	1	0	0
3845	0	1	0	0
3846	1	0	0	0
3847	0	0	0	0
3848	0	1	0	0
3849	0	0	0	0
3850	0	0	0	0
3851	3	0	0	0
3852	0	0	0	0
3853	0	0	0	0
3854	0	1	0	0
3855	0	1	0	0
3856	0	4	0	0
3857	2	3	0	0
3858	1	1	0	0
3859	1	1	0	0
3860	0	1	0	0
3861	1	2	0	0
3862	0	1	0	0
3863	0	2	0	0
3864	0	1	0	0
3865	1	0	0	0
3866	0	0	0	0
3867	1	0	0	0
3868	0	3	0	0
3869	1	0	0	0
3870	1	1	0	0
3871	1	1	0	0
3872	0	4	0	0
3873	1	3	0	0
3874	0	3	0	0
3875	1	2	0	0
3876	2	2	0	0
3877	1	2	0	0
3878	0	2	0	0
3879	0	2	0	0
3880	0	0	0	0
3881	0	1	0	0
3882	2	0	0	0
3883	0	1	0	0
3884	1	1	0	0
3885	1	3	0	0
3886	1	0	0	0
3887	2	1	0	0
3888	0	0	0	0
3889	2	0	0	0
3890	0	1	0	0
3891	1	0	0	0
3892	1	0	0	0
3893	0	0	0	0
3894	0	1	0	0
3895	0	0	0	0
3896	1	0	0	0
3897	0	1	0	0
3898	0	2	0	0
3899	0	0	0	0
3900	1	1	0	0
3901	1	0	0	0
3902	1	0	0	0
3903	2	0	0	0
3904	0	1	0	0
3905	1	2	0	0
3906	3	2	0	0
3907	1	1	0	0
3908	0	0	0	0
3909	1	0	0	0
3910	0	2	0	0
3911	0	2	0	0
3912	0	1	0	0
3913	0	0	0	0
3914	0	2	0	0
3915	0	1	0	0
3916	2	3	0	0
3917	0	3	0	0
3918	1	0	0	0
3919	1	1	0	0
3920	0	0	0	0
3921	0	2	0	0
3922	2	2	0	0
3923	0	0	0	0
3924	1	2	0	0
3925	1	4	0	0
3926	1	0	0	0
3927	1	0	0	0
3928	1	1	0	0
3929	1	1	0	0
3930	0	2	0	0
3931	0	2	0	0
3932	2	2	0	0
3933	0	2	0	0
3934	0	0	0	0
3935	0	2	0	0
3936	0	0	0	0
3937	0	1	0	0
3938	2	2	0	0
3939	0	0	0	0
3940	0	0	0	0
3941	1	1	0	0
3942	1	2	0	0
3943	1	1	0	0
3944	1	1	0	0
3945	0	0	0	0
3946	0	1	0	0
3947	1	0	0	0
3948	1	1	0	0
3949	0	0	0	0
3950	0	1	0	0
3951	0	1	0	0
3952	2	1	0	0
3953	1	1	0	0
3954	1	0	0	0
3955	0	3	0	0
3956	1	0	0	0
3957	0	0	0	0
3958	1	2	0	0
3959	0	2	0	0
3960	1	2	0	0
3961	0	0	0	0
3962	0	2	0	0
3963	0	0	0	0
3964	0	1	0	0
3965	1	1	0	0
3966	1	2	0	0
3967	0	3	0	0
3968	0	2	0	0
3969	0	0	0	0
3970	0	2	0	0
3971	0	1	0	0
3972	0	0	0	0
3973	0	1	0	0
3974	0	1	0	0
3975	1	0	0	0
3976	1	0	0	0
3977	2	0	0	0
3978	2	0	0	0
3979	0	0	0	0
3980	1	1	0	0
3981	2	0	0	0
3982	0	3	0	0
3983	0	1	0	0
3984	0	1	0	0
3985	0	0	0	0
3986	0	0	0	0
3987	1	0	0	0
3988	0	3	0	0
3989	0	3	0	0
3990	1	0	0	0
3991	2	2	0	0
3992	1	2	0	0
3993	1	0	0	0
3994	0	2	0	0
3995	0	3	0	0
3996	0	1	0	0
3997	2	1	0	0
3998	1	0	0	0
3999	0	1	0	0
4000	0	0	0	0
4001	0	1	0	0
4002	0	1	0	0
4003	0	1	0	0
4004	0	2	0	0
4005	0	0	0	0
4006	1	1	0	0
4007	1	2	0	0
4008	1	1	0	0
4009	1	2	0	0
4010	0	1	0	0
4011	0	0	0	0
4012	3	5	0	0
4013	0	0	0	0
4014	1	1	0	0
4015	2	1	0	0
4016	0	2	0	0
4017	1	2	0	0
4018	0	0	0	0
4019	0	2	0	0
4020	1	1	0	0
4021	0	1	0	0
4022	0	2	0	0
4023	1	2	0	0
4024	1	1	0	0
4025	1	0	0	0
4026	0	1	0	0
4027	0	1	0	0
4028	1	1	0	0
4029	0	0	0	0
4030	0	0	0	0
4031	0	0	0	0
4032	1	2	0	0
4033	0	3	0	0
4034	0	0	0	0
4035	0	1	0	0
4036	0	2	0	0
4037	0	2	0	0
4038	0	2	0	0
4039	0	1	0	0
4040	1	0	0	0
4041	0	0	0	0
4042	2	2	0	0
4043	0	0	0	0
4044	0	0	0	0
4045	0	1	0	0
4046	0	0	0	0
4047	1	1	0	0
4048	0	0	0	0
4049	1	0	0	0
4050	1	3	0	0
4051	1	1	0	0
4052	1	0	0	0
4053	2	4	0	0
4054	0	1	0	0
4055	0	0	0	0
4056	1	0	0	0
4057	0	1	0	0
4058	0	0	0	0
4059	0	2	0	0
4060	1	1	0	0
4061	1	3	0	0
4062	1	1	0	0
4063	1	4	0	0
4064	2	1	0	0
4065	0	2	0	0
4066	0	2	0	0
4067	1	1	0	0
4068	0	1	0	0
4069	0	0	0	0
4070	0	0	0	0
4071	1	0	0	0
4072	1	2	0	0
4073	2	0	0	0
4074	0	0	0	0
4075	0	2	0	0
4076	2	2	0	0
4077	1	0	0	0
4078	1	0	0	0
4079	0	0	0	0
4080	0	5	0	0
4081	0	0	0	0
4082	0	0	0	0
4083	0	1	0	0
4084	0	0	0	0
4085	1	1	0	0
4086	0	0	0	0
4087	0	2	0	0
4088	2	0	0	0
4089	0	0	0	0
4090	0	0	0	0
4091	0	4	0	0
4092	1	1	0	0
4093	1	0	0	0
4094	1	0	0	0
4095	0	1	0	0
4096	0	0	0	0
