Chan	Prompt	Decay	Fit	Residuals
2	0	2	0	0
3	0	1	0	0
4	0	0	0	0
5	0	0	0	0
6	0	1	0	0
7	0	0	0	0
8	0	0	0	0
9	0	0	0	0
10	0	2	0	0
11	0	0	0	0
12	0	0	0	0
13	0	1	0	0
14	0	1	0	0
15	0	0	0	0
16	0	0	0	0
17	0	0	0	0
18	0	0	0	0
19	0	0	0	0
20	0	1	0	0
21	0	2	0	0
22	0	0	0	0
23	0	0	0	0
24	1	0	0	0
25	0	0	0	0
26	0	0	0	0
27	0	0	0	0
28	0	0	0	0
29	0	1	0	0
30	0	0	0	0
31	0	0	0	0
32	0	0	0	0
33	0	0	0	0
34	0	1	0	0
35	0	0	0	0
36	0	0	0	0
37	0	0	0	0
38	0	2	0	0
39	0	1	0	0
40	0	0	0	0
41	0	0	0	0
42	0	0	0	0
43	0	0	0	0
44	0	0	0	0
45	0	0	0	0
46	0	0	0	0
47	0	0	0	0
48	0	0	0	0
49	0	1	0	0
50	0	0	0	0
51	0	1	0	0
52	0	0	0	0
53	0	0	0	0
54	0	0	0	0
55	0	0	0	0
56	0	1	0	0
57	0	0	0	0
58	0	1	0	0
59	0	0	0	0
60	0	0	0	0
61	0	1	0	0
62	0	0	0	0
63	0	0	0	0
64	0	0	0	0
65	0	0	0	0
66	0	0	0	0
67	0	0	0	0
68	0	0	0	0
69	0	1	0	0
70	0	0	0	0
71	0	0	0	0
72	0	1	0	0
73	1	0	0	0
74	0	0	0	0
75	0	0	0	0
76	0	0	0	0
77	0	0	0	0
78	0	1	0	0
79	0	0	0	0
80	0	1	0	0
81	0	1	0	0
82	0	0	0	0
83	0	0	0	0
84	0	1	0	0
85	0	0	0	0
86	0	0	0	0
87	0	0	0	0
88	0	0	0	0
89	0	0	0	0
90	0	0	0	0
91	0	0	0	0
92	0	0	0	0
93	0	0	0	0
94	0	1	0	0
95	0	0	0	0
96	0	1	0	0
97	0	0	0	0
98	0	0	0	0
99	0	0	0	0
100	0	0	0	0
101	0	0	0	0
102	0	1	0	0
103	0	0	0	0
104	0	0	0	0
105	0	0	0	0
106	0	1	0	0
107	0	1	0	0
108	0	0	0	0
109	0	0	0	0
110	0	0	0	0
111	0	0	0	0
112	0	1	0	0
113	0	0	0	0
114	0	0	0	0
115	0	0	0	0
116	0	0	0	0
117	0	1	0	0
118	0	1	0	0
119	0	1	0	0
120	0	0	0	0
121	0	0	0	0
122	0	0	0	0
123	0	0	0	0
124	0	1	0	0
125	0	0	0	0
126	0	0	0	0
127	0	0	0	0
128	0	1	0	0
129	0	1	0	0
130	0	0	0	0
131	0	0	0	0
132	0	0	0	0
133	0	0	0	0
134	0	0	0	0
135	0	0	0	0
136	0	0	0	0
137	0	0	0	0
138	0	0	0	0
139	0	0	0	0
140	0	3	0	0
141	0	1	0	0
142	0	0	0	0
143	0	0	0	0
144	0	0	0	0
145	0	2	0	0
146	0	0	0	0
147	0	0	0	0
148	0	0	0	0
149	0	1	0	0
150	0	0	0	0
151	0	0	0	0
152	0	0	0	0
153	0	1	0	0
154	0	1	0	0
155	0	0	0	0
156	0	1	0	0
157	0	0	0	0
158	0	2	0	0
159	0	0	0	0
160	0	2	0	0
161	0	0	0	0
162	0	1	0	0
163	0	0	0	0
164	0	1	0	0
165	0	0	0	0
166	0	1	0	0
167	0	1	0	0
168	0	1	0	0
169	0	0	0	0
170	0	0	0	0
171	0	1	0	0
172	0	0	0	0
173	0	0	0	0
174	0	0	0	0
175	0	1	0	0
176	0	0	0	0
177	0	0	0	0
178	0	0	0	0
179	0	1	0	0
180	0	0	0	0
181	0	1	0	0
182	0	1	0	0
183	0	0	0	0
184	0	0	0	0
185	0	2	0	0
186	0	0	0	0
187	0	0	0	0
188	0	0	0	0
189	0	0	0	0
190	0	0	0	0
191	0	2	0	0
192	0	1	0	0
193	0	0	0	0
194	0	0	0	0
195	1	1	0	0
196	1	1	0	0
197	1	0	0	0
198	5	1	0	0
199	3	0	0	0
200	10	0	0	0
201	12	2	0	0
202	13	0	0	0
203	24	0	0	0
204	39	1	0	0
205	38	1	0	0
206	52	0	0	0
207	88	2	0	0
208	102	7	0	0
209	126	3	0	0
210	178	6	0	0
211	262	13	0	0
212	352	10	0	0
213	507	17	0	0
214	694	22	0	0
215	946	29	0	0
216	1225	42	0	0
217	1658	68	0	0
218	2166	97	0	0
219	2766	143	0	0
220	3585	195	0	0
221	4264	248	0	0
222	4948	334	0	0
223	5944	432	0	0
224	6904	515	0	0
225	7521	669	0	0
226	8443	796	0	0
227	9106	1016	0	0
228	9521	1132	0	0
229	9885	1377	0	0
230	10161	1589	0	0
231	9910	1765	0	0
232	9721	2058	0	0
233	9399	2288	0	0
234	9064	2450	0	0
235	8273	2791	0	0
236	7825	2952	0	0
237	6855	3219	0	0
238	6292	3482	0	0
239	5591	3715	0	0
240	4957	3796	3729.684	0.9582714
241	4242	4062	3975.892	1.198313
242	3710	4252	4197.563	0.7385092
243	3124	4238	4387.728	-2.035007
244	2620	4632	4554.408	1.003485
245	2176	4713	4695.308	0.2265946
246	1789	4709	4811.08	-1.308039
247	1339	4823	4902.313	-1.002765
248	1112	4824	4972.768	-1.880687
249	879	4899	5022.334	-1.545716
250	761	4924	5053.847	-1.622694
251	552	4803	5058.505	-3.237941
252	451	4772	5033.861	-3.330566
253	349	4922	5009.333	-1.091649
254	255	5004	4984.918	0.2363129
255	209	4888	4960.617	-0.9112433
256	144	4799	4936.429	-1.742409
257	127	4913	4912.353	8.095375E-03
258	100	4843	4888.389	-0.572534
259	81	4719	4864.537	-1.862679
260	81	4803	4840.795	-0.4789643
261	75	4781	4817.164	-0.4594784
262	53	4709	4793.643	-1.084603
263	54	4662	4770.23	-1.394672
264	59	4792	4746.927	0.5719354
265	63	4620	4723.732	-1.343494
266	45	4621	4700.645	-1.031405
267	34	4663	4677.665	-0.1889465
268	42	4643	4654.792	-0.152301
269	33	4642	4632.026	0.1288376
270	32	4560	4609.365	-0.6440467
271	21	4462	4586.809	-1.64825
272	28	4453	4564.358	-1.472278
273	26	4740	4542.012	2.527693
274	11	4513	4519.77	-8.883332E-02
275	16	4619	4497.63	1.572121
276	25	4604	4475.594	1.666298
277	5	4552	4453.66	1.284271
278	10	4538	4431.828	1.388945
279	17	4713	4410.098	3.879513
280	8	4509	4388.469	1.582458
281	8	4466	4366.94	1.307549
282	7	4518	4345.511	2.262086
283	4	4561	4324.182	3.089311
284	5	4344	4302.952	0.5502612
285	3	4361	4281.821	1.059114
286	4	4281	4260.788	0.2731725
287	4	4410	4239.853	2.261762
288	5	4382	4219.014	2.174284
289	4	4369	4198.273	2.28133
290	4	4264	4177.628	1.169914
291	2	4276	4157.08	1.608268
292	5	4220	4136.626	1.135862
293	5	4169	4116.268	0.7232887
294	2	4127	4096.004	0.4275508
295	3	4060	4075.835	-0.2204256
296	5	3976	4055.76	-1.123254
297	0	4098	4035.777	0.8616743
298	1	3977	4015.888	-0.5475793
299	0	4010	3996.091	0.1949578
300	1	3984	3976.386	0.1071119
301	0	3934	3956.772	-0.3226001
302	1	3878	3937.25	-0.8460674
303	1	3944	3917.818	0.3703764
304	0	3949	3898.477	0.7142122
305	2	3764	3879.226	-1.672862
306	1	3789	3860.064	-1.027937
307	0	3856	3840.992	0.2149918
308	0	3697	3822.007	-1.833034
309	0	3882	3803.112	1.125857
310	1	3750	3784.303	-0.4990521
311	1	3772	3765.583	9.305301E-02
312	2	3698	3746.949	-0.7176585
313	2	3795	3728.402	0.9624833
314	2	3798	3709.942	1.27208
315	0	3651	3691.566	-0.5989827
316	0	3740	3673.277	0.972137
317	1	3748	3655.072	1.352327
318	0	3734	3636.952	1.415215
319	0	3773	3618.917	2.234038
320	0	3765	3600.965	2.381131
321	1	3711	3583.096	1.871578
322	1	3588	3565.311	0.3382616
323	2	3598	3547.608	0.7501094
324	1	3433	3529.988	-1.481684
325	0	3537	3512.449	0.3689257
326	1	3574	3494.992	1.180434
327	0	3390	3477.616	-1.347869
328	0	3573	3460.321	1.683768
329	0	3577	3443.106	1.999545
330	0	3414	3425.972	-0.1834568
331	1	3356	3408.917	-0.8185999
332	1	3498	3391.941	1.603557
333	1	3404	3375.044	0.4444398
334	1	3431	3358.226	1.112134
335	0	3331	3341.486	-0.1628784
336	1	3363	3324.823	0.5899034
337	0	3407	3308.238	1.515134
338	0	3319	3291.73	0.4244367
339	0	3318	3275.299	0.6647254
340	0	3291	3258.944	0.5012673
341	0	3327	3242.666	1.310882
342	0	3161	3226.462	-1.046645
343	0	3190	3210.335	-0.3234917
344	0	3167	3194.282	-0.4357441
345	0	3188	3178.304	0.1543052
346	1	3030	3162.4	-2.166741
347	0	3073	3146.57	-1.194687
348	1	3184	3130.813	0.8469912
349	0	3046	3115.13	-1.128055
350	0	3103	3099.52	5.621373E-02
351	0	3166	3083.982	1.310205
352	0	3086	3068.517	0.2832522
353	1	3113	3053.123	0.9654418
354	0	3131	3037.801	1.497962
355	0	2850	3022.55	-2.920346
356	0	2938	3007.37	-1.154638
357	0	3077	2992.26	1.375094
358	0	2947	2977.221	-0.5021777
359	1	2989	2962.252	0.4410249
360	0	2911	2947.352	-0.608137
361	1	2874	2932.521	-0.9859123
362	0	2847	2917.76	-1.198285
363	0	2977	2903.067	1.22171
364	1	2892	2888.443	5.972213E-02
365	1	2842	2873.886	-0.5404958
366	1	3060	2859.397	3.265164
367	0	2799	2844.975	-0.7858552
368	0	2891	2830.621	1.013923
369	0	2790	2816.333	-0.4509
370	1	2784	2802.111	-0.3104848
371	0	2726	2787.956	-1.074445
372	0	2739	2773.866	-0.6030855
373	0	2684	2759.842	-1.326486
374	0	2764	2745.883	0.3118098
375	1	2745	2731.989	0.2247775
376	0	2707	2718.16	-0.1942786
377	1	2696	2704.395	-0.146463
378	0	2701	2690.693	0.1796422
379	0	2667	2677.056	-0.1764864
380	0	2628	2663.482	-0.627772
381	0	2732	2649.97	1.420855
382	1	2552	2636.522	-1.519601
383	0	2618	2623.136	-9.106838E-02
384	0	2647	2609.813	0.6553628
385	0	2571	2596.551	-0.4575181
386	0	2469	2583.351	-2.093301
387	2	2431	2570.212	-2.570051
388	0	2518	2557.135	-0.7087707
389	2	2489	2544.118	-1.004566
390	0	2390	2531.162	-2.630307
391	0	2538	2518.267	0.355848
392	0	2472	2505.43	-0.6115707
393	1	2411	2492.654	-1.514245
394	0	2444	2479.937	-0.661521
395	0	2477	2467.279	0.1776376
396	0	2364	2454.68	-1.69975
397	1	2419	2442.139	-0.4283338
398	0	2379	2429.657	-0.9462759
399	1	2338	2417.233	-1.494142
400	0	2297	2404.866	-2.053772
401	0	2407	2392.557	0.2680757
402	1	2270	2380.305	-2.113758
403	0	2359	2368.111	-0.1709705
404	1	2344	2355.972	-0.225457
405	0	2329	2343.891	-0.2813921
406	0	2394	2331.865	1.156716
407	0	2341	2319.895	0.3977082
408	0	2220	2307.981	-1.706493
409	1	2251	2296.123	-0.8686365
410	0	2266	2284.319	-0.3513859
411	0	2256	2272.571	-0.3186072
412	0	2312	2260.877	0.9699478
413	0	2206	2249.237	-0.8415142
414	0	2228	2237.652	-0.1868378
415	0	2198	2226.12	-0.5483719
416	0	2116	2214.642	-1.963725
417	0	2115	2203.217	-1.756637
418	2	2192	2191.845	3.022982E-03
419	0	2161	2180.526	-0.3843078
420	0	2155	2169.26	-0.2810852
421	0	2034	2158.046	-2.52291
422	2	2121	2146.885	-0.5146405
423	1	2172	2135.775	0.7110157
424	1	2150	2124.716	0.4990062
425	0	2083	2113.71	-0.616588
426	0	2113	2102.754	0.2041275
427	0	2077	2091.849	-0.298611
428	0	2089	2080.995	0.1604664
429	0	2130	2070.192	1.186393
430	0	2092	2059.438	0.6522478
431	1	2115	2048.735	1.31952
432	0	2091	2038.081	1.060297
433	1	2100	2027.477	1.449712
434	0	1990	2016.922	-0.5540763
435	2	2053	2006.417	0.9426796
436	0	1979	1995.959	-0.3500844
437	0	1946	1985.551	-0.8238906
438	0	2004	1975.191	0.590659
439	0	1937	1964.88	-0.5822138
440	0	1977	1954.615	0.4623232
441	0	2000	1944.399	1.141195
442	0	1905	1934.231	-0.61595
443	1	1962	1924.109	0.785814
444	0	1931	1914.035	0.35488
445	0	1952	1904.007	0.9980682
446	0	1931	1894.026	0.7734212
447	0	1872	1884.092	-0.2572142
448	0	1885	1874.203	0.2288046
449	1	1893	1864.361	0.6055454
450	0	1802	1854.564	-1.141361
451	0	1858	1844.813	0.2816476
452	0	1749	1835.107	-1.900024
453	0	1862	1825.447	0.7798064
454	1	1871	1815.831	1.173886
455	0	1819	1806.26	0.27524
456	0	1863	1796.733	1.413289
457	0	1799	1787.251	0.2553488
458	0	1810	1777.812	0.6972437
459	0	1792	1768.418	0.5135878
460	0	1797	1759.067	0.8248931
461	0	1832	1749.76	1.769901
462	0	1734	1740.496	-0.1440051
463	0	1730	1731.275	-2.830037E-02
464	0	1688	1722.097	-0.7668903
465	0	1673	1712.961	-0.9031173
466	0	1710	1703.869	0.1369483
467	1	1719	1694.818	0.5385916
468	0	1639	1685.809	-1.06962
469	0	1738	1676.842	1.354083
470	0	1731	1667.917	1.399743
471	0	1669	1659.034	0.225526
472	0	1621	1650.191	-0.6710106
473	0	1635	1641.39	-0.146213
474	0	1697	1632.63	1.443643
475	0	1665	1623.91	0.9310133
476	0	1677	1615.231	1.394166
477	0	1587	1606.592	-0.4555191
478	1	1666	1597.994	1.540389
479	0	1503	1589.435	-2.06909
480	2	1633	1580.916	1.192489
481	0	1541	1572.437	-0.742538
482	0	1515	1563.997	-1.16791
483	1	1575	1555.597	0.4529648
484	0	1459	1547.235	-2.146064
485	0	1554	1538.912	0.3547601
486	0	1521	1530.629	-0.2290219
487	0	1502	1522.383	-0.4881012
488	0	1500	1514.176	-0.3397038
489	0	1505	1506.007	-2.408449E-02
490	0	1484	1497.876	-0.3344298
491	0	1477	1489.783	-0.3088645
492	0	1426	1481.727	-1.3721
493	0	1488	1473.709	0.3439454
494	0	1477	1465.728	0.2723665
495	0	1462	1457.784	0.1024249
496	1	1446	1449.877	-9.475458E-02
497	0	1519	1442.007	1.832626
498	0	1412	1434.173	-0.54884
499	0	1408	1426.376	-0.4555472
500	1	1529	1418.615	2.618202
501	0	1483	0	0
502	0	1341	0	0
503	0	1402	0	0
504	0	1446	0	0
505	1	1388	0	0
506	0	1416	0	0
507	0	1464	0	0
508	1	1410	0	0
509	0	1397	0	0
510	0	1450	0	0
511	1	1358	0	0
512	0	1419	0	0
513	0	1417	0	0
514	2	1385	0	0
515	0	1287	0	0
516	0	1319	0	0
517	0	1268	0	0
518	0	1299	0	0
519	0	1323	0	0
520	0	1252	0	0
521	1	1311	0	0
522	1	1271	0	0
523	0	1272	0	0
524	0	1277	0	0
525	0	1312	0	0
526	0	1225	0	0
527	0	1190	0	0
528	0	1261	0	0
529	0	1205	0	0
530	0	1162	0	0
531	0	1214	0	0
532	1	1187	0	0
533	2	1196	0	0
534	0	1145	0	0
535	0	1090	0	0
536	0	1145	0	0
537	0	1124	0	0
538	0	1145	0	0
539	0	1105	0	0
540	1	1103	0	0
541	1	1107	0	0
542	0	1063	0	0
543	1	1107	0	0
544	0	1173	0	0
545	0	1190	0	0
546	0	1119	0	0
547	0	1159	0	0
548	1	1169	0	0
549	1	1097	0	0
550	2	1109	0	0
551	0	1142	0	0
552	1	1172	0	0
553	2	1098	0	0
554	0	1070	0	0
555	0	1097	0	0
556	0	1171	0	0
557	0	1101	0	0
558	1	1127	0	0
559	1	1134	0	0
560	0	997	0	0
561	0	1058	0	0
562	0	1098	0	0
563	0	1040	0	0
564	0	1077	0	0
565	0	1018	0	0
566	0	1021	0	0
567	1	998	0	0
568	0	1094	0	0
569	0	999	0	0
570	0	1028	0	0
571	0	986	0	0
572	0	976	0	0
573	1	982	0	0
574	0	1042	0	0
575	0	970	0	0
576	0	988	0	0
577	2	1016	0	0
578	2	971	0	0
579	0	974	0	0
580	0	934	0	0
581	0	1011	0	0
582	0	922	0	0
583	0	1002	0	0
584	0	984	0	0
585	0	1021	0	0
586	0	920	0	0
587	0	914	0	0
588	0	960	0	0
589	0	900	0	0
590	0	852	0	0
591	1	921	0	0
592	0	880	0	0
593	0	916	0	0
594	0	882	0	0
595	0	819	0	0
596	2	917	0	0
597	0	936	0	0
598	0	846	0	0
599	0	870	0	0
600	0	903	0	0
601	0	868	0	0
602	0	812	0	0
603	0	854	0	0
604	0	768	0	0
605	0	826	0	0
606	0	863	0	0
607	0	850	0	0
608	0	853	0	0
609	1	851	0	0
610	1	788	0	0
611	0	826	0	0
612	0	842	0	0
613	0	847	0	0
614	1	816	0	0
615	0	815	0	0
616	0	817	0	0
617	0	820	0	0
618	0	873	0	0
619	1	766	0	0
620	0	726	0	0
621	0	774	0	0
622	0	736	0	0
623	1	748	0	0
624	1	745	0	0
625	0	685	0	0
626	1	765	0	0
627	1	728	0	0
628	0	714	0	0
629	0	751	0	0
630	0	696	0	0
631	1	750	0	0
632	1	744	0	0
633	0	738	0	0
634	0	698	0	0
635	0	711	0	0
636	1	761	0	0
637	0	739	0	0
638	0	708	0	0
639	0	743	0	0
640	0	689	0	0
641	0	731	0	0
642	0	695	0	0
643	1	677	0	0
644	0	675	0	0
645	0	677	0	0
646	1	659	0	0
647	0	691	0	0
648	0	683	0	0
649	0	649	0	0
650	0	611	0	0
651	0	749	0	0
652	2	707	0	0
653	0	688	0	0
654	1	659	0	0
655	0	618	0	0
656	0	672	0	0
657	0	670	0	0
658	0	687	0	0
659	0	661	0	0
660	1	651	0	0
661	2	634	0	0
662	1	621	0	0
663	5	631	0	0
664	1	615	0	0
665	0	622	0	0
666	0	614	0	0
667	1	600	0	0
668	2	653	0	0
669	0	616	0	0
670	1	579	0	0
671	0	604	0	0
672	0	598	0	0
673	0	629	0	0
674	0	636	0	0
675	2	579	0	0
676	0	606	0	0
677	1	596	0	0
678	0	609	0	0
679	0	595	0	0
680	0	528	0	0
681	1	567	0	0
682	1	590	0	0
683	0	566	0	0
684	0	561	0	0
685	0	549	0	0
686	0	583	0	0
687	1	517	0	0
688	1	591	0	0
689	1	558	0	0
690	1	537	0	0
691	1	554	0	0
692	2	514	0	0
693	1	570	0	0
694	0	552	0	0
695	0	506	0	0
696	0	515	0	0
697	2	576	0	0
698	2	523	0	0
699	1	508	0	0
700	2	508	0	0
701	2	531	0	0
702	1	561	0	0
703	0	536	0	0
704	1	484	0	0
705	1	488	0	0
706	0	493	0	0
707	1	448	0	0
708	1	474	0	0
709	1	461	0	0
710	1	460	0	0
711	0	491	0	0
712	1	434	0	0
713	2	470	0	0
714	1	476	0	0
715	0	480	0	0
716	0	484	0	0
717	2	480	0	0
718	0	471	0	0
719	0	494	0	0
720	3	460	0	0
721	2	471	0	0
722	1	470	0	0
723	1	482	0	0
724	0	473	0	0
725	1	454	0	0
726	2	401	0	0
727	0	449	0	0
728	1	452	0	0
729	0	478	0	0
730	1	464	0	0
731	1	437	0	0
732	2	415	0	0
733	3	436	0	0
734	1	431	0	0
735	3	432	0	0
736	0	436	0	0
737	1	467	0	0
738	0	437	0	0
739	0	399	0	0
740	0	451	0	0
741	0	407	0	0
742	0	400	0	0
743	0	417	0	0
744	1	431	0	0
745	0	363	0	0
746	0	410	0	0
747	0	406	0	0
748	0	404	0	0
749	0	414	0	0
750	0	411	0	0
751	0	400	0	0
752	2	409	0	0
753	0	392	0	0
754	0	385	0	0
755	1	388	0	0
756	0	401	0	0
757	0	356	0	0
758	0	381	0	0
759	1	366	0	0
760	0	410	0	0
761	0	371	0	0
762	1	412	0	0
763	0	379	0	0
764	0	399	0	0
765	0	370	0	0
766	0	366	0	0
767	0	397	0	0
768	1	391	0	0
769	0	347	0	0
770	0	355	0	0
771	1	381	0	0
772	0	343	0	0
773	1	372	0	0
774	0	354	0	0
775	0	377	0	0
776	2	377	0	0
777	2	343	0	0
778	1	368	0	0
779	0	345	0	0
780	0	346	0	0
781	0	344	0	0
782	1	333	0	0
783	1	371	0	0
784	1	357	0	0
785	0	332	0	0
786	0	350	0	0
787	0	352	0	0
788	1	318	0	0
789	1	312	0	0
790	0	353	0	0
791	0	349	0	0
792	0	329	0	0
793	0	331	0	0
794	0	345	0	0
795	0	335	0	0
796	1	364	0	0
797	0	309	0	0
798	0	318	0	0
799	1	352	0	0
800	0	284	0	0
801	2	317	0	0
802	1	323	0	0
803	1	304	0	0
804	0	311	0	0
805	0	297	0	0
806	0	285	0	0
807	0	266	0	0
808	0	325	0	0
809	0	278	0	0
810	0	306	0	0
811	0	275	0	0
812	0	306	0	0
813	0	284	0	0
814	1	287	0	0
815	1	277	0	0
816	1	292	0	0
817	0	319	0	0
818	1	313	0	0
819	0	265	0	0
820	0	253	0	0
821	0	324	0	0
822	0	277	0	0
823	0	333	0	0
824	1	283	0	0
825	0	301	0	0
826	0	261	0	0
827	0	269	0	0
828	1	267	0	0
829	0	264	0	0
830	0	307	0	0
831	0	262	0	0
832	0	267	0	0
833	0	284	0	0
834	0	273	0	0
835	0	251	0	0
836	0	274	0	0
837	0	221	0	0
838	0	262	0	0
839	0	285	0	0
840	1	259	0	0
841	0	243	0	0
842	0	261	0	0
843	0	283	0	0
844	0	240	0	0
845	1	249	0	0
846	0	259	0	0
847	0	227	0	0
848	0	253	0	0
849	0	263	0	0
850	1	226	0	0
851	0	242	0	0
852	0	272	0	0
853	0	218	0	0
854	1	213	0	0
855	0	210	0	0
856	1	241	0	0
857	0	239	0	0
858	0	225	0	0
859	1	229	0	0
860	1	252	0	0
861	0	236	0	0
862	0	228	0	0
863	0	223	0	0
864	0	210	0	0
865	0	245	0	0
866	0	224	0	0
867	0	221	0	0
868	0	226	0	0
869	0	266	0	0
870	1	202	0	0
871	0	234	0	0
872	0	214	0	0
873	1	234	0	0
874	0	212	0	0
875	0	190	0	0
876	0	240	0	0
877	1	223	0	0
878	0	208	0	0
879	0	212	0	0
880	0	237	0	0
881	0	234	0	0
882	0	218	0	0
883	0	190	0	0
884	0	196	0	0
885	1	199	0	0
886	1	222	0	0
887	0	220	0	0
888	0	199	0	0
889	0	183	0	0
890	0	197	0	0
891	1	215	0	0
892	1	203	0	0
893	1	183	0	0
894	1	187	0	0
895	0	206	0	0
896	0	206	0	0
897	0	200	0	0
898	0	212	0	0
899	0	194	0	0
900	0	181	0	0
901	0	202	0	0
902	0	190	0	0
903	0	181	0	0
904	0	196	0	0
905	0	196	0	0
906	0	190	0	0
907	0	185	0	0
908	0	193	0	0
909	0	208	0	0
910	0	195	0	0
911	0	181	0	0
912	0	168	0	0
913	0	166	0	0
914	0	197	0	0
915	0	174	0	0
916	0	180	0	0
917	0	176	0	0
918	0	206	0	0
919	0	163	0	0
920	0	159	0	0
921	0	180	0	0
922	1	168	0	0
923	0	162	0	0
924	0	189	0	0
925	0	191	0	0
926	0	162	0	0
927	0	199	0	0
928	0	159	0	0
929	0	168	0	0
930	0	172	0	0
931	0	166	0	0
932	0	151	0	0
933	0	184	0	0
934	0	158	0	0
935	0	146	0	0
936	0	170	0	0
937	0	165	0	0
938	0	158	0	0
939	0	162	0	0
940	0	145	0	0
941	0	158	0	0
942	0	149	0	0
943	0	168	0	0
944	0	160	0	0
945	0	162	0	0
946	0	157	0	0
947	0	153	0	0
948	0	138	0	0
949	0	141	0	0
950	1	141	0	0
951	0	141	0	0
952	0	114	0	0
953	0	127	0	0
954	0	128	0	0
955	1	146	0	0
956	0	154	0	0
957	0	127	0	0
958	0	153	0	0
959	0	145	0	0
960	0	138	0	0
961	1	148	0	0
962	0	137	0	0
963	0	141	0	0
964	0	139	0	0
965	0	123	0	0
966	0	123	0	0
967	0	133	0	0
968	0	135	0	0
969	0	131	0	0
970	0	173	0	0
971	0	128	0	0
972	0	128	0	0
973	0	116	0	0
974	0	114	0	0
975	0	145	0	0
976	0	122	0	0
977	0	137	0	0
978	0	117	0	0
979	0	126	0	0
980	1	103	0	0
981	0	116	0	0
982	0	123	0	0
983	0	116	0	0
984	0	142	0	0
985	0	128	0	0
986	1	133	0	0
987	0	119	0	0
988	0	131	0	0
989	0	118	0	0
990	0	112	0	0
991	0	135	0	0
992	0	127	0	0
993	1	98	0	0
994	0	108	0	0
995	0	136	0	0
996	0	127	0	0
997	1	121	0	0
998	0	129	0	0
999	0	121	0	0
1000	0	108	0	0
1001	0	112	0	0
1002	0	110	0	0
1003	0	119	0	0
1004	0	111	0	0
1005	0	122	0	0
1006	0	99	0	0
1007	0	113	0	0
1008	0	107	0	0
1009	0	122	0	0
1010	0	107	0	0
1011	0	109	0	0
1012	0	92	0	0
1013	0	99	0	0
1014	0	105	0	0
1015	0	89	0	0
1016	0	102	0	0
1017	0	105	0	0
1018	0	119	0	0
1019	0	104	0	0
1020	1	96	0	0
1021	0	85	0	0
1022	1	107	0	0
1023	0	111	0	0
1024	0	103	0	0
1025	0	108	0	0
1026	0	110	0	0
1027	0	106	0	0
1028	0	107	0	0
1029	0	100	0	0
1030	0	101	0	0
1031	0	96	0	0
1032	0	86	0	0
1033	0	100	0	0
1034	0	105	0	0
1035	1	104	0	0
1036	0	97	0	0
1037	0	108	0	0
1038	0	96	0	0
1039	0	108	0	0
1040	1	96	0	0
1041	0	99	0	0
1042	0	98	0	0
1043	0	76	0	0
1044	1	97	0	0
1045	0	103	0	0
1046	0	101	0	0
1047	0	89	0	0
1048	0	101	0	0
1049	0	95	0	0
1050	0	84	0	0
1051	0	106	0	0
1052	0	87	0	0
1053	0	79	0	0
1054	0	92	0	0
1055	0	91	0	0
1056	0	88	0	0
1057	1	80	0	0
1058	0	96	0	0
1059	0	66	0	0
1060	0	83	0	0
1061	0	74	0	0
1062	0	68	0	0
1063	0	72	0	0
1064	0	85	0	0
1065	0	79	0	0
1066	0	84	0	0
1067	0	87	0	0
1068	0	76	0	0
1069	0	80	0	0
1070	0	93	0	0
1071	0	71	0	0
1072	1	71	0	0
1073	0	96	0	0
1074	0	77	0	0
1075	0	79	0	0
1076	0	88	0	0
1077	0	88	0	0
1078	0	82	0	0
1079	0	83	0	0
1080	1	70	0	0
1081	0	80	0	0
1082	0	80	0	0
1083	0	73	0	0
1084	0	71	0	0
1085	0	84	0	0
1086	1	65	0	0
1087	0	75	0	0
1088	0	69	0	0
1089	0	59	0	0
1090	0	62	0	0
1091	0	66	0	0
1092	0	73	0	0
1093	0	67	0	0
1094	0	59	0	0
1095	0	60	0	0
1096	0	91	0	0
1097	0	76	0	0
1098	0	62	0	0
1099	0	68	0	0
1100	0	63	0	0
1101	0	79	0	0
1102	0	72	0	0
1103	0	70	0	0
1104	0	53	0	0
1105	0	68	0	0
1106	0	75	0	0
1107	0	62	0	0
1108	0	64	0	0
1109	1	59	0	0
1110	0	68	0	0
1111	0	67	0	0
1112	0	70	0	0
1113	0	80	0	0
1114	0	78	0	0
1115	0	70	0	0
1116	0	65	0	0
1117	1	76	0	0
1118	1	51	0	0
1119	0	63	0	0
1120	1	51	0	0
1121	0	69	0	0
1122	0	61	0	0
1123	0	64	0	0
1124	0	69	0	0
1125	1	66	0	0
1126	0	65	0	0
1127	0	57	0	0
1128	0	55	0	0
1129	0	64	0	0
1130	1	67	0	0
1131	0	58	0	0
1132	0	58	0	0
1133	0	64	0	0
1134	0	53	0	0
1135	0	66	0	0
1136	0	63	0	0
1137	0	68	0	0
1138	0	54	0	0
1139	0	67	0	0
1140	0	62	0	0
1141	0	58	0	0
1142	0	67	0	0
1143	0	60	0	0
1144	0	58	0	0
1145	0	52	0	0
1146	0	43	0	0
1147	0	56	0	0
1148	0	38	0	0
1149	0	48	0	0
1150	1	35	0	0
1151	0	45	0	0
1152	1	52	0	0
1153	0	54	0	0
1154	0	56	0	0
1155	0	53	0	0
1156	0	43	0	0
1157	0	63	0	0
1158	0	52	0	0
1159	0	36	0	0
1160	0	51	0	0
1161	0	45	0	0
1162	0	66	0	0
1163	0	56	0	0
1164	0	40	0	0
1165	0	51	0	0
1166	0	43	0	0
1167	0	39	0	0
1168	1	54	0	0
1169	0	36	0	0
1170	0	42	0	0
1171	0	45	0	0
1172	0	50	0	0
1173	0	54	0	0
1174	0	47	0	0
1175	0	52	0	0
1176	0	51	0	0
1177	0	46	0	0
1178	0	54	0	0
1179	0	42	0	0
1180	0	38	0	0
1181	0	44	0	0
1182	0	34	0	0
1183	0	50	0	0
1184	0	49	0	0
1185	0	40	0	0
1186	0	45	0	0
1187	0	39	0	0
1188	0	43	0	0
1189	1	38	0	0
1190	0	40	0	0
1191	0	48	0	0
1192	0	42	0	0
1193	0	54	0	0
1194	0	35	0	0
1195	0	40	0	0
1196	0	42	0	0
1197	0	28	0	0
1198	1	42	0	0
1199	0	35	0	0
1200	0	41	0	0
1201	0	37	0	0
1202	1	38	0	0
1203	0	37	0	0
1204	0	42	0	0
1205	0	51	0	0
1206	0	32	0	0
1207	0	37	0	0
1208	0	41	0	0
1209	0	36	0	0
1210	1	33	0	0
1211	0	40	0	0
1212	0	48	0	0
1213	0	46	0	0
1214	0	27	0	0
1215	0	42	0	0
1216	0	42	0	0
1217	0	43	0	0
1218	0	31	0	0
1219	1	39	0	0
1220	0	42	0	0
1221	0	41	0	0
1222	0	44	0	0
1223	0	33	0	0
1224	0	36	0	0
1225	0	28	0	0
1226	0	29	0	0
1227	2	33	0	0
1228	0	33	0	0
1229	0	28	0	0
1230	0	35	0	0
1231	1	31	0	0
1232	0	31	0	0
1233	0	38	0	0
1234	1	37	0	0
1235	0	39	0	0
1236	1	47	0	0
1237	0	41	0	0
1238	0	38	0	0
1239	0	30	0	0
1240	0	30	0	0
1241	0	38	0	0
1242	0	29	0	0
1243	0	40	0	0
1244	0	36	0	0
1245	0	40	0	0
1246	0	30	0	0
1247	0	36	0	0
1248	0	39	0	0
1249	0	32	0	0
1250	1	36	0	0
1251	0	40	0	0
1252	0	27	0	0
1253	0	38	0	0
1254	0	37	0	0
1255	1	23	0	0
1256	0	34	0	0
1257	0	31	0	0
1258	0	22	0	0
1259	0	28	0	0
1260	0	38	0	0
1261	1	43	0	0
1262	0	21	0	0
1263	0	33	0	0
1264	0	34	0	0
1265	0	30	0	0
1266	1	31	0	0
1267	0	31	0	0
1268	0	36	0	0
1269	0	40	0	0
1270	0	28	0	0
1271	0	39	0	0
1272	0	29	0	0
1273	0	31	0	0
1274	0	38	0	0
1275	0	30	0	0
1276	0	28	0	0
1277	0	28	0	0
1278	1	30	0	0
1279	0	36	0	0
1280	0	36	0	0
1281	0	20	0	0
1282	0	31	0	0
1283	2	22	0	0
1284	0	26	0	0
1285	0	19	0	0
1286	0	22	0	0
1287	1	26	0	0
1288	0	35	0	0
1289	0	21	0	0
1290	0	34	0	0
1291	0	32	0	0
1292	0	25	0	0
1293	0	29	0	0
1294	0	36	0	0
1295	0	27	0	0
1296	0	20	0	0
1297	1	22	0	0
1298	0	30	0	0
1299	1	17	0	0
1300	0	30	0	0
1301	3	29	0	0
1302	0	31	0	0
1303	0	34	0	0
1304	1	27	0	0
1305	0	25	0	0
1306	0	28	0	0
1307	0	17	0	0
1308	0	31	0	0
1309	0	18	0	0
1310	1	21	0	0
1311	0	32	0	0
1312	0	24	0	0
1313	0	22	0	0
1314	2	36	0	0
1315	0	34	0	0
1316	0	25	0	0
1317	0	29	0	0
1318	0	21	0	0
1319	1	23	0	0
1320	0	19	0	0
1321	0	20	0	0
1322	0	21	0	0
1323	0	35	0	0
1324	2	21	0	0
1325	1	24	0	0
1326	1	25	0	0
1327	0	20	0	0
1328	1	22	0	0
1329	0	24	0	0
1330	0	23	0	0
1331	2	21	0	0
1332	1	19	0	0
1333	1	23	0	0
1334	0	21	0	0
1335	0	21	0	0
1336	0	18	0	0
1337	0	28	0	0
1338	0	21	0	0
1339	2	16	0	0
1340	0	23	0	0
1341	1	23	0	0
1342	0	21	0	0
1343	1	26	0	0
1344	1	25	0	0
1345	1	17	0	0
1346	0	26	0	0
1347	1	24	0	0
1348	0	21	0	0
1349	0	20	0	0
1350	0	26	0	0
1351	0	15	0	0
1352	1	25	0	0
1353	0	20	0	0
1354	0	28	0	0
1355	0	21	0	0
1356	0	21	0	0
1357	0	23	0	0
1358	0	14	0	0
1359	2	20	0	0
1360	0	17	0	0
1361	0	20	0	0
1362	0	17	0	0
1363	1	13	0	0
1364	2	18	0	0
1365	0	25	0	0
1366	0	14	0	0
1367	1	21	0	0
1368	0	21	0	0
1369	3	13	0	0
1370	0	19	0	0
1371	0	14	0	0
1372	2	14	0	0
1373	0	15	0	0
1374	0	14	0	0
1375	1	22	0	0
1376	0	18	0	0
1377	1	29	0	0
1378	0	28	0	0
1379	0	25	0	0
1380	0	22	0	0
1381	1	16	0	0
1382	1	26	0	0
1383	0	18	0	0
1384	0	14	0	0
1385	0	19	0	0
1386	1	16	0	0
1387	0	20	0	0
1388	0	11	0	0
1389	0	18	0	0
1390	0	11	0	0
1391	1	15	0	0
1392	0	15	0	0
1393	0	18	0	0
1394	0	18	0	0
1395	1	15	0	0
1396	0	17	0	0
1397	1	8	0	0
1398	0	12	0	0
1399	0	11	0	0
1400	1	19	0	0
1401	1	14	0	0
1402	1	15	0	0
1403	1	25	0	0
1404	0	21	0	0
1405	0	17	0	0
1406	1	14	0	0
1407	0	14	0	0
1408	1	12	0	0
1409	0	17	0	0
1410	0	16	0	0
1411	3	15	0	0
1412	1	10	0	0
1413	0	26	0	0
1414	2	13	0	0
1415	0	12	0	0
1416	1	17	0	0
1417	0	21	0	0
1418	1	16	0	0
1419	1	14	0	0
1420	0	17	0	0
1421	0	16	0	0
1422	0	16	0	0
1423	0	12	0	0
1424	1	13	0	0
1425	0	13	0	0
1426	0	9	0	0
1427	0	12	0	0
1428	0	19	0	0
1429	0	14	0	0
1430	0	16	0	0
1431	0	15	0	0
1432	0	11	0	0
1433	0	18	0	0
1434	0	9	0	0
1435	0	16	0	0
1436	1	9	0	0
1437	0	10	0	0
1438	0	14	0	0
1439	0	9	0	0
1440	1	11	0	0
1441	2	8	0	0
1442	0	23	0	0
1443	0	15	0	0
1444	1	24	0	0
1445	0	13	0	0
1446	1	8	0	0
1447	0	12	0	0
1448	2	18	0	0
1449	1	17	0	0
1450	0	23	0	0
1451	1	8	0	0
1452	0	12	0	0
1453	0	11	0	0
1454	0	7	0	0
1455	1	14	0	0
1456	1	22	0	0
1457	1	9	0	0
1458	1	15	0	0
1459	1	14	0	0
1460	0	18	0	0
1461	0	11	0	0
1462	0	11	0	0
1463	0	7	0	0
1464	0	12	0	0
1465	0	9	0	0
1466	0	11	0	0
1467	1	8	0	0
1468	0	11	0	0
1469	0	13	0	0
1470	0	19	0	0
1471	0	14	0	0
1472	0	10	0	0
1473	0	12	0	0
1474	1	5	0	0
1475	0	14	0	0
1476	0	18	0	0
1477	2	13	0	0
1478	1	11	0	0
1479	0	14	0	0
1480	0	15	0	0
1481	1	13	0	0
1482	0	8	0	0
1483	0	11	0	0
1484	2	8	0	0
1485	0	9	0	0
1486	1	7	0	0
1487	0	12	0	0
1488	1	13	0	0
1489	0	15	0	0
1490	1	15	0	0
1491	0	9	0	0
1492	1	7	0	0
1493	0	9	0	0
1494	2	11	0	0
1495	2	9	0	0
1496	0	8	0	0
1497	1	8	0	0
1498	0	10	0	0
1499	0	7	0	0
1500	2	11	0	0
1501	1	16	0	0
1502	0	18	0	0
1503	0	11	0	0
1504	0	10	0	0
1505	0	8	0	0
1506	1	17	0	0
1507	1	5	0	0
1508	0	5	0	0
1509	0	9	0	0
1510	0	7	0	0
1511	1	7	0	0
1512	0	11	0	0
1513	2	8	0	0
1514	1	8	0	0
1515	0	12	0	0
1516	1	14	0	0
1517	0	8	0	0
1518	0	10	0	0
1519	1	7	0	0
1520	1	8	0	0
1521	1	8	0	0
1522	0	11	0	0
1523	0	10	0	0
1524	0	5	0	0
1525	1	9	0	0
1526	0	10	0	0
1527	0	14	0	0
1528	0	5	0	0
1529	0	9	0	0
1530	0	5	0	0
1531	0	11	0	0
1532	0	11	0	0
1533	0	12	0	0
1534	0	13	0	0
1535	0	11	0	0
1536	0	12	0	0
1537	1	5	0	0
1538	0	7	0	0
1539	0	5	0	0
1540	1	6	0	0
1541	0	11	0	0
1542	0	7	0	0
1543	1	5	0	0
1544	1	9	0	0
1545	0	12	0	0
1546	0	8	0	0
1547	1	12	0	0
1548	1	13	0	0
1549	0	8	0	0
1550	2	5	0	0
1551	0	8	0	0
1552	0	6	0	0
1553	1	8	0	0
1554	0	11	0	0
1555	0	6	0	0
1556	0	9	0	0
1557	0	11	0	0
1558	0	7	0	0
1559	1	7	0	0
1560	0	3	0	0
1561	2	12	0	0
1562	1	10	0	0
1563	0	8	0	0
1564	1	8	0	0
1565	0	8	0	0
1566	0	10	0	0
1567	0	14	0	0
1568	0	11	0	0
1569	0	7	0	0
1570	1	8	0	0
1571	1	6	0	0
1572	1	5	0	0
1573	1	9	0	0
1574	0	10	0	0
1575	0	10	0	0
1576	0	13	0	0
1577	1	7	0	0
1578	0	11	0	0
1579	1	7	0	0
1580	0	8	0	0
1581	1	9	0	0
1582	1	9	0	0
1583	0	4	0	0
1584	2	9	0	0
1585	0	4	0	0
1586	0	7	0	0
1587	1	12	0	0
1588	1	11	0	0
1589	1	10	0	0
1590	0	11	0	0
1591	0	9	0	0
1592	1	9	0	0
1593	0	10	0	0
1594	2	5	0	0
1595	0	13	0	0
1596	0	5	0	0
1597	0	12	0	0
1598	0	5	0	0
1599	0	5	0	0
1600	2	7	0	0
1601	1	5	0	0
1602	0	5	0	0
1603	1	4	0	0
1604	0	9	0	0
1605	1	4	0	0
1606	0	6	0	0
1607	1	8	0	0
1608	0	9	0	0
1609	2	8	0	0
1610	0	3	0	0
1611	0	4	0	0
1612	1	3	0	0
1613	1	4	0	0
1614	1	3	0	0
1615	1	4	0	0
1616	1	7	0	0
1617	0	4	0	0
1618	1	7	0	0
1619	2	6	0	0
1620	0	8	0	0
1621	0	7	0	0
1622	1	7	0	0
1623	0	3	0	0
1624	0	5	0	0
1625	0	5	0	0
1626	2	10	0	0
1627	2	6	0	0
1628	1	3	0	0
1629	1	5	0	0
1630	1	6	0	0
1631	1	9	0	0
1632	0	7	0	0
1633	2	6	0	0
1634	0	9	0	0
1635	0	6	0	0
1636	2	5	0	0
1637	1	12	0	0
1638	2	5	0	0
1639	1	8	0	0
1640	0	3	0	0
1641	1	6	0	0
1642	1	2	0	0
1643	0	8	0	0
1644	0	7	0	0
1645	1	5	0	0
1646	0	12	0	0
1647	1	7	0	0
1648	3	2	0	0
1649	0	5	0	0
1650	0	4	0	0
1651	0	4	0	0
1652	0	9	0	0
1653	1	6	0	0
1654	1	3	0	0
1655	0	8	0	0
1656	0	4	0	0
1657	0	7	0	0
1658	1	12	0	0
1659	0	7	0	0
1660	1	7	0	0
1661	3	0	0	0
1662	2	7	0	0
1663	2	3	0	0
1664	1	3	0	0
1665	0	5	0	0
1666	0	7	0	0
1667	1	7	0	0
1668	0	3	0	0
1669	0	7	0	0
1670	2	7	0	0
1671	1	8	0	0
1672	1	3	0	0
1673	0	1	0	0
1674	0	8	0	0
1675	1	7	0	0
1676	3	3	0	0
1677	2	4	0	0
1678	0	5	0	0
1679	2	3	0	0
1680	0	5	0	0
1681	0	5	0	0
1682	1	8	0	0
1683	0	3	0	0
1684	2	7	0	0
1685	0	8	0	0
1686	0	4	0	0
1687	0	8	0	0
1688	0	3	0	0
1689	1	4	0	0
1690	1	0	0	0
1691	1	2	0	0
1692	0	8	0	0
1693	1	11	0	0
1694	0	4	0	0
1695	0	4	0	0
1696	1	6	0	0
1697	0	7	0	0
1698	1	7	0	0
1699	0	4	0	0
1700	0	3	0	0
1701	0	4	0	0
1702	1	9	0	0
1703	0	6	0	0
1704	0	10	0	0
1705	2	4	0	0
1706	3	3	0	0
1707	0	7	0	0
1708	1	8	0	0
1709	0	3	0	0
1710	0	8	0	0
1711	1	0	0	0
1712	1	7	0	0
1713	0	2	0	0
1714	1	7	0	0
1715	0	8	0	0
1716	0	4	0	0
1717	2	3	0	0
1718	0	4	0	0
1719	0	6	0	0
1720	3	3	0	0
1721	0	5	0	0
1722	0	9	0	0
1723	1	9	0	0
1724	0	6	0	0
1725	0	5	0	0
1726	0	4	0	0
1727	0	5	0	0
1728	0	4	0	0
1729	0	3	0	0
1730	0	4	0	0
1731	0	4	0	0
1732	0	3	0	0
1733	1	5	0	0
1734	4	7	0	0
1735	0	4	0	0
1736	0	5	0	0
1737	0	7	0	0
1738	0	4	0	0
1739	2	4	0	0
1740	0	7	0	0
1741	1	2	0	0
1742	1	3	0	0
1743	1	7	0	0
1744	0	4	0	0
1745	0	6	0	0
1746	0	2	0	0
1747	0	5	0	0
1748	1	3	0	0
1749	1	4	0	0
1750	0	5	0	0
1751	1	10	0	0
1752	2	4	0	0
1753	0	5	0	0
1754	2	1	0	0
1755	0	8	0	0
1756	0	5	0	0
1757	1	4	0	0
1758	0	5	0	0
1759	1	5	0	0
1760	1	3	0	0
1761	2	8	0	0
1762	1	4	0	0
1763	1	2	0	0
1764	0	4	0	0
1765	1	8	0	0
1766	0	1	0	0
1767	1	3	0	0
1768	1	7	0	0
1769	2	4	0	0
1770	1	6	0	0
1771	0	1	0	0
1772	0	6	0	0
1773	1	8	0	0
1774	2	3	0	0
1775	0	8	0	0
1776	1	6	0	0
1777	0	4	0	0
1778	0	5	0	0
1779	1	5	0	0
1780	1	1	0	0
1781	2	3	0	0
1782	0	4	0	0
1783	0	5	0	0
1784	4	4	0	0
1785	2	6	0	0
1786	1	2	0	0
1787	0	5	0	0
1788	1	4	0	0
1789	0	4	0	0
1790	3	2	0	0
1791	0	6	0	0
1792	1	4	0	0
1793	1	1	0	0
1794	1	2	0	0
1795	1	4	0	0
1796	0	8	0	0
1797	0	2	0	0
1798	0	3	0	0
1799	2	5	0	0
1800	1	6	0	0
1801	0	4	0	0
1802	2	3	0	0
1803	0	3	0	0
1804	0	2	0	0
1805	0	4	0	0
1806	1	5	0	0
1807	0	4	0	0
1808	0	3	0	0
1809	1	2	0	0
1810	1	6	0	0
1811	3	3	0	0
1812	1	1	0	0
1813	3	5	0	0
1814	0	0	0	0
1815	0	4	0	0
1816	1	10	0	0
1817	0	5	0	0
1818	0	7	0	0
1819	1	2	0	0
1820	0	5	0	0
1821	0	8	0	0
1822	2	7	0	0
1823	1	2	0	0
1824	0	5	0	0
1825	0	5	0	0
1826	1	5	0	0
1827	0	2	0	0
1828	1	4	0	0
1829	1	9	0	0
1830	2	3	0	0
1831	2	3	0	0
1832	1	3	0	0
1833	0	3	0	0
1834	0	7	0	0
1835	0	1	0	0
1836	0	7	0	0
1837	1	4	0	0
1838	1	3	0	0
1839	2	2	0	0
1840	0	6	0	0
1841	2	1	0	0
1842	0	3	0	0
1843	1	3	0	0
1844	0	3	0	0
1845	2	3	0	0
1846	1	6	0	0
1847	1	6	0	0
1848	0	3	0	0
1849	1	6	0	0
1850	0	7	0	0
1851	0	2	0	0
1852	0	3	0	0
1853	2	3	0	0
1854	1	3	0	0
1855	2	4	0	0
1856	0	3	0	0
1857	2	2	0	0
1858	0	2	0	0
1859	1	4	0	0
1860	2	4	0	0
1861	1	3	0	0
1862	0	5	0	0
1863	1	0	0	0
1864	1	7	0	0
1865	3	6	0	0
1866	1	9	0	0
1867	0	1	0	0
1868	0	7	0	0
1869	1	5	0	0
1870	0	3	0	0
1871	1	1	0	0
1872	1	6	0	0
1873	2	1	0	0
1874	1	3	0	0
1875	2	3	0	0
1876	0	3	0	0
1877	1	4	0	0
1878	1	2	0	0
1879	1	1	0	0
1880	1	4	0	0
1881	0	2	0	0
1882	0	2	0	0
1883	0	5	0	0
1884	1	3	0	0
1885	0	5	0	0
1886	2	2	0	0
1887	0	3	0	0
1888	2	5	0	0
1889	0	1	0	0
1890	2	2	0	0
1891	0	1	0	0
1892	0	2	0	0
1893	1	7	0	0
1894	1	3	0	0
1895	1	4	0	0
1896	2	6	0	0
1897	0	3	0	0
1898	1	4	0	0
1899	1	3	0	0
1900	0	5	0	0
1901	1	5	0	0
1902	0	3	0	0
1903	1	2	0	0
1904	0	5	0	0
1905	0	2	0	0
1906	1	1	0	0
1907	0	2	0	0
1908	2	3	0	0
1909	1	2	0	0
1910	0	4	0	0
1911	0	2	0	0
1912	0	3	0	0
1913	1	3	0	0
1914	3	1	0	0
1915	1	3	0	0
1916	1	1	0	0
1917	0	3	0	0
1918	0	5	0	0
1919	0	2	0	0
1920	1	0	0	0
1921	2	4	0	0
1922	0	3	0	0
1923	0	3	0	0
1924	1	3	0	0
1925	1	3	0	0
1926	0	6	0	0
1927	0	3	0	0
1928	0	4	0	0
1929	0	2	0	0
1930	1	6	0	0
1931	1	2	0	0
1932	0	3	0	0
1933	0	5	0	0
1934	2	3	0	0
1935	0	4	0	0
1936	0	1	0	0
1937	2	1	0	0
1938	1	4	0	0
1939	0	2	0	0
1940	0	5	0	0
1941	0	4	0	0
1942	2	2	0	0
1943	1	3	0	0
1944	2	5	0	0
1945	3	1	0	0
1946	1	5	0	0
1947	1	4	0	0
1948	0	2	0	0
1949	1	3	0	0
1950	1	1	0	0
1951	1	3	0	0
1952	0	2	0	0
1953	1	1	0	0
1954	3	7	0	0
1955	0	7	0	0
1956	0	2	0	0
1957	2	2	0	0
1958	1	4	0	0
1959	2	1	0	0
1960	1	3	0	0
1961	0	5	0	0
1962	1	3	0	0
1963	0	3	0	0
1964	2	1	0	0
1965	0	2	0	0
1966	0	8	0	0
1967	3	4	0	0
1968	1	4	0	0
1969	0	4	0	0
1970	0	2	0	0
1971	2	3	0	0
1972	2	6	0	0
1973	2	0	0	0
1974	3	7	0	0
1975	0	4	0	0
1976	0	1	0	0
1977	0	2	0	0
1978	1	4	0	0
1979	1	3	0	0
1980	0	1	0	0
1981	1	3	0	0
1982	2	6	0	0
1983	0	4	0	0
1984	1	3	0	0
1985	0	2	0	0
1986	2	2	0	0
1987	1	1	0	0
1988	0	6	0	0
1989	0	5	0	0
1990	1	2	0	0
1991	0	3	0	0
1992	1	0	0	0
1993	0	1	0	0
1994	0	2	0	0
1995	0	4	0	0
1996	0	2	0	0
1997	0	1	0	0
1998	0	2	0	0
1999	1	3	0	0
2000	1	1	0	0
2001	1	1	0	0
2002	1	2	0	0
2003	0	2	0	0
2004	1	1	0	0
2005	0	5	0	0
2006	1	5	0	0
2007	0	2	0	0
2008	2	4	0	0
2009	0	2	0	0
2010	0	3	0	0
2011	0	1	0	0
2012	1	2	0	0
2013	0	6	0	0
2014	0	2	0	0
2015	1	2	0	0
2016	0	1	0	0
2017	1	2	0	0
2018	1	3	0	0
2019	1	4	0	0
2020	1	8	0	0
2021	1	2	0	0
2022	0	2	0	0
2023	1	4	0	0
2024	1	3	0	0
2025	1	1	0	0
2026	1	2	0	0
2027	0	2	0	0
2028	0	4	0	0
2029	0	5	0	0
2030	0	5	0	0
2031	1	4	0	0
2032	1	0	0	0
2033	0	4	0	0
2034	1	1	0	0
2035	0	6	0	0
2036	2	2	0	0
2037	2	3	0	0
2038	1	4	0	0
2039	0	3	0	0
2040	2	2	0	0
2041	1	2	0	0
2042	1	2	0	0
2043	1	4	0	0
2044	3	3	0	0
2045	0	3	0	0
2046	1	1	0	0
2047	1	1	0	0
2048	0	3	0	0
2049	1	1	0	0
2050	0	1	0	0
2051	0	3	0	0
2052	0	1	0	0
2053	1	1	0	0
2054	0	6	0	0
2055	2	1	0	0
2056	0	1	0	0
2057	0	4	0	0
2058	0	2	0	0
2059	3	2	0	0
2060	0	3	0	0
2061	1	1	0	0
2062	2	2	0	0
2063	1	3	0	0
2064	0	1	0	0
2065	0	3	0	0
2066	4	1	0	0
2067	3	5	0	0
2068	3	3	0	0
2069	1	6	0	0
2070	1	2	0	0
2071	0	3	0	0
2072	1	1	0	0
2073	2	6	0	0
2074	3	1	0	0
2075	1	3	0	0
2076	1	3	0	0
2077	0	4	0	0
2078	1	2	0	0
2079	2	5	0	0
2080	1	1	0	0
2081	0	4	0	0
2082	0	3	0	0
2083	1	6	0	0
2084	1	1	0	0
2085	0	2	0	0
2086	1	2	0	0
2087	0	1	0	0
2088	0	7	0	0
2089	0	3	0	0
2090	1	4	0	0
2091	0	4	0	0
2092	0	3	0	0
2093	1	1	0	0
2094	1	2	0	0
2095	0	4	0	0
2096	1	2	0	0
2097	3	5	0	0
2098	2	0	0	0
2099	1	1	0	0
2100	1	2	0	0
2101	2	7	0	0
2102	2	4	0	0
2103	2	7	0	0
2104	0	1	0	0
2105	1	4	0	0
2106	0	5	0	0
2107	1	5	0	0
2108	0	2	0	0
2109	0	1	0	0
2110	0	0	0	0
2111	3	3	0	0
2112	1	2	0	0
2113	0	1	0	0
2114	1	4	0	0
2115	1	5	0	0
2116	1	0	0	0
2117	1	2	0	0
2118	1	3	0	0
2119	0	2	0	0
2120	0	1	0	0
2121	1	3	0	0
2122	1	2	0	0
2123	0	2	0	0
2124	0	4	0	0
2125	1	1	0	0
2126	2	3	0	0
2127	0	4	0	0
2128	1	0	0	0
2129	0	2	0	0
2130	0	5	0	0
2131	1	4	0	0
2132	0	6	0	0
2133	2	1	0	0
2134	2	2	0	0
2135	1	4	0	0
2136	1	5	0	0
2137	0	5	0	0
2138	2	0	0	0
2139	1	4	0	0
2140	0	1	0	0
2141	1	2	0	0
2142	4	3	0	0
2143	4	4	0	0
2144	1	2	0	0
2145	0	3	0	0
2146	2	0	0	0
2147	2	6	0	0
2148	0	3	0	0
2149	0	3	0	0
2150	1	2	0	0
2151	2	1	0	0
2152	1	1	0	0
2153	1	2	0	0
2154	0	5	0	0
2155	1	2	0	0
2156	5	3	0	0
2157	1	3	0	0
2158	1	3	0	0
2159	0	4	0	0
2160	0	3	0	0
2161	4	2	0	0
2162	2	2	0	0
2163	0	5	0	0
2164	0	3	0	0
2165	1	4	0	0
2166	1	2	0	0
2167	1	1	0	0
2168	1	5	0	0
2169	1	2	0	0
2170	0	3	0	0
2171	0	1	0	0
2172	1	1	0	0
2173	2	4	0	0
2174	1	1	0	0
2175	3	2	0	0
2176	0	1	0	0
2177	2	2	0	0
2178	0	1	0	0
2179	0	6	0	0
2180	0	1	0	0
2181	2	2	0	0
2182	2	1	0	0
2183	0	3	0	0
2184	1	2	0	0
2185	2	2	0	0
2186	2	1	0	0
2187	3	3	0	0
2188	1	5	0	0
2189	1	4	0	0
2190	1	2	0	0
2191	1	5	0	0
2192	0	4	0	0
2193	3	1	0	0
2194	1	4	0	0
2195	0	1	0	0
2196	0	5	0	0
2197	2	3	0	0
2198	2	1	0	0
2199	0	1	0	0
2200	0	2	0	0
2201	0	1	0	0
2202	1	3	0	0
2203	2	4	0	0
2204	0	2	0	0
2205	2	5	0	0
2206	3	2	0	0
2207	0	4	0	0
2208	1	3	0	0
2209	0	0	0	0
2210	3	2	0	0
2211	3	2	0	0
2212	2	5	0	0
2213	1	3	0	0
2214	1	1	0	0
2215	0	6	0	0
2216	4	0	0	0
2217	0	2	0	0
2218	1	5	0	0
2219	0	2	0	0
2220	2	5	0	0
2221	0	3	0	0
2222	1	2	0	0
2223	0	6	0	0
2224	0	0	0	0
2225	1	8	0	0
2226	2	4	0	0
2227	1	2	0	0
2228	2	1	0	0
2229	2	3	0	0
2230	1	2	0	0
2231	0	1	0	0
2232	1	1	0	0
2233	1	4	0	0
2234	2	3	0	0
2235	1	1	0	0
2236	1	1	0	0
2237	1	2	0	0
2238	2	7	0	0
2239	1	2	0	0
2240	1	3	0	0
2241	2	3	0	0
2242	0	3	0	0
2243	1	1	0	0
2244	1	1	0	0
2245	1	0	0	0
2246	1	1	0	0
2247	0	3	0	0
2248	2	0	0	0
2249	2	3	0	0
2250	2	3	0	0
2251	1	3	0	0
2252	0	1	0	0
2253	4	5	0	0
2254	1	2	0	0
2255	2	3	0	0
2256	0	4	0	0
2257	0	5	0	0
2258	0	1	0	0
2259	0	5	0	0
2260	2	0	0	0
2261	0	0	0	0
2262	0	2	0	0
2263	1	1	0	0
2264	2	4	0	0
2265	0	4	0	0
2266	0	5	0	0
2267	0	4	0	0
2268	2	2	0	0
2269	2	2	0	0
2270	0	3	0	0
2271	2	4	0	0
2272	2	3	0	0
2273	2	3	0	0
2274	1	3	0	0
2275	1	6	0	0
2276	0	4	0	0
2277	1	1	0	0
2278	2	2	0	0
2279	0	0	0	0
2280	4	1	0	0
2281	2	8	0	0
2282	1	5	0	0
2283	2	2	0	0
2284	2	3	0	0
2285	1	2	0	0
2286	0	4	0	0
2287	2	4	0	0
2288	1	5	0	0
2289	0	2	0	0
2290	1	3	0	0
2291	1	4	0	0
2292	0	3	0	0
2293	0	6	0	0
2294	0	4	0	0
2295	1	4	0	0
2296	3	4	0	0
2297	2	7	0	0
2298	0	2	0	0
2299	0	7	0	0
2300	0	3	0	0
2301	0	1	0	0
2302	1	5	0	0
2303	1	7	0	0
2304	1	3	0	0
2305	0	4	0	0
2306	0	1	0	0
2307	0	3	0	0
2308	1	2	0	0
2309	2	3	0	0
2310	1	0	0	0
2311	3	4	0	0
2312	0	4	0	0
2313	1	1	0	0
2314	0	1	0	0
2315	2	0	0	0
2316	1	3	0	0
2317	1	4	0	0
2318	0	4	0	0
2319	1	4	0	0
2320	4	4	0	0
2321	1	4	0	0
2322	1	1	0	0
2323	0	2	0	0
2324	1	1	0	0
2325	2	2	0	0
2326	0	7	0	0
2327	1	0	0	0
2328	2	4	0	0
2329	0	1	0	0
2330	2	2	0	0
2331	0	1	0	0
2332	1	4	0	0
2333	0	1	0	0
2334	1	5	0	0
2335	1	3	0	0
2336	1	2	0	0
2337	2	2	0	0
2338	0	4	0	0
2339	0	4	0	0
2340	1	3	0	0
2341	1	3	0	0
2342	3	3	0	0
2343	0	6	0	0
2344	0	4	0	0
2345	0	2	0	0
2346	1	5	0	0
2347	1	2	0	0
2348	0	3	0	0
2349	1	3	0	0
2350	1	3	0	0
2351	0	2	0	0
2352	0	2	0	0
2353	3	6	0	0
2354	1	1	0	0
2355	3	5	0	0
2356	2	3	0	0
2357	2	1	0	0
2358	2	4	0	0
2359	0	8	0	0
2360	2	6	0	0
2361	1	0	0	0
2362	1	1	0	0
2363	0	3	0	0
2364	0	9	0	0
2365	0	1	0	0
2366	2	5	0	0
2367	1	4	0	0
2368	0	3	0	0
2369	0	2	0	0
2370	3	6	0	0
2371	1	0	0	0
2372	0	2	0	0
2373	3	5	0	0
2374	3	4	0	0
2375	1	5	0	0
2376	0	2	0	0
2377	1	4	0	0
2378	1	1	0	0
2379	1	2	0	0
2380	1	5	0	0
2381	0	2	0	0
2382	1	0	0	0
2383	1	3	0	0
2384	2	2	0	0
2385	3	3	0	0
2386	2	6	0	0
2387	4	1	0	0
2388	0	4	0	0
2389	1	3	0	0
2390	1	7	0	0
2391	3	4	0	0
2392	1	3	0	0
2393	0	1	0	0
2394	0	3	0	0
2395	1	1	0	0
2396	0	2	0	0
2397	0	3	0	0
2398	0	4	0	0
2399	0	0	0	0
2400	2	6	0	0
2401	2	4	0	0
2402	0	6	0	0
2403	1	3	0	0
2404	1	6	0	0
2405	1	2	0	0
2406	0	0	0	0
2407	0	1	0	0
2408	0	3	0	0
2409	0	3	0	0
2410	0	3	0	0
2411	0	3	0	0
2412	1	3	0	0
2413	2	2	0	0
2414	0	7	0	0
2415	0	0	0	0
2416	1	0	0	0
2417	0	1	0	0
2418	1	2	0	0
2419	1	2	0	0
2420	1	7	0	0
2421	1	0	0	0
2422	0	2	0	0
2423	1	3	0	0
2424	1	4	0	0
2425	1	3	0	0
2426	1	1	0	0
2427	0	3	0	0
2428	0	2	0	0
2429	0	2	0	0
2430	1	4	0	0
2431	0	4	0	0
2432	1	1	0	0
2433	1	4	0	0
2434	0	4	0	0
2435	0	4	0	0
2436	1	3	0	0
2437	1	1	0	0
2438	4	1	0	0
2439	1	1	0	0
2440	1	3	0	0
2441	0	3	0	0
2442	1	1	0	0
2443	1	4	0	0
2444	1	3	0	0
2445	0	2	0	0
2446	1	3	0	0
2447	2	5	0	0
2448	2	3	0	0
2449	1	2	0	0
2450	0	2	0	0
2451	2	1	0	0
2452	3	4	0	0
2453	1	2	0	0
2454	0	2	0	0
2455	0	2	0	0
2456	0	2	0	0
2457	1	6	0	0
2458	0	3	0	0
2459	2	3	0	0
2460	1	3	0	0
2461	0	1	0	0
2462	0	4	0	0
2463	1	0	0	0
2464	1	3	0	0
2465	1	8	0	0
2466	2	2	0	0
2467	2	2	0	0
2468	1	2	0	0
2469	1	5	0	0
2470	2	0	0	0
2471	2	4	0	0
2472	1	1	0	0
2473	3	2	0	0
2474	2	1	0	0
2475	1	2	0	0
2476	1	5	0	0
2477	1	0	0	0
2478	1	2	0	0
2479	1	3	0	0
2480	0	2	0	0
2481	1	1	0	0
2482	1	2	0	0
2483	1	10	0	0
2484	0	6	0	0
2485	1	2	0	0
2486	1	1	0	0
2487	1	1	0	0
2488	2	2	0	0
2489	2	4	0	0
2490	3	2	0	0
2491	1	5	0	0
2492	1	3	0	0
2493	0	2	0	0
2494	1	4	0	0
2495	1	1	0	0
2496	0	1	0	0
2497	0	1	0	0
2498	0	4	0	0
2499	0	2	0	0
2500	0	7	0	0
2501	1	3	0	0
2502	1	2	0	0
2503	0	6	0	0
2504	2	6	0	0
2505	0	1	0	0
2506	1	7	0	0
2507	1	1	0	0
2508	1	5	0	0
2509	4	3	0	0
2510	0	2	0	0
2511	3	3	0	0
2512	1	2	0	0
2513	1	3	0	0
2514	0	5	0	0
2515	2	6	0	0
2516	2	3	0	0
2517	1	2	0	0
2518	2	5	0	0
2519	2	2	0	0
2520	1	4	0	0
2521	0	7	0	0
2522	2	1	0	0
2523	3	6	0	0
2524	2	0	0	0
2525	1	2	0	0
2526	4	2	0	0
2527	1	5	0	0
2528	1	0	0	0
2529	0	1	0	0
2530	0	2	0	0
2531	0	0	0	0
2532	0	0	0	0
2533	0	4	0	0
2534	0	2	0	0
2535	2	4	0	0
2536	2	3	0	0
2537	0	1	0	0
2538	0	0	0	0
2539	0	1	0	0
2540	1	3	0	0
2541	1	1	0	0
2542	1	3	0	0
2543	2	3	0	0
2544	2	2	0	0
2545	1	3	0	0
2546	1	1	0	0
2547	0	2	0	0
2548	2	0	0	0
2549	1	3	0	0
2550	0	6	0	0
2551	3	4	0	0
2552	2	2	0	0
2553	0	4	0	0
2554	0	2	0	0
2555	1	4	0	0
2556	1	3	0	0
2557	0	1	0	0
2558	1	4	0	0
2559	0	1	0	0
2560	0	5	0	0
2561	0	4	0	0
2562	1	3	0	0
2563	2	5	0	0
2564	1	2	0	0
2565	0	4	0	0
2566	1	4	0	0
2567	1	4	0	0
2568	1	3	0	0
2569	1	7	0	0
2570	2	2	0	0
2571	1	1	0	0
2572	0	3	0	0
2573	1	3	0	0
2574	0	5	0	0
2575	0	1	0	0
2576	0	4	0	0
2577	2	3	0	0
2578	1	3	0	0
2579	0	4	0	0
2580	0	3	0	0
2581	0	7	0	0
2582	1	2	0	0
2583	1	2	0	0
2584	0	5	0	0
2585	1	2	0	0
2586	0	3	0	0
2587	0	1	0	0
2588	1	3	0	0
2589	1	2	0	0
2590	2	2	0	0
2591	2	1	0	0
2592	1	2	0	0
2593	0	2	0	0
2594	0	2	0	0
2595	1	7	0	0
2596	1	2	0	0
2597	0	2	0	0
2598	2	3	0	0
2599	1	2	0	0
2600	0	9	0	0
2601	0	1	0	0
2602	1	7	0	0
2603	1	3	0	0
2604	1	6	0	0
2605	1	2	0	0
2606	2	6	0	0
2607	2	7	0	0
2608	0	6	0	0
2609	0	5	0	0
2610	0	3	0	0
2611	1	2	0	0
2612	0	1	0	0
2613	2	5	0	0
2614	3	1	0	0
2615	0	2	0	0
2616	0	1	0	0
2617	0	2	0	0
2618	0	2	0	0
2619	2	3	0	0
2620	1	2	0	0
2621	1	4	0	0
2622	1	4	0	0
2623	2	0	0	0
2624	1	2	0	0
2625	2	3	0	0
2626	1	2	0	0
2627	0	3	0	0
2628	0	2	0	0
2629	0	1	0	0
2630	1	3	0	0
2631	0	4	0	0
2632	0	2	0	0
2633	1	5	0	0
2634	0	5	0	0
2635	1	3	0	0
2636	0	4	0	0
2637	0	0	0	0
2638	0	0	0	0
2639	2	1	0	0
2640	1	5	0	0
2641	1	3	0	0
2642	1	3	0	0
2643	0	1	0	0
2644	0	4	0	0
2645	2	3	0	0
2646	1	3	0	0
2647	1	0	0	0
2648	2	0	0	0
2649	1	2	0	0
2650	0	4	0	0
2651	0	1	0	0
2652	3	2	0	0
2653	1	2	0	0
2654	0	4	0	0
2655	0	3	0	0
2656	3	0	0	0
2657	2	3	0	0
2658	1	1	0	0
2659	1	2	0	0
2660	0	4	0	0
2661	0	2	0	0
2662	1	2	0	0
2663	2	1	0	0
2664	1	0	0	0
2665	0	1	0	0
2666	1	1	0	0
2667	0	2	0	0
2668	2	6	0	0
2669	0	3	0	0
2670	2	1	0	0
2671	1	4	0	0
2672	1	3	0	0
2673	0	1	0	0
2674	2	5	0	0
2675	2	6	0	0
2676	0	0	0	0
2677	1	0	0	0
2678	0	1	0	0
2679	2	5	0	0
2680	1	2	0	0
2681	1	6	0	0
2682	3	5	0	0
2683	2	7	0	0
2684	0	2	0	0
2685	1	2	0	0
2686	3	3	0	0
2687	2	2	0	0
2688	2	0	0	0
2689	1	2	0	0
2690	1	1	0	0
2691	1	3	0	0
2692	1	2	0	0
2693	0	4	0	0
2694	1	4	0	0
2695	2	4	0	0
2696	0	4	0	0
2697	1	4	0	0
2698	2	5	0	0
2699	1	4	0	0
2700	0	3	0	0
2701	0	0	0	0
2702	0	4	0	0
2703	1	3	0	0
2704	0	2	0	0
2705	1	3	0	0
2706	2	2	0	0
2707	0	3	0	0
2708	1	1	0	0
2709	1	8	0	0
2710	2	4	0	0
2711	0	3	0	0
2712	0	5	0	0
2713	0	5	0	0
2714	3	4	0	0
2715	1	4	0	0
2716	0	3	0	0
2717	0	1	0	0
2718	1	3	0	0
2719	1	4	0	0
2720	0	5	0	0
2721	0	2	0	0
2722	2	4	0	0
2723	1	3	0	0
2724	2	0	0	0
2725	1	3	0	0
2726	2	4	0	0
2727	0	2	0	0
2728	2	1	0	0
2729	1	2	0	0
2730	2	2	0	0
2731	1	3	0	0
2732	1	1	0	0
2733	3	1	0	0
2734	2	5	0	0
2735	2	3	0	0
2736	5	5	0	0
2737	2	3	0	0
2738	1	3	0	0
2739	2	3	0	0
2740	0	3	0	0
2741	1	2	0	0
2742	1	1	0	0
2743	0	4	0	0
2744	0	0	0	0
2745	0	4	0	0
2746	1	1	0	0
2747	2	0	0	0
2748	0	2	0	0
2749	1	4	0	0
2750	1	3	0	0
2751	2	3	0	0
2752	3	9	0	0
2753	2	1	0	0
2754	2	3	0	0
2755	2	3	0	0
2756	2	5	0	0
2757	2	4	0	0
2758	2	2	0	0
2759	2	4	0	0
2760	1	1	0	0
2761	1	0	0	0
2762	0	3	0	0
2763	0	4	0	0
2764	1	1	0	0
2765	2	2	0	0
2766	7	1	0	0
2767	2	4	0	0
2768	0	2	0	0
2769	1	8	0	0
2770	0	1	0	0
2771	1	0	0	0
2772	2	6	0	0
2773	2	4	0	0
2774	4	2	0	0
2775	1	3	0	0
2776	1	5	0	0
2777	0	3	0	0
2778	0	3	0	0
2779	2	4	0	0
2780	1	2	0	0
2781	1	3	0	0
2782	0	2	0	0
2783	1	3	0	0
2784	2	4	0	0
2785	1	4	0	0
2786	0	4	0	0
2787	1	6	0	0
2788	1	6	0	0
2789	0	2	0	0
2790	1	1	0	0
2791	2	1	0	0
2792	2	4	0	0
2793	0	5	0	0
2794	4	2	0	0
2795	1	3	0	0
2796	1	3	0	0
2797	2	3	0	0
2798	1	4	0	0
2799	1	7	0	0
2800	1	1	0	0
2801	0	5	0	0
2802	1	2	0	0
2803	0	2	0	0
2804	0	3	0	0
2805	3	4	0	0
2806	2	1	0	0
2807	1	1	0	0
2808	1	5	0	0
2809	0	6	0	0
2810	2	6	0	0
2811	2	7	0	0
2812	0	3	0	0
2813	0	2	0	0
2814	0	4	0	0
2815	0	6	0	0
2816	0	2	0	0
2817	2	1	0	0
2818	0	6	0	0
2819	1	1	0	0
2820	0	3	0	0
2821	1	1	0	0
2822	1	6	0	0
2823	1	5	0	0
2824	0	3	0	0
2825	2	3	0	0
2826	1	0	0	0
2827	1	2	0	0
2828	2	4	0	0
2829	0	1	0	0
2830	2	4	0	0
2831	4	3	0	0
2832	2	1	0	0
2833	1	1	0	0
2834	0	5	0	0
2835	3	6	0	0
2836	0	2	0	0
2837	0	6	0	0
2838	1	2	0	0
2839	2	1	0	0
2840	1	1	0	0
2841	1	2	0	0
2842	1	0	0	0
2843	1	5	0	0
2844	1	2	0	0
2845	1	2	0	0
2846	0	1	0	0
2847	0	4	0	0
2848	2	1	0	0
2849	0	5	0	0
2850	0	5	0	0
2851	1	3	0	0
2852	0	2	0	0
2853	0	2	0	0
2854	0	1	0	0
2855	2	6	0	0
2856	0	6	0	0
2857	1	2	0	0
2858	2	2	0	0
2859	1	0	0	0
2860	2	4	0	0
2861	0	4	0	0
2862	0	5	0	0
2863	0	2	0	0
2864	0	2	0	0
2865	3	2	0	0
2866	0	7	0	0
2867	0	3	0	0
2868	1	2	0	0
2869	1	4	0	0
2870	1	4	0	0
2871	1	2	0	0
2872	3	4	0	0
2873	1	6	0	0
2874	0	5	0	0
2875	1	4	0	0
2876	0	2	0	0
2877	0	4	0	0
2878	1	3	0	0
2879	0	1	0	0
2880	0	4	0	0
2881	3	3	0	0
2882	0	3	0	0
2883	1	2	0	0
2884	0	2	0	0
2885	1	2	0	0
2886	0	0	0	0
2887	0	7	0	0
2888	1	5	0	0
2889	0	3	0	0
2890	0	1	0	0
2891	0	2	0	0
2892	2	2	0	0
2893	1	9	0	0
2894	0	3	0	0
2895	1	6	0	0
2896	1	3	0	0
2897	0	5	0	0
2898	1	5	0	0
2899	0	4	0	0
2900	0	4	0	0
2901	0	6	0	0
2902	0	2	0	0
2903	0	4	0	0
2904	2	2	0	0
2905	4	0	0	0
2906	0	0	0	0
2907	1	2	0	0
2908	1	3	0	0
2909	0	4	0	0
2910	0	3	0	0
2911	2	4	0	0
2912	1	6	0	0
2913	2	5	0	0
2914	1	3	0	0
2915	0	5	0	0
2916	0	6	0	0
2917	1	0	0	0
2918	0	6	0	0
2919	1	3	0	0
2920	0	3	0	0
2921	3	2	0	0
2922	2	2	0	0
2923	3	3	0	0
2924	0	2	0	0
2925	0	5	0	0
2926	0	2	0	0
2927	2	1	0	0
2928	2	8	0	0
2929	1	3	0	0
2930	1	1	0	0
2931	0	1	0	0
2932	1	1	0	0
2933	2	5	0	0
2934	0	3	0	0
2935	4	7	0	0
2936	1	5	0	0
2937	1	5	0	0
2938	0	3	0	0
2939	1	2	0	0
2940	0	3	0	0
2941	0	5	0	0
2942	3	2	0	0
2943	0	2	0	0
2944	0	1	0	0
2945	2	6	0	0
2946	0	1	0	0
2947	0	1	0	0
2948	1	2	0	0
2949	1	1	0	0
2950	1	3	0	0
2951	1	1	0	0
2952	1	2	0	0
2953	1	5	0	0
2954	1	4	0	0
2955	1	2	0	0
2956	2	2	0	0
2957	0	2	0	0
2958	1	2	0	0
2959	1	4	0	0
2960	3	2	0	0
2961	1	2	0	0
2962	0	2	0	0
2963	1	1	0	0
2964	0	3	0	0
2965	2	4	0	0
2966	1	2	0	0
2967	0	5	0	0
2968	2	9	0	0
2969	0	10	0	0
2970	0	2	0	0
2971	1	2	0	0
2972	0	1	0	0
2973	3	2	0	0
2974	0	1	0	0
2975	0	1	0	0
2976	0	7	0	0
2977	1	4	0	0
2978	2	2	0	0
2979	2	3	0	0
2980	1	4	0	0
2981	0	5	0	0
2982	2	2	0	0
2983	0	1	0	0
2984	3	2	0	0
2985	2	4	0	0
2986	1	5	0	0
2987	0	3	0	0
2988	0	4	0	0
2989	1	3	0	0
2990	1	3	0	0
2991	1	3	0	0
2992	1	4	0	0
2993	2	1	0	0
2994	1	1	0	0
2995	1	1	0	0
2996	1	1	0	0
2997	0	2	0	0
2998	1	4	0	0
2999	1	5	0	0
3000	0	8	0	0
3001	0	1	0	0
3002	1	6	0	0
3003	0	4	0	0
3004	1	3	0	0
3005	1	3	0	0
3006	0	1	0	0
3007	0	4	0	0
3008	0	6	0	0
3009	0	5	0	0
3010	2	3	0	0
3011	0	4	0	0
3012	0	5	0	0
3013	1	3	0	0
3014	0	1	0	0
3015	1	3	0	0
3016	0	1	0	0
3017	1	1	0	0
3018	1	3	0	0
3019	2	5	0	0
3020	1	2	0	0
3021	2	1	0	0
3022	1	4	0	0
3023	1	6	0	0
3024	0	2	0	0
3025	0	2	0	0
3026	0	0	0	0
3027	1	7	0	0
3028	1	3	0	0
3029	1	3	0	0
3030	0	4	0	0
3031	0	5	0	0
3032	2	1	0	0
3033	0	2	0	0
3034	0	5	0	0
3035	3	0	0	0
3036	3	2	0	0
3037	1	2	0	0
3038	1	0	0	0
3039	1	3	0	0
3040	1	5	0	0
3041	1	4	0	0
3042	1	4	0	0
3043	1	2	0	0
3044	1	0	0	0
3045	1	3	0	0
3046	1	4	0	0
3047	4	5	0	0
3048	3	4	0	0
3049	0	6	0	0
3050	1	2	0	0
3051	2	2	0	0
3052	0	3	0	0
3053	0	3	0	0
3054	1	4	0	0
3055	0	4	0	0
3056	0	1	0	0
3057	0	6	0	0
3058	0	4	0	0
3059	1	3	0	0
3060	0	3	0	0
3061	1	2	0	0
3062	0	5	0	0
3063	0	4	0	0
3064	1	4	0	0
3065	2	4	0	0
3066	2	1	0	0
3067	1	3	0	0
3068	1	1	0	0
3069	1	2	0	0
3070	4	4	0	0
3071	0	4	0	0
3072	1	5	0	0
3073	1	2	0	0
3074	0	1	0	0
3075	0	3	0	0
3076	0	2	0	0
3077	1	3	0	0
3078	1	5	0	0
3079	2	3	0	0
3080	0	0	0	0
3081	0	2	0	0
3082	0	6	0	0
3083	1	3	0	0
3084	2	0	0	0
3085	2	1	0	0
3086	1	2	0	0
3087	0	7	0	0
3088	1	6	0	0
3089	1	3	0	0
3090	2	4	0	0
3091	0	4	0	0
3092	0	3	0	0
3093	0	1	0	0
3094	1	6	0	0
3095	1	3	0	0
3096	2	3	0	0
3097	0	3	0	0
3098	1	3	0	0
3099	1	2	0	0
3100	1	2	0	0
3101	0	2	0	0
3102	0	2	0	0
3103	1	2	0	0
3104	2	1	0	0
3105	0	1	0	0
3106	1	7	0	0
3107	1	0	0	0
3108	1	2	0	0
3109	0	4	0	0
3110	1	7	0	0
3111	2	4	0	0
3112	0	5	0	0
3113	2	4	0	0
3114	2	2	0	0
3115	0	0	0	0
3116	0	5	0	0
3117	3	1	0	0
3118	0	4	0	0
3119	0	1	0	0
3120	0	2	0	0
3121	2	1	0	0
3122	0	3	0	0
3123	0	1	0	0
3124	1	2	0	0
3125	0	4	0	0
3126	2	3	0	0
3127	1	2	0	0
3128	0	4	0	0
3129	3	2	0	0
3130	0	2	0	0
3131	0	3	0	0
3132	1	0	0	0
3133	0	2	0	0
3134	0	2	0	0
3135	1	2	0	0
3136	0	2	0	0
3137	0	5	0	0
3138	1	2	0	0
3139	2	1	0	0
3140	2	2	0	0
3141	1	5	0	0
3142	0	2	0	0
3143	4	3	0	0
3144	1	0	0	0
3145	0	5	0	0
3146	0	4	0	0
3147	2	2	0	0
3148	0	1	0	0
3149	0	5	0	0
3150	0	3	0	0
3151	0	3	0	0
3152	1	1	0	0
3153	1	3	0	0
3154	0	4	0	0
3155	0	1	0	0
3156	0	1	0	0
3157	0	2	0	0
3158	1	4	0	0
3159	1	8	0	0
3160	0	2	0	0
3161	1	0	0	0
3162	0	2	0	0
3163	2	2	0	0
3164	3	4	0	0
3165	0	4	0	0
3166	0	0	0	0
3167	3	3	0	0
3168	0	2	0	0
3169	1	3	0	0
3170	0	6	0	0
3171	0	6	0	0
3172	1	5	0	0
3173	1	3	0	0
3174	0	4	0	0
3175	1	4	0	0
3176	0	2	0	0
3177	2	4	0	0
3178	1	0	0	0
3179	1	3	0	0
3180	0	2	0	0
3181	0	3	0	0
3182	2	5	0	0
3183	1	4	0	0
3184	2	4	0	0
3185	0	2	0	0
3186	1	2	0	0
3187	1	3	0	0
3188	1	2	0	0
3189	1	3	0	0
3190	3	4	0	0
3191	0	5	0	0
3192	1	1	0	0
3193	0	3	0	0
3194	0	6	0	0
3195	1	6	0	0
3196	1	3	0	0
3197	0	3	0	0
3198	0	1	0	0
3199	1	4	0	0
3200	2	4	0	0
3201	2	3	0	0
3202	0	1	0	0
3203	0	2	0	0
3204	0	3	0	0
3205	4	0	0	0
3206	0	0	0	0
3207	0	4	0	0
3208	0	3	0	0
3209	2	1	0	0
3210	1	3	0	0
3211	2	3	0	0
3212	0	1	0	0
3213	1	1	0	0
3214	2	6	0	0
3215	0	2	0	0
3216	0	0	0	0
3217	2	0	0	0
3218	0	5	0	0
3219	0	1	0	0
3220	1	1	0	0
3221	0	2	0	0
3222	0	3	0	0
3223	1	1	0	0
3224	0	1	0	0
3225	0	4	0	0
3226	1	2	0	0
3227	2	4	0	0
3228	1	3	0	0
3229	1	2	0	0
3230	1	3	0	0
3231	1	2	0	0
3232	0	0	0	0
3233	0	3	0	0
3234	0	4	0	0
3235	3	1	0	0
3236	0	5	0	0
3237	4	1	0	0
3238	0	4	0	0
3239	0	2	0	0
3240	0	3	0	0
3241	0	5	0	0
3242	1	1	0	0
3243	1	1	0	0
3244	1	2	0	0
3245	0	2	0	0
3246	1	1	0	0
3247	1	2	0	0
3248	1	2	0	0
3249	0	3	0	0
3250	2	3	0	0
3251	0	7	0	0
3252	0	9	0	0
3253	1	3	0	0
3254	0	4	0	0
3255	2	4	0	0
3256	0	3	0	0
3257	0	1	0	0
3258	1	3	0	0
3259	1	1	0	0
3260	0	2	0	0
3261	1	1	0	0
3262	0	0	0	0
3263	0	5	0	0
3264	2	4	0	0
3265	3	2	0	0
3266	0	3	0	0
3267	2	3	0	0
3268	0	3	0	0
3269	3	1	0	0
3270	0	1	0	0
3271	0	4	0	0
3272	0	2	0	0
3273	0	3	0	0
3274	0	2	0	0
3275	0	4	0	0
3276	2	1	0	0
3277	1	5	0	0
3278	0	3	0	0
3279	1	3	0	0
3280	0	3	0	0
3281	2	5	0	0
3282	1	4	0	0
3283	1	1	0	0
3284	0	3	0	0
3285	1	1	0	0
3286	0	5	0	0
3287	1	1	0	0
3288	2	3	0	0
3289	0	4	0	0
3290	0	4	0	0
3291	1	2	0	0
3292	1	1	0	0
3293	1	4	0	0
3294	2	0	0	0
3295	2	3	0	0
3296	0	2	0	0
3297	1	4	0	0
3298	0	1	0	0
3299	0	2	0	0
3300	1	2	0	0
3301	0	1	0	0
3302	1	3	0	0
3303	0	1	0	0
3304	1	4	0	0
3305	1	4	0	0
3306	1	1	0	0
3307	1	3	0	0
3308	0	3	0	0
3309	0	3	0	0
3310	0	2	0	0
3311	0	2	0	0
3312	0	1	0	0
3313	0	2	0	0
3314	1	1	0	0
3315	0	4	0	0
3316	1	1	0	0
3317	1	4	0	0
3318	0	4	0	0
3319	2	2	0	0
3320	1	4	0	0
3321	2	3	0	0
3322	1	3	0	0
3323	0	1	0	0
3324	2	4	0	0
3325	0	3	0	0
3326	1	2	0	0
3327	1	4	0	0
3328	0	2	0	0
3329	0	1	0	0
3330	0	0	0	0
3331	0	4	0	0
3332	2	3	0	0
3333	1	2	0	0
3334	0	4	0	0
3335	1	4	0	0
3336	1	6	0	0
3337	0	2	0	0
3338	1	0	0	0
3339	2	4	0	0
3340	1	1	0	0
3341	1	3	0	0
3342	3	1	0	0
3343	1	2	0	0
3344	0	1	0	0
3345	0	6	0	0
3346	0	2	0	0
3347	0	2	0	0
3348	0	1	0	0
3349	0	2	0	0
3350	0	4	0	0
3351	0	1	0	0
3352	0	5	0	0
3353	0	3	0	0
3354	0	1	0	0
3355	0	7	0	0
3356	2	1	0	0
3357	2	3	0	0
3358	0	5	0	0
3359	0	4	0	0
3360	2	0	0	0
3361	0	3	0	0
3362	0	1	0	0
3363	0	2	0	0
3364	0	2	0	0
3365	0	1	0	0
3366	0	1	0	0
3367	0	2	0	0
3368	0	4	0	0
3369	0	0	0	0
3370	0	3	0	0
3371	4	0	0	0
3372	1	5	0	0
3373	0	2	0	0
3374	0	3	0	0
3375	0	1	0	0
3376	2	3	0	0
3377	0	1	0	0
3378	0	0	0	0
3379	2	0	0	0
3380	0	1	0	0
3381	2	0	0	0
3382	0	2	0	0
3383	0	2	0	0
3384	0	4	0	0
3385	0	3	0	0
3386	0	2	0	0
3387	0	4	0	0
3388	0	2	0	0
3389	0	1	0	0
3390	0	2	0	0
3391	3	1	0	0
3392	0	2	0	0
3393	1	3	0	0
3394	1	2	0	0
3395	1	5	0	0
3396	0	0	0	0
3397	0	1	0	0
3398	0	1	0	0
3399	0	0	0	0
3400	0	1	0	0
3401	1	1	0	0
3402	1	2	0	0
3403	0	2	0	0
3404	0	3	0	0
3405	1	4	0	0
3406	0	1	0	0
3407	1	3	0	0
3408	1	5	0	0
3409	0	4	0	0
3410	1	2	0	0
3411	0	2	0	0
3412	0	2	0	0
3413	0	3	0	0
3414	1	3	0	0
3415	0	2	0	0
3416	0	0	0	0
3417	0	0	0	0
3418	1	0	0	0
3419	0	2	0	0
3420	0	6	0	0
3421	0	3	0	0
3422	0	6	0	0
3423	2	3	0	0
3424	1	4	0	0
3425	0	5	0	0
3426	0	1	0	0
3427	0	3	0	0
3428	0	1	0	0
3429	0	1	0	0
3430	0	3	0	0
3431	0	2	0	0
3432	0	3	0	0
3433	0	2	0	0
3434	1	0	0	0
3435	1	3	0	0
3436	0	2	0	0
3437	0	3	0	0
3438	2	0	0	0
3439	2	2	0	0
3440	1	3	0	0
3441	0	4	0	0
3442	2	2	0	0
3443	0	2	0	0
3444	0	4	0	0
3445	1	1	0	0
3446	0	2	0	0
3447	1	2	0	0
3448	2	2	0	0
3449	0	4	0	0
3450	0	1	0	0
3451	0	1	0	0
3452	0	3	0	0
3453	0	3	0	0
3454	1	1	0	0
3455	0	1	0	0
3456	1	2	0	0
3457	0	4	0	0
3458	0	1	0	0
3459	0	2	0	0
3460	1	2	0	0
3461	0	2	0	0
3462	1	3	0	0
3463	0	3	0	0
3464	0	2	0	0
3465	1	2	0	0
3466	1	0	0	0
3467	0	3	0	0
3468	0	3	0	0
3469	0	1	0	0
3470	0	1	0	0
3471	0	0	0	0
3472	1	1	0	0
3473	0	1	0	0
3474	0	4	0	0
3475	1	1	0	0
3476	1	1	0	0
3477	0	2	0	0
3478	0	2	0	0
3479	0	3	0	0
3480	0	4	0	0
3481	0	1	0	0
3482	0	1	0	0
3483	1	0	0	0
3484	0	1	0	0
3485	1	3	0	0
3486	0	2	0	0
3487	0	0	0	0
3488	0	2	0	0
3489	2	2	0	0
3490	0	2	0	0
3491	0	1	0	0
3492	0	3	0	0
3493	0	4	0	0
3494	1	3	0	0
3495	1	4	0	0
3496	0	1	0	0
3497	0	1	0	0
3498	1	2	0	0
3499	0	0	0	0
3500	0	2	0	0
3501	0	1	0	0
3502	0	1	0	0
3503	2	3	0	0
3504	1	2	0	0
3505	0	1	0	0
3506	1	0	0	0
3507	0	4	0	0
3508	1	1	0	0
3509	0	3	0	0
3510	1	0	0	0
3511	2	0	0	0
3512	1	1	0	0
3513	1	1	0	0
3514	2	0	0	0
3515	0	1	0	0
3516	0	1	0	0
3517	1	1	0	0
3518	0	3	0	0
3519	0	3	0	0
3520	1	0	0	0
3521	0	4	0	0
3522	1	0	0	0
3523	1	0	0	0
3524	0	3	0	0
3525	0	2	0	0
3526	1	3	0	0
3527	1	2	0	0
3528	2	2	0	0
3529	1	0	0	0
3530	0	2	0	0
3531	1	1	0	0
3532	2	4	0	0
3533	2	1	0	0
3534	0	1	0	0
3535	0	1	0	0
3536	0	3	0	0
3537	0	1	0	0
3538	0	4	0	0
3539	0	3	0	0
3540	1	2	0	0
3541	1	0	0	0
3542	2	1	0	0
3543	0	3	0	0
3544	1	2	0	0
3545	2	3	0	0
3546	0	1	0	0
3547	2	1	0	0
3548	2	1	0	0
3549	0	3	0	0
3550	1	2	0	0
3551	2	2	0	0
3552	1	2	0	0
3553	1	4	0	0
3554	1	1	0	0
3555	0	3	0	0
3556	0	1	0	0
3557	0	2	0	0
3558	0	5	0	0
3559	2	1	0	0
3560	1	2	0	0
3561	0	1	0	0
3562	1	3	0	0
3563	2	4	0	0
3564	0	2	0	0
3565	0	1	0	0
3566	1	3	0	0
3567	1	4	0	0
3568	0	3	0	0
3569	1	1	0	0
3570	0	0	0	0
3571	1	2	0	0
3572	0	1	0	0
3573	0	2	0	0
3574	0	2	0	0
3575	0	1	0	0
3576	0	4	0	0
3577	0	1	0	0
3578	0	1	0	0
3579	0	5	0	0
3580	0	4	0	0
3581	2	0	0	0
3582	1	3	0	0
3583	0	5	0	0
3584	0	2	0	0
3585	2	2	0	0
3586	1	1	0	0
3587	0	3	0	0
3588	1	1	0	0
3589	1	5	0	0
3590	0	2	0	0
3591	0	0	0	0
3592	1	0	0	0
3593	0	2	0	0
3594	0	0	0	0
3595	1	4	0	0
3596	1	5	0	0
3597	1	1	0	0
3598	1	3	0	0
3599	0	4	0	0
3600	1	0	0	0
3601	0	0	0	0
3602	2	1	0	0
3603	0	3	0	0
3604	0	6	0	0
3605	1	2	0	0
3606	0	4	0	0
3607	0	0	0	0
3608	0	1	0	0
3609	0	3	0	0
3610	2	2	0	0
3611	0	2	0	0
3612	0	4	0	0
3613	0	1	0	0
3614	0	2	0	0
3615	1	2	0	0
3616	1	1	0	0
3617	1	0	0	0
3618	0	1	0	0
3619	1	3	0	0
3620	0	1	0	0
3621	2	2	0	0
3622	0	3	0	0
3623	0	2	0	0
3624	1	3	0	0
3625	2	0	0	0
3626	1	2	0	0
3627	0	3	0	0
3628	0	3	0	0
3629	1	2	0	0
3630	1	3	0	0
3631	2	0	0	0
3632	1	0	0	0
3633	0	2	0	0
3634	0	2	0	0
3635	1	0	0	0
3636	1	0	0	0
3637	0	3	0	0
3638	1	1	0	0
3639	0	0	0	0
3640	1	2	0	0
3641	1	4	0	0
3642	1	3	0	0
3643	1	2	0	0
3644	0	2	0	0
3645	0	6	0	0
3646	0	1	0	0
3647	1	1	0	0
3648	0	2	0	0
3649	2	4	0	0
3650	0	0	0	0
3651	0	2	0	0
3652	0	1	0	0
3653	1	2	0	0
3654	1	3	0	0
3655	0	1	0	0
3656	0	3	0	0
3657	0	2	0	0
3658	1	1	0	0
3659	0	1	0	0
3660	0	1	0	0
3661	1	1	0	0
3662	0	2	0	0
3663	1	0	0	0
3664	0	2	0	0
3665	1	0	0	0
3666	0	2	0	0
3667	1	2	0	0
3668	0	2	0	0
3669	2	3	0	0
3670	1	2	0	0
3671	0	3	0	0
3672	0	0	0	0
3673	0	0	0	0
3674	1	2	0	0
3675	0	1	0	0
3676	0	4	0	0
3677	0	2	0	0
3678	1	2	0	0
3679	1	0	0	0
3680	1	1	0	0
3681	0	2	0	0
3682	0	4	0	0
3683	1	3	0	0
3684	0	1	0	0
3685	0	1	0	0
3686	0	2	0	0
3687	1	3	0	0
3688	1	0	0	0
3689	0	2	0	0
3690	0	2	0	0
3691	0	2	0	0
3692	1	0	0	0
3693	2	1	0	0
3694	0	1	0	0
3695	0	1	0	0
3696	0	1	0	0
3697	0	2	0	0
3698	0	2	0	0
3699	0	1	0	0
3700	0	0	0	0
3701	1	0	0	0
3702	2	2	0	0
3703	1	1	0	0
3704	1	0	0	0
3705	1	3	0	0
3706	0	1	0	0
3707	1	2	0	0
3708	0	1	0	0
3709	1	2	0	0
3710	0	0	0	0
3711	0	1	0	0
3712	0	2	0	0
3713	0	2	0	0
3714	0	1	0	0
3715	1	3	0	0
3716	0	1	0	0
3717	0	1	0	0
3718	0	1	0	0
3719	1	1	0	0
3720	1	2	0	0
3721	0	4	0	0
3722	1	4	0	0
3723	0	2	0	0
3724	0	3	0	0
3725	2	0	0	0
3726	1	2	0	0
3727	0	2	0	0
3728	0	2	0	0
3729	0	3	0	0
3730	0	2	0	0
3731	0	2	0	0
3732	1	4	0	0
3733	0	3	0	0
3734	0	2	0	0
3735	0	3	0	0
3736	0	3	0	0
3737	1	2	0	0
3738	0	1	0	0
3739	0	3	0	0
3740	0	1	0	0
3741	0	1	0	0
3742	0	0	0	0
3743	0	1	0	0
3744	0	2	0	0
3745	0	3	0	0
3746	0	3	0	0
3747	2	2	0	0
3748	0	2	0	0
3749	3	3	0	0
3750	0	5	0	0
3751	0	2	0	0
3752	0	1	0	0
3753	0	1	0	0
3754	0	0	0	0
3755	0	1	0	0
3756	0	2	0	0
3757	2	4	0	0
3758	0	1	0	0
3759	0	0	0	0
3760	1	2	0	0
3761	0	1	0	0
3762	0	0	0	0
3763	0	2	0	0
3764	3	1	0	0
3765	0	2	0	0
3766	1	3	0	0
3767	0	2	0	0
3768	1	2	0	0
3769	0	1	0	0
3770	0	0	0	0
3771	1	1	0	0
3772	1	2	0	0
3773	0	2	0	0
3774	0	2	0	0
3775	0	3	0	0
3776	1	3	0	0
3777	0	1	0	0
3778	0	2	0	0
3779	2	2	0	0
3780	1	0	0	0
3781	0	1	0	0
3782	1	3	0	0
3783	0	0	0	0
3784	1	0	0	0
3785	0	2	0	0
3786	0	0	0	0
3787	0	1	0	0
3788	2	1	0	0
3789	0	2	0	0
3790	3	3	0	0
3791	0	2	0	0
3792	1	2	0	0
3793	0	1	0	0
3794	1	1	0	0
3795	0	0	0	0
3796	1	1	0	0
3797	0	1	0	0
3798	0	2	0	0
3799	0	0	0	0
3800	0	4	0	0
3801	0	0	0	0
3802	1	4	0	0
3803	0	1	0	0
3804	0	2	0	0
3805	0	0	0	0
3806	0	1	0	0
3807	1	4	0	0
3808	0	1	0	0
3809	0	3	0	0
3810	0	0	0	0
3811	0	1	0	0
3812	0	1	0	0
3813	1	1	0	0
3814	0	0	0	0
3815	0	0	0	0
3816	1	0	0	0
3817	0	1	0	0
3818	0	0	0	0
3819	3	4	0	0
3820	0	1	0	0
3821	1	2	0	0
3822	1	3	0	0
3823	1	0	0	0
3824	2	2	0	0
3825	0	0	0	0
3826	0	3	0	0
3827	1	1	0	0
3828	1	2	0	0
3829	0	1	0	0
3830	1	2	0	0
3831	0	1	0	0
3832	1	3	0	0
3833	0	2	0	0
3834	1	4	0	0
3835	0	1	0	0
3836	1	1	0	0
3837	0	1	0	0
3838	2	1	0	0
3839	1	0	0	0
3840	0	1	0	0
3841	0	1	0	0
3842	0	1	0	0
3843	1	1	0	0
3844	1	0	0	0
3845	0	3	0	0
3846	0	1	0	0
3847	0	2	0	0
3848	0	3	0	0
3849	0	3	0	0
3850	0	0	0	0
3851	0	1	0	0
3852	2	0	0	0
3853	1	1	0	0
3854	0	1	0	0
3855	0	0	0	0
3856	1	1	0	0
3857	0	3	0	0
3858	2	2	0	0
3859	0	0	0	0
3860	0	0	0	0
3861	0	3	0	0
3862	0	2	0	0
3863	0	2	0	0
3864	1	0	0	0
3865	0	3	0	0
3866	1	2	0	0
3867	1	3	0	0
3868	0	1	0	0
3869	1	2	0	0
3870	0	2	0	0
3871	0	0	0	0
3872	2	2	0	0
3873	0	3	0	0
3874	0	2	0	0
3875	2	3	0	0
3876	0	2	0	0
3877	0	1	0	0
3878	0	2	0	0
3879	0	1	0	0
3880	2	1	0	0
3881	0	3	0	0
3882	1	3	0	0
3883	0	3	0	0
3884	2	0	0	0
3885	0	5	0	0
3886	0	1	0	0
3887	0	0	0	0
3888	1	0	0	0
3889	0	2	0	0
3890	0	3	0	0
3891	0	1	0	0
3892	1	1	0	0
3893	1	1	0	0
3894	0	0	0	0
3895	0	2	0	0
3896	0	4	0	0
3897	0	0	0	0
3898	0	2	0	0
3899	1	5	0	0
3900	1	2	0	0
3901	0	4	0	0
3902	1	1	0	0
3903	0	1	0	0
3904	0	1	0	0
3905	0	2	0	0
3906	0	2	0	0
3907	3	1	0	0
3908	0	2	0	0
3909	1	1	0	0
3910	1	3	0	0
3911	0	1	0	0
3912	0	1	0	0
3913	1	0	0	0
3914	0	2	0	0
3915	0	2	0	0
3916	0	0	0	0
3917	0	2	0	0
3918	0	1	0	0
3919	0	2	0	0
3920	0	0	0	0
3921	0	2	0	0
3922	0	0	0	0
3923	0	3	0	0
3924	0	1	0	0
3925	0	0	0	0
3926	1	2	0	0
3927	0	3	0	0
3928	0	2	0	0
3929	0	1	0	0
3930	0	0	0	0
3931	0	3	0	0
3932	0	3	0	0
3933	0	0	0	0
3934	0	2	0	0
3935	0	0	0	0
3936	0	3	0	0
3937	0	1	0	0
3938	0	3	0	0
3939	1	3	0	0
3940	2	2	0	0
3941	1	4	0	0
3942	0	1	0	0
3943	0	1	0	0
3944	0	1	0	0
3945	0	1	0	0
3946	0	1	0	0
3947	0	2	0	0
3948	2	4	0	0
3949	0	1	0	0
3950	1	2	0	0
3951	1	2	0	0
3952	1	1	0	0
3953	0	1	0	0
3954	0	1	0	0
3955	1	3	0	0
3956	0	0	0	0
3957	1	1	0	0
3958	1	1	0	0
3959	1	2	0	0
3960	2	0	0	0
3961	1	0	0	0
3962	1	3	0	0
3963	1	3	0	0
3964	1	3	0	0
3965	0	2	0	0
3966	0	0	0	0
3967	1	0	0	0
3968	1	3	0	0
3969	1	4	0	0
3970	0	3	0	0
3971	1	0	0	0
3972	1	0	0	0
3973	0	2	0	0
3974	0	0	0	0
3975	0	1	0	0
3976	0	2	0	0
3977	1	0	0	0
3978	0	2	0	0
3979	1	1	0	0
3980	1	1	0	0
3981	0	2	0	0
3982	1	2	0	0
3983	0	0	0	0
3984	0	2	0	0
3985	1	2	0	0
3986	0	1	0	0
3987	0	0	0	0
3988	0	1	0	0
3989	0	2	0	0
3990	1	2	0	0
3991	1	1	0	0
3992	1	2	0	0
3993	1	5	0	0
3994	0	3	0	0
3995	0	3	0	0
3996	0	1	0	0
3997	0	0	0	0
3998	0	0	0	0
3999	0	0	0	0
4000	0	1	0	0
4001	1	3	0	0
4002	0	0	0	0
4003	1	0	0	0
4004	0	1	0	0
4005	0	2	0	0
4006	0	2	0	0
4007	1	3	0	0
4008	0	4	0	0
4009	0	3	0	0
4010	1	1	0	0
4011	0	1	0	0
4012	0	1	0	0
4013	1	2	0	0
4014	1	2	0	0
4015	0	1	0	0
4016	0	3	0	0
4017	0	3	0	0
4018	0	2	0	0
4019	0	1	0	0
4020	0	2	0	0
4021	0	3	0	0
4022	0	1	0	0
4023	1	3	0	0
4024	0	1	0	0
4025	0	2	0	0
4026	0	2	0	0
4027	0	1	0	0
4028	1	2	0	0
4029	0	2	0	0
4030	0	2	0	0
4031	0	6	0	0
4032	0	4	0	0
4033	0	2	0	0
4034	2	1	0	0
4035	0	1	0	0
4036	0	2	0	0
4037	0	0	0	0
4038	0	1	0	0
4039	1	1	0	0
4040	1	1	0	0
4041	0	2	0	0
4042	1	0	0	0
4043	1	2	0	0
4044	1	0	0	0
4045	0	3	0	0
4046	0	0	0	0
4047	2	0	0	0
4048	0	2	0	0
4049	0	1	0	0
4050	0	0	0	0
4051	0	1	0	0
4052	0	1	0	0
4053	1	2	0	0
4054	1	1	0	0
4055	1	1	0	0
4056	0	1	0	0
4057	0	2	0	0
4058	0	3	0	0
4059	2	2	0	0
4060	0	1	0	0
4061	1	2	0	0
4062	3	3	0	0
4063	0	1	0	0
4064	0	1	0	0
4065	0	2	0	0
4066	1	0	0	0
4067	0	1	0	0
4068	0	2	0	0
4069	1	0	0	0
4070	1	1	0	0
4071	1	0	0	0
4072	0	1	0	0
4073	0	1	0	0
4074	0	1	0	0
4075	0	0	0	0
4076	0	0	0	0
4077	1	2	0	0
4078	0	4	0	0
4079	0	0	0	0
4080	1	1	0	0
4081	1	0	0	0
4082	0	1	0	0
4083	0	0	0	0
4084	1	1	0	0
4085	2	2	0	0
4086	0	2	0	0
4087	0	1	0	0
4088	0	0	0	0
4089	0	1	0	0
4090	0	3	0	0
4091	0	2	0	0
4092	1	4	0	0
4093	1	2	0	0
4094	0	2	0	0
4095	0	0	0	0
4096	0	0	0	0
