	4000.36533379555
	3999.43349933625
	3998.50166487694
	3997.56983041764
	3996.63799595833
	3995.70616149903
	3994.77432703972
	3993.84249258042
	3992.91065812111
	3991.97882366181
	3991.0469892025
	3990.1151547432
	3989.18332028389
	3988.25148582459
	3987.31965136528
	3986.38781690598
	3985.45598244667
	3984.52414798737
	3983.59231352806
	3982.66047906876
	3981.72864460945
	3980.79681015015
	3979.86497569085
	3978.93314123154
	3978.00130677224
	3977.06947231293
	3976.13763785363
	3975.20580339432
	3974.27396893502
	3973.34213447571
	3972.41030001641
	3971.4784655571
	3970.5466310978
	3969.61479663849
	3968.68296217919
	3967.75112771988
	3966.81929326058
	3965.88745880127
	3964.95562434197
	3964.02378988266
	3963.09195542336
	3962.16012096405
	3961.22828650475
	3960.29645204544
	3959.36461758614
	3958.43278312683
	3957.50094866753
	3956.56911420823
	3955.63727974892
	3954.70544528962
	3953.77361083031
	3952.84177637101
	3951.9099419117
	3950.9781074524
	3950.04627299309
	3949.11443853379
	3948.18260407448
	3947.25076961518
	3946.31893515587
	3945.38710069657
	3944.45526623726
	3943.52343177796
	3942.59159731865
	3941.65976285935
	3940.72792840004
	3939.79609394074
	3938.86425948143
	3937.93242502213
	3937.00059056282
	3936.06875610352
	3935.13692164421
	3934.20508718491
	3933.2732527256
	3932.3414182663
	3931.409583807
	3930.47774934769
	3929.54591488839
	3928.61408042908
	3927.68224596978
	3926.75041151047
	3925.81857705117
	3924.88674259186
	3923.95490813256
	3923.02307367325
	3922.09123921395
	3921.15940475464
	3920.22757029534
	3919.29573583603
	3918.36390137673
	3917.43206691742
	3916.50023245812
	3915.56839799881
	3914.63656353951
	3913.7047290802
	3912.7728946209
	3911.84106016159
	3910.90922570229
	3909.97739124298
	3909.04555678368
	3908.11372232437
	3907.18188786507
	3906.25005340577
	3905.31821894646
	3904.38638448716
	3903.45455002785
	3902.52271556855
	3901.59088110924
	3900.65904664994
	3899.72721219063
	3898.79537773133
	3897.86354327202
	3896.93170881272
	3895.99987435341
	3895.06803989411
	3894.1362054348
	3893.2043709755
	3892.27253651619
	3891.34070205689
	3890.40886759758
	3889.47703313828
	3888.54519867897
	3887.61336421967
	3886.68152976036
	3885.74969530106
	3884.81786084175
	3883.88602638245
	3882.95419192315
	3882.02235746384
	3881.09052300454
	3880.15868854523
	3879.22685408593
	3878.29501962662
	3877.36318516732
	3876.43135070801
	3875.49951624871
	3874.5676817894
	3873.6358473301
	3872.70401287079
	3871.77217841149
	3870.84034395218
	3869.90850949288
	3868.97667503357
	3868.04484057427
	3867.11300611496
	3866.18117165566
	3865.24933719635
	3864.31750273705
	3863.38566827774
	3862.45383381844
	3861.52199935913
	3860.59016489983
	3859.65833044052
	3858.72649598122
	3857.79466152192
	3856.86282706261
	3855.93099260331
	3854.999158144
	3854.0673236847
	3853.13548922539
	3852.20365476609
	3851.27182030678
	3850.33998584748
	3849.40815138817
	3848.47631692887
	3847.54448246956
	3846.61264801026
	3845.68081355095
	3844.74897909165
	3843.81714463234
	3842.88531017304
	3841.95347571373
	3841.02164125443
	3840.08980679512
	3839.15797233582
	3838.22613787651
	3837.29430341721
	3836.3624689579
	3835.4306344986
	3834.4988000393
	3833.56696557999
	3832.63513112069
	3831.70329666138
	3830.77146220208
	3829.83962774277
	3828.90779328347
	3827.97595882416
	3827.04412436486
	3826.11228990555
	3825.18045544625
	3824.24862098694
	3823.31678652764
	3822.38495206833
	3821.45311760903
	3820.52128314972
	3819.58944869042
	3818.65761423111
	3817.72577977181
	3816.7939453125
	3815.8621108532
	3814.93027639389
	3813.99844193459
	3813.06660747528
	3812.13477301598
	3811.20293855667
	3810.27110409737
	3809.33926963807
	3808.40743517876
	3807.47560071946
	3806.54376626015
	3805.61193180085
	3804.68009734154
	3803.74826288224
	3802.81642842293
	3801.88459396363
	3800.95275950432
	3800.02092504502
	3799.08909058571
	3798.15725612641
	3797.2254216671
	3796.2935872078
	3795.36175274849
	3794.42991828919
	3793.49808382988
	3792.56624937058
	3791.63441491127
	3790.70258045197
	3789.77074599266
	3788.83891153336
	3787.90707707405
	3786.97524261475
	3786.04340815544
	3785.11157369614
	3784.17973923684
	3783.24790477753
	3782.31607031823
	3781.38423585892
	3780.45240139962
	3779.52056694031
	3778.58873248101
	3777.6568980217
	3776.7250635624
	3775.79322910309
	3774.86139464379
	3773.92956018448
	3772.99772572518
	3772.06589126587
	3771.13405680657
	3770.20222234726
	3769.27038788796
	3768.33855342865
	3767.40671896935
	3766.47488451004
	3765.54305005074
	3764.61121559143
	3763.67938113213
	3762.74754667282
	3761.81571221352
	3760.88387775422
	3759.95204329491
	3759.02020883561
	3758.0883743763
	3757.156539917
	3756.22470545769
	3755.29287099839
	3754.36103653908
	3753.42920207978
	3752.49736762047
	3751.56553316117
	3750.63369870186
	3749.70186424256
	3748.77002978325
	3747.83819532395
	3746.90636086464
	3745.97452640534
	3745.04269194603
	3744.11085748673
	3743.17902302742
	3742.24718856812
	3741.31535410881
	3740.38351964951
	3739.4516851902
	3738.5198507309
	3737.58801627159
	3736.65618181229
	3735.72434735299
	3734.79251289368
	3733.86067843438
	3732.92884397507
	3731.99700951577
	3731.06517505646
	3730.13334059716
	3729.20150613785
	3728.26967167855
	3727.33783721924
	3726.40600275994
	3725.47416830063
	3724.54233384133
	3723.61049938202
	3722.67866492272
	3721.74683046341
	3720.81499600411
	3719.8831615448
	3718.9513270855
	3718.01949262619
	3717.08765816689
	3716.15582370758
	3715.22398924828
	3714.29215478897
	3713.36032032967
	3712.42848587036
	3711.49665141106
	3710.56481695176
	3709.63298249245
	3708.70114803315
	3707.76931357384
	3706.83747911454
	3705.90564465523
	3704.97381019593
	3704.04197573662
	3703.11014127732
	3702.17830681801
	3701.24647235871
	3700.3146378994
	3699.3828034401
	3698.45096898079
	3697.51913452149
	3696.58730006218
	3695.65546560288
	3694.72363114357
	3693.79179668427
	3692.85996222496
	3691.92812776566
	3690.99629330635
	3690.06445884705
	3689.13262438774
	3688.20078992844
	3687.26895546913
	3686.33712100983
	3685.40528655053
	3684.47345209122
	3683.54161763192
	3682.60978317261
	3681.67794871331
	3680.746114254
	3679.8142797947
	3678.88244533539
	3677.95061087609
	3677.01877641678
	3676.08694195748
	3675.15510749817
	3674.22327303887
	3673.29143857956
	3672.35960412026
	3671.42776966095
	3670.49593520165
	3669.56410074234
	3668.63226628304
	3667.70043182373
	3666.76859736443
	3665.83676290512
	3664.90492844582
	3663.97309398651
	3663.04125952721
	3662.1094250679
	3661.1775906086
	3660.2457561493
	3659.31392168999
	3658.38208723069
	3657.45025277138
	3656.51841831208
	3655.58658385277
	3654.65474939347
	3653.72291493416
	3652.79108047486
	3651.85924601555
	3650.92741155625
	3649.99557709694
	3649.06374263764
	3648.13190817833
	3647.20007371903
	3646.26823925972
	3645.33640480042
	3644.40457034111
	3643.47273588181
	3642.5409014225
	3641.6090669632
	3640.67723250389
	3639.74539804459
	3638.81356358528
	3637.88172912598
	3636.94989466667
	3636.01806020737
	3635.08622574807
	3634.15439128876
	3633.22255682946
	3632.29072237015
	3631.35888791085
	3630.42705345154
	3629.49521899224
	3628.56338453293
	3627.63155007363
	3626.69971561432
	3625.76788115502
	3624.83604669571
	3623.90421223641
	3622.9723777771
	3622.0405433178
	3621.10870885849
	3620.17687439919
	3619.24503993988
	3618.31320548058
	3617.38137102127
	3616.44953656197
	3615.51770210266
	3614.58586764336
	3613.65403318405
	3612.72219872475
	3611.79036426545
	3610.85852980614
	3609.92669534684
	3608.99486088753
	3608.06302642823
	3607.13119196892
	3606.19935750962
	3605.26752305031
	3604.33568859101
	3603.4038541317
	3602.4720196724
	3601.54018521309
	3600.60835075379
	3599.67651629448
	3598.74468183518
	3597.81284737587
	3596.88101291657
	3595.94917845726
	3595.01734399796
	3594.08550953865
	3593.15367507935
	3592.22184062004
	3591.29000616074
	3590.35817170143
	3589.42633724213
	3588.49450278282
	3587.56266832352
	3586.63083386422
	3585.69899940491
	3584.76716494561
	3583.8353304863
	3582.903496027
	3581.97166156769
	3581.03982710839
	3580.10799264908
	3579.17615818978
	3578.24432373047
	3577.31248927117
	3576.38065481186
	3575.44882035256
	3574.51698589325
	3573.58515143395
	3572.65331697464
	3571.72148251534
	3570.78964805603
	3569.85781359673
	3568.92597913742
	3567.99414467812
	3567.06231021881
	3566.13047575951
	3565.1986413002
	3564.2668068409
	3563.33497238159
	3562.40313792229
	3561.47130346299
	3560.53946900368
	3559.60763454438
	3558.67580008507
	3557.74396562577
	3556.81213116646
	3555.88029670716
	3554.94846224785
	3554.01662778855
	3553.08479332924
	3552.15295886994
	3551.22112441063
	3550.28928995133
	3549.35745549202
	3548.42562103272
	3547.49378657341
	3546.56195211411
	3545.6301176548
	3544.6982831955
	3543.76644873619
	3542.83461427689
	3541.90277981758
	3540.97094535828
	3540.03911089897
	3539.10727643967
	3538.17544198037
	3537.24360752106
	3536.31177306176
	3535.37993860245
	3534.44810414315
	3533.51626968384
	3532.58443522454
	3531.65260076523
	3530.72076630593
	3529.78893184662
	3528.85709738732
	3527.92526292801
	3526.99342846871
	3526.0615940094
	3525.1297595501
	3524.19792509079
	3523.26609063149
	3522.33425617218
	3521.40242171288
	3520.47058725357
	3519.53875279427
	3518.60691833496
	3517.67508387566
	3516.74324941635
	3515.81141495705
	3514.87958049774
	3513.94774603844
	3513.01591157914
	3512.08407711983
	3511.15224266053
	3510.22040820122
	3509.28857374192
	3508.35673928261
	3507.42490482331
	3506.493070364
	3505.5612359047
	3504.62940144539
	3503.69756698609
	3502.76573252678
	3501.83389806748
	3500.90206360817
	3499.97022914887
	3499.03839468956
	3498.10656023026
	3497.17472577095
	3496.24289131165
	3495.31105685234
	3494.37922239304
	3493.44738793373
	3492.51555347443
	3491.58371901512
	3490.65188455582
	3489.72005009652
	3488.78821563721
	3487.85638117791
	3486.9245467186
	3485.9927122593
	3485.06087779999
	3484.12904334069
	3483.19720888138
	3482.26537442208
	3481.33353996277
	3480.40170550347
	3479.46987104416
	3478.53803658486
	3477.60620212555
	3476.67436766625
	3475.74253320694
	3474.81069874764
	3473.87886428833
	3472.94702982903
	3472.01519536972
	3471.08336091042
	3470.15152645111
	3469.21969199181
	3468.2878575325
	3467.3560230732
	3466.42418861389
	3465.49235415459
	3464.56051969529
	3463.62868523598
	3462.69685077668
	3461.76501631737
	3460.83318185807
	3459.90134739876
	3458.96951293946
	3458.03767848015
	3457.10584402085
	3456.17400956154
	3455.24217510224
	3454.31034064293
	3453.37850618363
	3452.44667172432
	3451.51483726502
	3450.58300280571
	3449.65116834641
	3448.7193338871
	3447.7874994278
	3446.85566496849
	3445.92383050919
	3444.99199604988
	3444.06016159058
	3443.12832713127
	3442.19649267197
	3441.26465821266
	3440.33282375336
	3439.40098929406
	3438.46915483475
	3437.53732037545
	3436.60548591614
	3435.67365145684
	3434.74181699753
	3433.80998253823
	3432.87814807892
	3431.94631361962
	3431.01447916031
	3430.08264470101
	3429.1508102417
	3428.2189757824
	3427.28714132309
	3426.35530686379
	3425.42347240448
	3424.49163794518
	3423.55980348587
	3422.62796902657
	3421.69613456726
	3420.76430010796
	3419.83246564865
	3418.90063118935
	3417.96879673004
	3417.03696227074
	3416.10512781144
	3415.17329335213
	3414.24145889283
	3413.30962443352
	3412.37778997422
	3411.44595551491
	3410.51412105561
	3409.5822865963
	3408.650452137
	3407.71861767769
	3406.78678321839
	3405.85494875908
	3404.92311429978
	3403.99127984047
	3403.05944538117
	3402.12761092186
	3401.19577646256
	3400.26394200325
	3399.33210754395
	3398.40027308464
	3397.46843862534
	3396.53660416603
	3395.60476970673
	3394.67293524742
	3393.74110078812
	3392.80926632881
	3391.87743186951
	3390.94559741021
	3390.0137629509
	3389.0819284916
	3388.15009403229
	3387.21825957299
	3386.28642511368
	3385.35459065438
	3384.42275619507
	3383.49092173577
	3382.55908727646
	3381.62725281716
	3380.69541835785
	3379.76358389855
	3378.83174943924
	3377.89991497994
	3376.96808052063
	3376.03624606133
	3375.10441160202
	3374.17257714272
	3373.24074268341
	3372.30890822411
	3371.3770737648
	3370.4452393055
	3369.51340484619
	3368.58157038689
	3367.64973592758
	3366.71790146828
	3365.78606700898
	3364.85423254967
	3363.92239809037
	3362.99056363106
	3362.05872917176
	3361.12689471245
	3360.19506025315
	3359.26322579384
	3358.33139133454
	3357.39955687523
	3356.46772241593
	3355.53588795662
	3354.60405349732
	3353.67221903801
	3352.74038457871
	3351.8085501194
	3350.8767156601
	3349.94488120079
	3349.01304674149
	3348.08121228218
	3347.14937782288
	3346.21754336357
	3345.28570890427
	3344.35387444496
	3343.42203998566
	3342.49020552636
	3341.55837106705
	3340.62653660775
	3339.69470214844
	3338.76286768914
	3337.83103322983
	3336.89919877053
	3335.96736431122
	3335.03552985192
	3334.10369539261
	3333.17186093331
	3332.240026474
	3331.3081920147
	3330.37635755539
	3329.44452309609
	3328.51268863678
	3327.58085417748
	3326.64901971817
	3325.71718525887
	3324.78535079956
	3323.85351634026
	3322.92168188095
	3321.98984742165
	3321.05801296234
	3320.12617850304
	3319.19434404373
	3318.26250958443
	3317.33067512513
	3316.39884066582
	3315.46700620652
	3314.53517174721
	3313.60333728791
	3312.6715028286
	3311.7396683693
	3310.80783390999
	3309.87599945069
	3308.94416499138
	3308.01233053208
	3307.08049607277
	3306.14866161347
	3305.21682715416
	3304.28499269486
	3303.35315823555
	3302.42132377625
	3301.48948931694
	3300.55765485764
	3299.62582039833
	3298.69398593903
	3297.76215147972
	3296.83031702042
	3295.89848256111
	3294.96664810181
	3294.03481364251
	3293.1029791832
	3292.1711447239
	3291.23931026459
	3290.30747580529
	3289.37564134598
	3288.44380688668
	3287.51197242737
	3286.58013796807
	3285.64830350876
	3284.71646904946
	3283.78463459015
	3282.85280013085
	3281.92096567154
	3280.98913121224
	3280.05729675293
	3279.12546229363
	3278.19362783432
	3277.26179337502
	3276.32995891571
	3275.39812445641
	3274.4662899971
	3273.5344555378
	3272.60262107849
	3271.67078661919
	3270.73895215988
	3269.80711770058
	3268.87528324128
	3267.94344878197
	3267.01161432267
	3266.07977986336
	3265.14794540406
	3264.21611094475
	3263.28427648545
	3262.35244202614
	3261.42060756684
	3260.48877310753
	3259.55693864823
	3258.62510418892
	3257.69326972962
	3256.76143527031
	3255.82960081101
	3254.8977663517
	3253.9659318924
	3253.03409743309
	3252.10226297379
	3251.17042851448
	3250.23859405518
	3249.30675959587
	3248.37492513657
	3247.44309067726
	3246.51125621796
	3245.57942175865
	3244.64758729935
	3243.71575284004
	3242.78391838074
	3241.85208392144
	3240.92024946213
	3239.98841500283
	3239.05658054352
	3238.12474608422
	3237.19291162491
	3236.26107716561
	3235.3292427063
	3234.397408247
	3233.46557378769
	3232.53373932839
	3231.60190486908
	3230.67007040978
	3229.73823595047
	3228.80640149117
	3227.87456703186
	3226.94273257256
	3226.01089811325
	3225.07906365395
	3224.14722919464
	3223.21539473534
	3222.28356027603
	3221.35172581673
	3220.41989135742
	3219.48805689812
	3218.55622243881
	3217.62438797951
	3216.69255352021
	3215.7607190609
	3214.8288846016
	3213.89705014229
	3212.96521568299
	3212.03338122368
	3211.10154676438
	3210.16971230507
	3209.23787784577
	3208.30604338646
	3207.37420892716
	3206.44237446785
	3205.51054000855
	3204.57870554924
	3203.64687108994
	3202.71503663063
	3201.78320217133
	3200.85136771202
	3199.91953325272
	3198.98769879341
	3198.05586433411
	3197.1240298748
	3196.1921954155
	3195.26036095619
	3194.32852649689
	3193.39669203759
	3192.46485757828
	3191.53302311898
	3190.60118865967
	3189.66935420037
	3188.73751974106
	3187.80568528176
	3186.87385082245
	3185.94201636315
	3185.01018190384
	3184.07834744454
	3183.14651298523
	3182.21467852593
	3181.28284406662
	3180.35100960732
	3179.41917514801
	3178.48734068871
	3177.5555062294
	3176.6236717701
	3175.69183731079
	3174.76000285149
	3173.82816839218
	3172.89633393288
	3171.96449947357
	3171.03266501427
	3170.10083055496
	3169.16899609566
	3168.23716163636
	3167.30532717705
	3166.37349271775
	3165.44165825844
	3164.50982379914
	3163.57798933983
	3162.64615488053
	3161.71432042122
	3160.78248596192
	3159.85065150261
	3158.91881704331
	3157.986982584
	3157.0551481247
	3156.12331366539
	3155.19147920609
	3154.25964474678
	3153.32781028748
	3152.39597582817
	3151.46414136887
	3150.53230690956
	3149.60047245026
	3148.66863799095
	3147.73680353165
	3146.80496907234
	3145.87313461304
	3144.94130015374
	3144.00946569443
	3143.07763123513
	3142.14579677582
	3141.21396231652
	3140.28212785721
	3139.35029339791
	3138.4184589386
	3137.4866244793
	3136.55479001999
	3135.62295556069
	3134.69112110138
	3133.75928664208
	3132.82745218277
	3131.89561772347
	3130.96378326416
	3130.03194880486
	3129.10011434555
	3128.16827988625
	3127.23644542694
	3126.30461096764
	3125.37277650833
	3124.44094204903
	3123.50910758972
	3122.57727313042
	3121.64543867111
	3120.71360421181
	3119.78176975251
	3118.8499352932
	3117.9181008339
	3116.98626637459
	3116.05443191529
	3115.12259745598
	3114.19076299668
	3113.25892853737
	3112.32709407807
	3111.39525961876
	3110.46342515946
	3109.53159070015
	3108.59975624085
	3107.66792178154
	3106.73608732224
	3105.80425286293
	3104.87241840363
	3103.94058394432
	3103.00874948502
	3102.07691502571
	3101.14508056641
	3100.2132461071
	3099.2814116478
	3098.34957718849
	3097.41774272919
	3096.48590826988
	3095.55407381058
	3094.62223935128
	3093.69040489197
	3092.75857043267
	3091.82673597336
	3090.89490151406
	3089.96306705475
	3089.03123259545
	3088.09939813614
	3087.16756367684
	3086.23572921753
	3085.30389475823
	3084.37206029892
	3083.44022583962
	3082.50839138031
	3081.57655692101
	3080.6447224617
	3079.7128880024
	3078.78105354309
	3077.84921908379
	3076.91738462448
	3075.98555016518
	3075.05371570587
	3074.12188124657
	3073.19004678726
	3072.25821232796
	3071.32637786865
	3070.39454340935
	3069.46270895004
	3068.53087449074
	3067.59904003144
	3066.66720557213
	3065.73537111283
	3064.80353665352
	3063.87170219422
	3062.93986773491
	3062.00803327561
	3061.0761988163
	3060.144364357
	3059.21252989769
	3058.28069543839
	3057.34886097908
	3056.41702651978
	3055.48519206047
	3054.55335760117
	3053.62152314186
	3052.68968868256
	3051.75785422325
	3050.82601976395
	3049.89418530464
	3048.96235084534
	3048.03051638603
	3047.09868192673
	3046.16684746742
	3045.23501300812
	3044.30317854882
	3043.37134408951
	3042.43950963021
	3041.5076751709
	3040.5758407116
	3039.64400625229
	3038.71217179299
	3037.78033733368
	3036.84850287438
	3035.91666841507
	3034.98483395577
	3034.05299949646
	3033.12116503716
	3032.18933057785
	3031.25749611855
	3030.32566165924
	3029.39382719994
	3028.46199274063
	3027.53015828133
	3026.59832382202
	3025.66648936272
	3024.73465490341
	3023.80282044411
	3022.8709859848
	3021.9391515255
	3021.00731706619
	3020.07548260689
	3019.14364814759
	3018.21181368828
	3017.27997922898
	3016.34814476967
	3015.41631031037
	3014.48447585106
	3013.55264139176
	3012.62080693245
	3011.68897247315
	3010.75713801384
	3009.82530355454
	3008.89346909523
	3007.96163463593
	3007.02980017662
	3006.09796571732
	3005.16613125801
	3004.23429679871
	3003.3024623394
	3002.3706278801
	3001.43879342079
	3000.50695896149
	2999.57512450218
	2998.64329004288
	2997.71145558357
	2996.77962112427
	2995.84778666497
	2994.91595220566
	2993.98411774636
	2993.05228328705
	2992.12044882775
	2991.18861436844
	2990.25677990914
	2989.32494544983
	2988.39311099053
	2987.46127653122
	2986.52944207192
	2985.59760761261
	2984.66577315331
	2983.733938694
	2982.8021042347
	2981.87026977539
	2980.93843531609
	2980.00660085678
	2979.07476639748
	2978.14293193817
	2977.21109747887
	2976.27926301956
	2975.34742856026
	2974.41559410095
	2973.48375964165
	2972.55192518234
	2971.62009072304
	2970.68825626374
	2969.75642180443
	2968.82458734513
	2967.89275288582
	2966.96091842652
	2966.02908396721
	2965.09724950791
	2964.1654150486
	2963.2335805893
	2962.30174612999
	2961.36991167069
	2960.43807721138
	2959.50624275208
	2958.57440829277
	2957.64257383347
	2956.71073937416
	2955.77890491486
	2954.84707045555
	2953.91523599625
	2952.98340153694
	2952.05156707764
	2951.11973261833
	2950.18789815903
	2949.25606369972
	2948.32422924042
	2947.39239478111
	2946.46056032181
	2945.52872586251
	2944.5968914032
	2943.6650569439
	2942.73322248459
	2941.80138802529
	2940.86955356598
	2939.93771910668
	2939.00588464737
	2938.07405018807
	2937.14221572876
	2936.21038126946
	2935.27854681015
	2934.34671235085
	2933.41487789154
	2932.48304343224
	2931.55120897293
	2930.61937451363
	2929.68754005432
	2928.75570559502
	2927.82387113571
	2926.89203667641
	2925.9602022171
	2925.0283677578
	2924.09653329849
	2923.16469883919
	2922.23286437989
	2921.30102992058
	2920.36919546128
	2919.43736100197
	2918.50552654267
	2917.57369208336
	2916.64185762406
	2915.71002316475
	2914.77818870545
	2913.84635424614
	2912.91451978684
	2911.98268532753
	2911.05085086823
	2910.11901640892
	2909.18718194962
	2908.25534749031
	2907.32351303101
	2906.3916785717
	2905.4598441124
	2904.52800965309
	2903.59617519379
	2902.66434073448
	2901.73250627518
	2900.80067181587
	2899.86883735657
	2898.93700289726
	2898.00516843796
	2897.07333397866
	2896.14149951935
	2895.20966506005
	2894.27783060074
	2893.34599614144
	2892.41416168213
	2891.48232722283
	2890.55049276352
	2889.61865830422
	2888.68682384491
	2887.75498938561
	2886.8231549263
	2885.891320467
	2884.95948600769
	2884.02765154839
	2883.09581708908
	2882.16398262978
	2881.23214817047
	2880.30031371117
	2879.36847925186
	2878.43664479256
	2877.50481033325
	2876.57297587395
	2875.64114141464
	2874.70930695534
	2873.77747249603
	2872.84563803673
	2871.91380357743
	2870.98196911812
	2870.05013465882
	2869.11830019951
	2868.18646574021
	2867.2546312809
	2866.3227968216
	2865.39096236229
	2864.45912790299
	2863.52729344368
	2862.59545898438
	2861.66362452507
	2860.73179006577
	2859.79995560646
	2858.86812114716
	2857.93628668785
	2857.00445222855
	2856.07261776924
	2855.14078330994
	2854.20894885063
	2853.27711439133
	2852.34527993202
	2851.41344547272
	2850.48161101341
	2849.54977655411
	2848.61794209481
	2847.6861076355
	2846.7542731762
	2845.82243871689
	2844.89060425759
	2843.95876979828
	2843.02693533898
	2842.09510087967
	2841.16326642037
	2840.23143196106
	2839.29959750176
	2838.36776304245
	2837.43592858315
	2836.50409412384
	2835.57225966454
	2834.64042520523
	2833.70859074593
	2832.77675628662
	2831.84492182732
	2830.91308736801
	2829.98125290871
	2829.0494184494
	2828.1175839901
	2827.18574953079
	2826.25391507149
	2825.32208061218
	2824.39024615288
	2823.45841169358
	2822.52657723427
	2821.59474277497
	2820.66290831566
	2819.73107385636
	2818.79923939705
	2817.86740493775
	2816.93557047844
	2816.00373601914
	2815.07190155983
	2814.14006710053
	2813.20823264122
	2812.27639818192
	2811.34456372261
	2810.41272926331
	2809.480894804
	2808.5490603447
	2807.61722588539
	2806.68539142609
	2805.75355696678
	2804.82172250748
	2803.88988804817
	2802.95805358887
	2802.02621912956
	2801.09438467026
	2800.16255021096
	2799.23071575165
	2798.29888129235
	2797.36704683304
	2796.43521237374
	2795.50337791443
	2794.57154345513
	2793.63970899582
	2792.70787453652
	2791.77604007721
	2790.84420561791
	2789.9123711586
	2788.9805366993
	2788.04870223999
	2787.11686778069
	2786.18503332138
	2785.25319886208
	2784.32136440277
	2783.38952994347
	2782.45769548416
	2781.52586102486
	2780.59402656555
	2779.66219210625
	2778.73035764694
	2777.79852318764
	2776.86668872833
	2775.93485426903
	2775.00301980973
	2774.07118535042
	2773.13935089112
	2772.20751643181
	2771.27568197251
	2770.3438475132
	2769.4120130539
	2768.48017859459
	2767.54834413529
	2766.61650967598
	2765.68467521668
	2764.75284075737
	2763.82100629807
	2762.88917183876
	2761.95733737946
	2761.02550292015
	2760.09366846085
	2759.16183400154
	2758.22999954224
	2757.29816508293
	2756.36633062363
	2755.43449616432
	2754.50266170502
	2753.57082724571
	2752.63899278641
	2751.7071583271
	2750.7753238678
	2749.8434894085
	2748.91165494919
	2747.97982048989
	2747.04798603058
	2746.11615157128
	2745.18431711197
	2744.25248265267
	2743.32064819336
	2742.38881373406
	2741.45697927475
	2740.52514481545
	2739.59331035614
	2738.66147589684
	2737.72964143753
	2736.79780697823
	2735.86597251892
	2734.93413805962
	2734.00230360031
	2733.07046914101
	2732.1386346817
	2731.2068002224
	2730.27496576309
	2729.34313130379
	2728.41129684448
	2727.47946238518
	2726.54762792588
	2725.61579346657
	2724.68395900727
	2723.75212454796
	2722.82029008866
	2721.88845562935
	2720.95662117005
	2720.02478671074
	2719.09295225144
	2718.16111779213
	2717.22928333283
	2716.29744887352
	2715.36561441422
	2714.43377995491
	2713.50194549561
	2712.5701110363
	2711.638276577
	2710.70644211769
	2709.77460765839
	2708.84277319908
	2707.91093873978
	2706.97910428047
	2706.04726982117
	2705.11543536186
	2704.18360090256
	2703.25176644325
	2702.31993198395
	2701.38809752465
	2700.45626306534
	2699.52442860604
	2698.59259414673
	2697.66075968743
	2696.72892522812
	2695.79709076882
	2694.86525630951
	2693.93342185021
	2693.0015873909
	2692.0697529316
	2691.13791847229
	2690.20608401299
	2689.27424955368
	2688.34241509438
	2687.41058063507
	2686.47874617577
	2685.54691171646
	2684.61507725716
	2683.68324279785
	2682.75140833855
	2681.81957387924
	2680.88773941994
	2679.95590496063
	2679.02407050133
	2678.09223604202
	2677.16040158272
	2676.22856712342
	2675.29673266411
	2674.36489820481
	2673.4330637455
	2672.5012292862
	2671.56939482689
	2670.63756036759
	2669.70572590828
	2668.77389144898
	2667.84205698967
	2666.91022253037
	2665.97838807106
	2665.04655361176
	2664.11471915245
	2663.18288469315
	2662.25105023384
	2661.31921577454
	2660.38738131523
	2659.45554685593
	2658.52371239662
	2657.59187793732
	2656.66004347801
	2655.72820901871
	2654.7963745594
	2653.8645401001
	2652.9327056408
	2652.00087118149
	2651.06903672219
	2650.13720226288
	2649.20536780358
	2648.27353334427
	2647.34169888497
	2646.40986442566
	2645.47802996636
	2644.54619550705
	2643.61436104775
	2642.68252658844
	2641.75069212914
	2640.81885766983
	2639.88702321053
	2638.95518875122
	2638.02335429192
	2637.09151983261
	2636.15968537331
	2635.227850914
	2634.2960164547
	2633.36418199539
	2632.43234753609
	2631.50051307678
	2630.56867861748
	2629.63684415817
	2628.70500969887
	2627.77317523957
	2626.84134078026
	2625.90950632096
	2624.97767186165
	2624.04583740235
	2623.11400294304
	2622.18216848374
	2621.25033402443
	2620.31849956513
	2619.38666510582
	2618.45483064652
	2617.52299618721
	2616.59116172791
	2615.6593272686
	2614.7274928093
	2613.79565834999
	2612.86382389069
	2611.93198943138
	2611.00015497208
	2610.06832051277
	2609.13648605347
	2608.20465159416
	2607.27281713486
	2606.34098267555
	2605.40914821625
	2604.47731375695
	2603.54547929764
	2602.61364483834
	2601.68181037903
	2600.74997591973
	2599.81814146042
	2598.88630700112
	2597.95447254181
	2597.02263808251
	2596.0908036232
	2595.1589691639
	2594.22713470459
	2593.29530024529
	2592.36346578598
	2591.43163132668
	2590.49979686737
	2589.56796240807
	2588.63612794876
	2587.70429348946
	2586.77245903015
	2585.84062457085
	2584.90879011154
	2583.97695565224
	2583.04512119293
	2582.11328673363
	2581.18145227432
	2580.24961781502
	2579.31778335572
	2578.38594889641
	2577.45411443711
	2576.5222799778
	2575.5904455185
	2574.65861105919
	2573.72677659989
	2572.79494214058
	2571.86310768128
	2570.93127322197
	2569.99943876267
	2569.06760430336
	2568.13576984406
	2567.20393538475
	2566.27210092545
	2565.34026646614
	2564.40843200684
	2563.47659754753
	2562.54476308823
	2561.61292862892
	2560.68109416962
	2559.74925971031
	2558.81742525101
	2557.8855907917
	2556.9537563324
	2556.02192187309
	2555.09008741379
	2554.15825295449
	2553.22641849518
	2552.29458403588
	2551.36274957657
	2550.43091511727
	2549.49908065796
	2548.56724619866
	2547.63541173935
	2546.70357728005
	2545.77174282074
	2544.83990836144
	2543.90807390213
	2542.97623944283
	2542.04440498352
	2541.11257052422
	2540.18073606491
	2539.24890160561
	2538.3170671463
	2537.385232687
	2536.45339822769
	2535.52156376839
	2534.58972930908
	2533.65789484978
	2532.72606039047
	2531.79422593117
	2530.86239147187
	2529.93055701256
	2528.99872255326
	2528.06688809395
	2527.13505363465
	2526.20321917534
	2525.27138471604
	2524.33955025673
	2523.40771579743
	2522.47588133812
	2521.54404687882
	2520.61221241951
	2519.68037796021
	2518.7485435009
	2517.8167090416
	2516.88487458229
	2515.95304012299
	2515.02120566368
	2514.08937120438
	2513.15753674507
	2512.22570228577
	2511.29386782646
	2510.36203336716
	2509.43019890785
	2508.49836444855
	2507.56652998924
	2506.63469552994
	2505.70286107064
	2504.77102661133
	2503.83919215203
	2502.90735769272
	2501.97552323342
	2501.04368877411
	2500.11185431481
	2499.1800198555
	2498.2481853962
	2497.31635093689
	2496.38451647759
	2495.45268201828
	2494.52084755898
	2493.58901309967
	2492.65717864037
	2491.72534418106
	2490.79350972176
	2489.86167526245
	2488.92984080315
	2487.99800634384
	2487.06617188454
	2486.13433742523
	2485.20250296593
	2484.27066850662
	2483.33883404732
	2482.40699958801
	2481.47516512871
	2480.5433306694
	2479.6114962101
	2478.6796617508
	2477.74782729149
	2476.81599283219
	2475.88415837288
	2474.95232391358
	2474.02048945427
	2473.08865499497
	2472.15682053566
	2471.22498607636
	2470.29315161705
	2469.36131715775
	2468.42948269844
	2467.49764823914
	2466.56581377983
	2465.63397932053
	2464.70214486122
	2463.77031040192
	2462.83847594261
	2461.90664148331
	2460.974807024
	2460.0429725647
	2459.11113810539
	2458.17930364609
	2457.24746918678
	2456.31563472748
	2455.38380026818
	2454.45196580887
	2453.52013134957
	2452.58829689026
	2451.65646243096
	2450.72462797165
	2449.79279351235
	2448.86095905304
	2447.92912459374
	2446.99729013443
	2446.06545567513
	2445.13362121582
	2444.20178675652
	2443.26995229721
	2442.33811783791
	2441.4062833786
	2440.4744489193
	2439.54261445999
	2438.61078000069
	2437.67894554138
	2436.74711108208
	2435.81527662277
	2434.88344216347
	2433.95160770416
	2433.01977324486
	2432.08793878555
	2431.15610432625
	2430.22426986695
	2429.29243540764
	2428.36060094834
	2427.42876648903
	2426.49693202973
	2425.56509757042
	2424.63326311112
	2423.70142865181
	2422.76959419251
	2421.8377597332
	2420.9059252739
	2419.97409081459
	2419.04225635529
	2418.11042189598
	2417.17858743668
	2416.24675297737
	2415.31491851807
	2414.38308405876
	2413.45124959946
	2412.51941514015
	2411.58758068085
	2410.65574622154
	2409.72391176224
	2408.79207730293
	2407.86024284363
	2406.92840838432
	2405.99657392502
	2405.06473946572
	2404.13290500641
	2403.20107054711
	2402.2692360878
	2401.3374016285
	2400.40556716919
	2399.47373270989
	2398.54189825058
	2397.61006379128
	2396.67822933197
	2395.74639487267
	2394.81456041336
	2393.88272595406
	2392.95089149475
	2392.01905703545
	2391.08722257614
	2390.15538811684
	2389.22355365753
	2388.29171919823
	2387.35988473892
	2386.42805027962
	2385.49621582031
	2384.56438136101
	2383.6325469017
	2382.7007124424
	2381.7688779831
	2380.83704352379
	2379.90520906449
	2378.97337460518
	2378.04154014588
	2377.10970568657
	2376.17787122727
	2375.24603676796
	2374.31420230866
	2373.38236784935
	2372.45053339005
	2371.51869893074
	2370.58686447144
	2369.65503001213
	2368.72319555283
	2367.79136109352
	2366.85952663422
	2365.92769217491
	2364.99585771561
	2364.0640232563
	2363.132188797
	2362.20035433769
	2361.26851987839
	2360.33668541908
	2359.40485095978
	2358.47301650047
	2357.54118204117
	2356.60934758187
	2355.67751312256
	2354.74567866326
	2353.81384420395
	2352.88200974465
	2351.95017528534
	2351.01834082604
	2350.08650636673
	2349.15467190743
	2348.22283744812
	2347.29100298882
	2346.35916852951
	2345.42733407021
	2344.4954996109
	2343.5636651516
	2342.63183069229
	2341.69999623299
	2340.76816177368
	2339.83632731438
	2338.90449285507
	2337.97265839577
	2337.04082393646
	2336.10898947716
	2335.17715501785
	2334.24532055855
	2333.31348609924
	2332.38165163994
	2331.44981718064
	2330.51798272133
	2329.58614826203
	2328.65431380272
	2327.72247934342
	2326.79064488411
	2325.85881042481
	2324.9269759655
	2323.9951415062
	2323.06330704689
	2322.13147258759
	2321.19963812828
	2320.26780366898
	2319.33596920967
	2318.40413475037
	2317.47230029106
	2316.54046583176
	2315.60863137245
	2314.67679691315
	2313.74496245384
	2312.81312799454
	2311.88129353523
	2310.94945907593
	2310.01762461662
	2309.08579015732
	2308.15395569802
	2307.22212123871
	2306.29028677941
	2305.3584523201
	2304.4266178608
	2303.49478340149
	2302.56294894219
	2301.63111448288
	2300.69928002358
	2299.76744556427
	2298.83561110497
	2297.90377664566
	2296.97194218636
	2296.04010772705
	2295.10827326775
	2294.17643880844
	2293.24460434914
	2292.31276988983
	2291.38093543053
	2290.44910097122
	2289.51726651192
	2288.58543205261
	2287.65359759331
	2286.721763134
	2285.7899286747
	2284.85809421539
	2283.92625975609
	2282.99442529679
	2282.06259083748
	2281.13075637818
	2280.19892191887
	2279.26708745957
	2278.33525300026
	2277.40341854096
	2276.47158408165
	2275.53974962235
	2274.60791516304
	2273.67608070374
	2272.74424624443
	2271.81241178513
	2270.88057732582
	2269.94874286652
	2269.01690840721
	2268.08507394791
	2267.1532394886
	2266.2214050293
	2265.28957056999
	2264.35773611069
	2263.42590165138
	2262.49406719208
	2261.56223273277
	2260.63039827347
	2259.69856381417
	2258.76672935486
	2257.83489489556
	2256.90306043625
	2255.97122597695
	2255.03939151764
	2254.10755705834
	2253.17572259903
	2252.24388813973
	2251.31205368042
	2250.38021922112
	2249.44838476181
	2248.51655030251
	2247.5847158432
	2246.6528813839
	2245.72104692459
	2244.78921246529
	2243.85737800598
	2242.92554354668
	2241.99370908737
	2241.06187462807
	2240.13004016876
	2239.19820570946
	2238.26637125015
	2237.33453679085
	2236.40270233154
	2235.47086787224
	2234.53903341294
	2233.60719895363
	2232.67536449433
	2231.74353003502
	2230.81169557572
	2229.87986111641
	2228.94802665711
	2228.0161921978
	2227.0843577385
	2226.15252327919
	2225.22068881989
	2224.28885436058
	2223.35701990128
	2222.42518544197
	2221.49335098267
	2220.56151652336
	2219.62968206406
	2218.69784760475
	2217.76601314545
	2216.83417868614
	2215.90234422684
	2214.97050976753
	2214.03867530823
	2213.10684084892
	2212.17500638962
	2211.24317193031
	2210.31133747101
	2209.3795030117
	2208.4476685524
	2207.5158340931
	2206.58399963379
	2205.65216517449
	2204.72033071518
	2203.78849625588
	2202.85666179657
	2201.92482733727
	2200.99299287796
	2200.06115841866
	2199.12932395935
	2198.19748950005
	2197.26565504074
	2196.33382058144
	2195.40198612213
	2194.47015166283
	2193.53831720352
	2192.60648274422
	2191.67464828491
	2190.74281382561
	2189.8109793663
	2188.879144907
	2187.94731044769
	2187.01547598839
	2186.08364152908
	2185.15180706978
	2184.21997261047
	2183.28813815117
	2182.35630369187
	2181.42446923256
	2180.49263477326
	2179.56080031395
	2178.62896585465
	2177.69713139534
	2176.76529693604
	2175.83346247673
	2174.90162801743
	2173.96979355812
	2173.03795909882
	2172.10612463951
	2171.17429018021
	2170.2424557209
	2169.3106212616
	2168.37878680229
	2167.44695234299
	2166.51511788368
	2165.58328342438
	2164.65144896507
	2163.71961450577
	2162.78778004646
	2161.85594558716
	2160.92411112785
	2159.99227666855
	2159.06044220925
	2158.12860774994
	2157.19677329064
	2156.26493883133
	2155.33310437203
	2154.40126991272
	2153.46943545342
	2152.53760099411
	2151.60576653481
	2150.6739320755
	2149.7420976162
	2148.81026315689
	2147.87842869759
	2146.94659423828
	2146.01475977898
	2145.08292531967
	2144.15109086037
	2143.21925640106
	2142.28742194176
	2141.35558748245
	2140.42375302315
	2139.49191856384
	2138.56008410454
	2137.62824964523
	2136.69641518593
	2135.76458072662
	2134.83274626732
	2133.90091180802
	2132.96907734871
	2132.03724288941
	2131.1054084301
	2130.1735739708
	2129.24173951149
	2128.30990505219
	2127.37807059288
	2126.44623613358
	2125.51440167427
	2124.58256721497
	2123.65073275566
	2122.71889829636
	2121.78706383705
	2120.85522937775
	2119.92339491844
	2118.99156045914
	2118.05972599983
	2117.12789154053
	2116.19605708122
	2115.26422262192
	2114.33238816261
	2113.40055370331
	2112.468719244
	2111.5368847847
	2110.6050503254
	2109.67321586609
	2108.74138140679
	2107.80954694748
	2106.87771248818
	2105.94587802887
	2105.01404356957
	2104.08220911026
	2103.15037465096
	2102.21854019165
	2101.28670573235
	2100.35487127304
	2099.42303681374
	2098.49120235443
	2097.55936789513
	2096.62753343582
	2095.69569897652
	2094.76386451721
	2093.83203005791
	2092.9001955986
	2091.9683611393
	2091.03652667999
	2090.10469222069
	2089.17285776138
	2088.24102330208
	2087.30918884277
	2086.37735438347
	2085.44551992417
	2084.51368546486
	2083.58185100556
	2082.65001654625
	2081.71818208695
	2080.78634762764
	2079.85451316834
	2078.92267870903
	2077.99084424973
	2077.05900979042
	2076.12717533112
	2075.19534087181
	2074.26350641251
	2073.3316719532
	2072.3998374939
	2071.46800303459
	2070.53616857529
	2069.60433411598
	2068.67249965668
	2067.74066519737
	2066.80883073807
	2065.87699627876
	2064.94516181946
	2064.01332736015
	2063.08149290085
	2062.14965844154
	2061.21782398224
	2060.28598952294
	2059.35415506363
	2058.42232060433
	2057.49048614502
	2056.55865168572
	2055.62681722641
	2054.69498276711
	2053.7631483078
	2052.8313138485
	2051.89947938919
	2050.96764492989
	2050.03581047058
	2049.10397601128
	2048.17214155197
	2047.24030709267
	2046.30847263336
	2045.37663817406
	2044.44480371475
	2043.51296925545
	2042.58113479614
	2041.64930033684
	2040.71746587753
	2039.78563141823
	2038.85379695892
	2037.92196249962
	2036.99012804032
	2036.05829358101
	2035.12645912171
	2034.1946246624
	2033.2627902031
	2032.33095574379
	2031.39912128449
	2030.46728682518
	2029.53545236588
	2028.60361790657
	2027.67178344727
	2026.73994898796
	2025.80811452866
	2024.87628006935
	2023.94444561005
	2023.01261115074
	2022.08077669144
	2021.14894223213
	2020.21710777283
	2019.28527331352
	2018.35343885422
	2017.42160439491
	2016.48976993561
	2015.5579354763
	2014.626101017
	2013.6942665577
	2012.76243209839
	2011.83059763909
	2010.89876317978
	2009.96692872048
	2009.03509426117
	2008.10325980187
	2007.17142534256
	2006.23959088326
	2005.30775642395
	2004.37592196465
	2003.44408750534
	2002.51225304604
	2001.58041858673
	2000.64858412743
	1999.71674966812
	1998.78491520882
	1997.85308074951
	1996.92124629021
	1995.9894118309
	1995.0575773716
	1994.12574291229
	1993.19390845299
	1992.26207399368
	1991.33023953438
	1990.39840507507
	1989.46657061577
	1988.53473615647
	1987.60290169716
	1986.67106723786
	1985.73923277855
	1984.80739831925
	1983.87556385994
	1982.94372940064
	1982.01189494133
	1981.08006048203
	1980.14822602272
	1979.21639156342
	1978.28455710411
	1977.35272264481
	1976.4208881855
	1975.4890537262
	1974.55721926689
	1973.62538480759
	1972.69355034828
	1971.76171588898
	1970.82988142967
	1969.89804697037
	1968.96621251106
	1968.03437805176
	1967.10254359245
	1966.17070913315
	1965.23887467384
	1964.30704021454
	1963.37520575524
	1962.44337129593
	1961.51153683663
	1960.57970237732
	1959.64786791802
	1958.71603345871
	1957.78419899941
	1956.8523645401
	1955.9205300808
	1954.98869562149
	1954.05686116219
	1953.12502670288
	1952.19319224358
	1951.26135778427
	1950.32952332497
	1949.39768886566
	1948.46585440636
	1947.53401994705
	1946.60218548775
	1945.67035102844
	1944.73851656914
	1943.80668210983
	1942.87484765053
	1941.94301319122
	1941.01117873192
	1940.07934427261
	1939.14750981331
	1938.21567535401
	1937.2838408947
	1936.3520064354
	1935.42017197609
	1934.48833751679
	1933.55650305748
	1932.62466859818
	1931.69283413887
	1930.76099967957
	1929.82916522026
	1928.89733076096
	1927.96549630165
	1927.03366184235
	1926.10182738304
	1925.16999292374
	1924.23815846443
	1923.30632400513
	1922.37448954582
	1921.44265508652
	1920.51082062721
	1919.57898616791
	1918.6471517086
	1917.7153172493
	1916.78348278999
	1915.85164833069
	1914.91981387139
	1913.98797941208
	1913.05614495278
	1912.12431049347
	1911.19247603417
	1910.26064157486
	1909.32880711556
	1908.39697265625
	1907.46513819695
	1906.53330373764
	1905.60146927834
	1904.66963481903
	1903.73780035973
	1902.80596590042
	1901.87413144112
	1900.94229698181
	1900.01046252251
	1899.0786280632
	1898.1467936039
	1897.21495914459
	1896.28312468529
	1895.35129022598
	1894.41945576668
	1893.48762130737
	1892.55578684807
	1891.62395238876
	1890.69211792946
	1889.76028347016
	1888.82844901085
	1887.89661455155
	1886.96478009224
	1886.03294563294
	1885.10111117363
	1884.16927671433
	1883.23744225502
	1882.30560779572
	1881.37377333641
	1880.44193887711
	1879.5101044178
	1878.5782699585
	1877.64643549919
	1876.71460103989
	1875.78276658058
	1874.85093212128
	1873.91909766197
	1872.98726320267
	1872.05542874336
	1871.12359428406
	1870.19175982475
	1869.25992536545
	1868.32809090614
	1867.39625644684
	1866.46442198753
	1865.53258752823
	1864.60075306893
	1863.66891860962
	1862.73708415032
	1861.80524969101
	1860.87341523171
	1859.9415807724
	1859.0097463131
	1858.07791185379
	1857.14607739449
	1856.21424293518
	1855.28240847588
	1854.35057401657
	1853.41873955727
	1852.48690509796
	1851.55507063866
	1850.62323617935
	1849.69140172005
	1848.75956726074
	1847.82773280144
	1846.89589834213
	1845.96406388283
	1845.03222942352
	1844.10039496422
	1843.16856050491
	1842.23672604561
	1841.30489158631
	1840.373057127
	1839.4412226677
	1838.50938820839
	1837.57755374909
	1836.64571928978
	1835.71388483048
	1834.78205037117
	1833.85021591187
	1832.91838145256
	1831.98654699326
	1831.05471253395
	1830.12287807465
	1829.19104361534
	1828.25920915604
	1827.32737469673
	1826.39554023743
	1825.46370577812
	1824.53187131882
	1823.60003685951
	1822.66820240021
	1821.7363679409
	1820.8045334816
	1819.87269902229
	1818.94086456299
	1818.00903010368
	1817.07719564438
	1816.14536118508
	1815.21352672577
	1814.28169226647
	1813.34985780716
	1812.41802334786
	1811.48618888855
	1810.55435442925
	1809.62251996994
	1808.69068551064
	1807.75885105133
	1806.82701659203
	1805.89518213272
	1804.96334767342
	1804.03151321411
	1803.09967875481
	1802.1678442955
	1801.2360098362
	1800.30417537689
	1799.37234091759
	1798.44050645828
	1797.50867199898
	1796.57683753967
	1795.64500308037
	1794.71316862106
	1793.78133416176
	1792.84949970245
	1791.91766524315
	1790.98583078385
	1790.05399632454
	1789.12216186524
	1788.19032740593
	1787.25849294663
	1786.32665848732
	1785.39482402802
	1784.46298956871
	1783.53115510941
	1782.5993206501
	1781.6674861908
	1780.73565173149
	1779.80381727219
	1778.87198281288
	1777.94014835358
	1777.00831389427
	1776.07647943497
	1775.14464497566
	1774.21281051636
	1773.28097605705
	1772.34914159775
Marcar Perileno	1771.41730713844
	1770.48547267914
	1769.55363821983
	1768.62180376053
	1767.68996930123
	1766.75813484192
	1765.82630038262
	1764.89446592331
	1763.96263146401
	1763.0307970047
	1762.0989625454
Marcar Pyn-MOF	1761.16712808609
	1760.23529362679
	1759.30345916748
	1758.37162470818
	1757.43979024887
	1756.50795578957
	1755.57612133026
Marcar Perileno	1754.64428687096
	1753.71245241165
	1752.78061795235
	1751.84878349304
	1750.91694903374
	1749.98511457443
	1749.05328011513
	1748.12144565582
	1747.18961119652
	1746.25777673721
	1745.32594227791
	1744.3941078186
	1743.4622733593
	1742.5304389
	1741.59860444069
	1740.66676998139
	1739.73493552208
	1738.80310106278
	1737.87126660347
	1736.93943214417
	1736.00759768486
	1735.07576322556
	1734.14392876625
	1733.21209430695
	1732.28025984764
	1731.34842538834
	1730.41659092903
	1729.48475646973
	1728.55292201042
	1727.62108755112
	1726.68925309181
	1725.75741863251
	1724.8255841732
	1723.8937497139
	1722.96191525459
	1722.03008079529
	1721.09824633598
	1720.16641187668
	1719.23457741738
	1718.30274295807
	1717.37090849877
	1716.43907403946
	1715.50723958016
	1714.57540512085
	1713.64357066155
	1712.71173620224
	1711.77990174294
	1710.84806728363
	1709.91623282433
	1708.98439836502
	1708.05256390572
	1707.12072944641
	1706.18889498711
	1705.2570605278
	1704.3252260685
	1703.39339160919
	1702.46155714989
	1701.52972269058
	1700.59788823128
	1699.66605377197
	1698.73421931267
	1697.80238485336
	1696.87055039406
	1695.93871593475
	1695.00688147545
	1694.07504701615
	1693.14321255684
	1692.21137809754
	1691.27954363823
	1690.34770917893
	1689.41587471962
	1688.48404026032
	1687.55220580101
	1686.62037134171
	1685.6885368824
	1684.7567024231
	1683.82486796379
	1682.89303350449
	1681.96119904518
	1681.02936458588
Marcar en Pyn	1680.09753012657
	1679.16569566727
	1678.23386120796
	1677.30202674866
	1676.37019228935
	1675.43835783005
	1674.50652337074
	1673.57468891144
	1672.64285445213
	1671.71101999283
	1670.77918553352
	1669.84735107422
	1668.91551661492
	1667.98368215561
	1667.05184769631
	1666.120013237
	1665.1881787777
	1664.25634431839
	1663.32450985909
	1662.39267539978
	1661.46084094048
	1660.52900648117
	1659.59717202187
	1658.66533756256
	1657.73350310326
	1656.80166864395
	1655.86983418465
	1654.93799972534
	1654.00616526604
	1653.07433080673
	1652.14249634743
	1651.21066188812
	1650.27882742882
	1649.34699296951
	1648.41515851021
	1647.4833240509
	1646.5514895916
	1645.6196551323
	1644.68782067299
	1643.75598621369
	1642.82415175438
	1641.89231729508
	1640.96048283577
	1640.02864837647
	1639.09681391716
	1638.16497945786
	1637.23314499855
	1636.30131053925
	1635.36947607994
	1634.43764162064
	1633.50580716133
	1632.57397270203
	1631.64213824272
	1630.71030378342
	1629.77846932411
	1628.84663486481
	1627.9148004055
	1626.9829659462
	1626.05113148689
	1625.11929702759
	1624.18746256828
	1623.25562810898
	1622.32379364967
	1621.39195919037
	1620.46012473107
	1619.52829027176
	1618.59645581246
	1617.66462135315
	1616.73278689385
	1615.80095243454
	1614.86911797524
	1613.93728351593
	1613.00544905663
	1612.07361459732
	1611.14178013802
	1610.20994567871
	1609.27811121941
	1608.3462767601
	1607.4144423008
	1606.48260784149
	1605.55077338219
	1604.61893892288
	1603.68710446358
	1602.75527000427
	1601.82343554497
	1600.89160108566
	1599.95976662636
	1599.02793216705
	1598.09609770775
	1597.16426324844
	1596.23242878914
	1595.30059432984
	1594.36875987053
	1593.43692541123
	1592.50509095192
	1591.57325649262
	1590.64142203331
	1589.70958757401
	1588.7777531147
	1587.8459186554
	1586.91408419609
	1585.98224973679
	1585.05041527748
	1584.11858081818
	1583.18674635887
	1582.25491189957
	1581.32307744026
	1580.39124298096
	1579.45940852165
	1578.52757406235
	1577.59573960304
	1576.66390514374
	1575.73207068443
	1574.80023622513
	1573.86840176582
	1572.93656730652
	1572.00473284722
	1571.07289838791
	1570.14106392861
	1569.2092294693
	1568.27739501
	1567.34556055069
	1566.41372609139
	1565.48189163208
	1564.55005717278
	1563.61822271347
	1562.68638825417
	1561.75455379486
	1560.82271933556
	1559.89088487625
	1558.95905041695
	1558.02721595764
	1557.09538149834
	1556.16354703903
	1555.23171257973
	1554.29987812042
	1553.36804366112
	1552.43620920181
	1551.50437474251
	1550.5725402832
	1549.6407058239
	1548.70887136459
	1547.77703690529
	1546.84520244599
	1545.91336798668
	1544.98153352738
	1544.04969906807
	1543.11786460877
	1542.18603014946
	1541.25419569016
	1540.32236123085
	1539.39052677155
	1538.45869231224
	1537.52685785294
	1536.59502339363
	1535.66318893433
	1534.73135447502
	1533.79952001572
	1532.86768555641
	1531.93585109711
	1531.0040166378
	1530.0721821785
	1529.14034771919
	1528.20851325989
	1527.27667880058
	1526.34484434128
	1525.41300988197
	1524.48117542267
	1523.54934096336
	1522.61750650406
	1521.68567204475
	1520.75383758545
	1519.82200312615
	1518.89016866684
	1517.95833420754
	1517.02649974823
	1516.09466528893
	1515.16283082962
	1514.23099637032
	1513.29916191101
	1512.36732745171
	1511.4354929924
	1510.5036585331
	1509.57182407379
	1508.63998961449
	1507.70815515518
	1506.77632069588
	1505.84448623657
	1504.91265177727
	1503.98081731796
	1503.04898285866
	1502.11714839935
	1501.18531394005
	1500.25347948074
	1499.32164502144
	1498.38981056213
	1497.45797610283
	1496.52614164352
	1495.59430718422
	1494.66247272492
	1493.73063826561
	1492.79880380631
	1491.866969347
	1490.9351348877
	1490.00330042839
	1489.07146596909
	1488.13963150978
	1487.20779705048
	1486.27596259117
	1485.34412813187
	1484.41229367256
	1483.48045921326
	1482.54862475395
	1481.61679029465
	1480.68495583534
	1479.75312137604
	1478.82128691673
	1477.88945245743
	1476.95761799812
	1476.02578353882
	1475.09394907951
	1474.16211462021
	1473.2302801609
	1472.2984457016
	1471.36661124229
	1470.43477678299
	1469.50294232369
	1468.57110786438
	1467.63927340508
	1466.70743894577
	1465.77560448647
	1464.84377002716
	1463.91193556786
	1462.98010110855
	1462.04826664925
	1461.11643218994
	1460.18459773064
	1459.25276327133
	1458.32092881203
	1457.38909435272
	1456.45725989342
	1455.52542543411
	1454.59359097481
	1453.6617565155
	1452.7299220562
	1451.79808759689
	1450.86625313759
	1449.93441867828
	1449.00258421898
	1448.07074975967
	1447.13891530037
	1446.20708084107
	1445.27524638176
	1444.34341192246
	1443.41157746315
	1442.47974300385
	1441.54790854454
	1440.61607408524
	1439.68423962593
	1438.75240516663
	1437.82057070732
	1436.88873624802
	1435.95690178871
Marcar en Pyn	1435.02506732941
	1434.0932328701
	1433.1613984108
	1432.22956395149
	1431.29772949219
	1430.36589503288
	1429.43406057358
	1428.50222611427
	1427.57039165497
	1426.63855719566
	1425.70672273636
	1424.77488827705
	1423.84305381775
	1422.91121935844
	1421.97938489914
	1421.04755043984
	1420.11571598053
	1419.18388152123
	1418.25204706192
	1417.32021260262
	1416.38837814331
	1415.45654368401
	1414.5247092247
	1413.5928747654
	1412.66104030609
	1411.72920584679
	1410.79737138748
	1409.86553692818
	1408.93370246887
	1408.00186800957
	1407.07003355026
	1406.13819909096
	1405.20636463165
	1404.27453017235
	1403.34269571304
	1402.41086125374
	1401.47902679443
	1400.54719233513
	1399.61535787582
	1398.68352341652
	1397.75168895722
	1396.81985449791
	1395.88802003861
	1394.9561855793
	1394.02435112
	1393.09251666069
	1392.16068220139
	1391.22884774208
	1390.29701328278
	1389.36517882347
	1388.43334436417
	1387.50150990486
	1386.56967544556
	1385.63784098625
	1384.70600652695
	1383.77417206764
	1382.84233760834
	1381.91050314903
	1380.97866868973
	1380.04683423042
	1379.11499977112
	1378.18316531181
	1377.25133085251
	1376.3194963932
	1375.3876619339
	1374.45582747459
	1373.52399301529
	1372.59215855599
	1371.66032409668
	1370.72848963738
	1369.79665517807
	1368.86482071877
	1367.93298625946
	1367.00115180016
	1366.06931734085
	1365.13748288155
	1364.20564842224
	1363.27381396294
	1362.34197950363
	1361.41014504433
	1360.47831058502
	1359.54647612572
	1358.61464166641
	1357.68280720711
	1356.7509727478
	1355.8191382885
	1354.88730382919
	1353.95546936989
	1353.02363491058
	1352.09180045128
	1351.15996599197
	1350.22813153267
	1349.29629707336
	1348.36446261406
	1347.43262815476
	1346.50079369545
	1345.56895923615
	1344.63712477684
	1343.70529031754
	1342.77345585823
	1341.84162139893
	1340.90978693962
	1339.97795248032
	1339.04611802101
	1338.11428356171
	1337.1824491024
	1336.2506146431
	1335.31878018379
	1334.38694572449
	1333.45511126518
	1332.52327680588
	1331.59144234657
	1330.65960788727
	1329.72777342796
	1328.79593896866
	1327.86410450935
	1326.93227005005
	1326.00043559074
	1325.06860113144
	1324.13676667214
	1323.20493221283
	1322.27309775353
	1321.34126329422
	1320.40942883492
	1319.47759437561
	1318.54575991631
	1317.613925457
	1316.6820909977
	1315.75025653839
	1314.81842207909
	1313.88658761978
	1312.95475316048
	1312.02291870117
	1311.09108424187
	1310.15924978256
	1309.22741532326
	1308.29558086395
	1307.36374640465
	1306.43191194534
	1305.50007748604
	1304.56824302673
	1303.63640856743
	1302.70457410812
	1301.77273964882
	1300.84090518951
	1299.90907073021
	1298.97723627091
Marcar en Perileno	1298.0454018116
	1297.1135673523
	1296.18173289299
	1295.24989843369
	1294.31806397438
	1293.38622951508
	1292.45439505577
	1291.52256059647
	1290.59072613716
	1289.65889167786
	1288.72705721855
	1287.79522275925
	1286.86338829994
	1285.93155384064
	1284.99971938133
	1284.06788492203
	1283.13605046272
	1282.20421600342
	1281.27238154411
	1280.34054708481
	1279.4087126255
	1278.4768781662
	1277.54504370689
	1276.61320924759
	1275.68137478828
	1274.74954032898
	1273.81770586968
	1272.88587141037
	1271.95403695107
	1271.02220249176
	1270.09036803246
	1269.15853357315
	1268.22669911385
	1267.29486465454
	1266.36303019524
	1265.43119573593
	1264.49936127663
	1263.56752681732
	1262.63569235802
	1261.70385789871
	1260.77202343941
	1259.8401889801
	1258.9083545208
	1257.97652006149
	1257.04468560219
	1256.11285114288
	1255.18101668358
	1254.24918222427
	1253.31734776497
	1252.38551330566
	1251.45367884636
	1250.52184438706
	1249.59000992775
	1248.65817546845
	1247.72634100914
	1246.79450654984
	1245.86267209053
	1244.93083763123
	1243.99900317192
	1243.06716871262
	1242.13533425331
	1241.20349979401
	1240.2716653347
	1239.3398308754
	1238.40799641609
	1237.47616195679
	1236.54432749748
	1235.61249303818
	1234.68065857887
	1233.74882411957
	1232.81698966026
	1231.88515520096
	1230.95332074165
	1230.02148628235
	1229.08965182304
	1228.15781736374
	1227.22598290443
	1226.29414844513
	1225.36231398583
	1224.43047952652
	1223.49864506722
	1222.56681060791
	1221.63497614861
	1220.7031416893
	1219.77130723
	1218.83947277069
	1217.90763831139
	1216.97580385208
	1216.04396939278
	1215.11213493347
	1214.18030047417
	1213.24846601486
	1212.31663155556
	1211.38479709625
	1210.45296263695
	1209.52112817764
	1208.58929371834
	1207.65745925903
	1206.72562479973
	1205.79379034042
	1204.86195588112
	1203.93012142181
	1202.99828696251
	1202.06645250321
	1201.1346180439
	1200.2027835846
	1199.27094912529
	1198.33911466599
	1197.40728020668
	1196.47544574738
	1195.54361128807
	1194.61177682877
	1193.67994236946
	1192.74810791016
	1191.81627345085
	1190.88443899155
	1189.95260453224
	1189.02077007294
	1188.08893561363
	1187.15710115433
	1186.22526669502
	1185.29343223572
	1184.36159777641
	1183.42976331711
	1182.4979288578
	1181.5660943985
	1180.63425993919
	1179.70242547989
	1178.77059102058
	1177.83875656128
	1176.90692210198
	1175.97508764267
	1175.04325318337
	1174.11141872406
	1173.17958426476
	1172.24774980545
	1171.31591534615
	1170.38408088684
	1169.45224642754
	1168.52041196823
	1167.58857750893
	1166.65674304962
	1165.72490859032
	1164.79307413101
	1163.86123967171
	1162.9294052124
	1161.9975707531
	1161.06573629379
	1160.13390183449
	1159.20206737518
	1158.27023291588
	1157.33839845657
	1156.40656399727
	1155.47472953796
	1154.54289507866
	1153.61106061935
	1152.67922616005
	1151.74739170075
	1150.81555724144
	1149.88372278214
	1148.95188832283
	1148.02005386353
	1147.08821940422
	1146.15638494492
	1145.22455048561
	1144.29271602631
	1143.360881567
	1142.4290471077
	1141.49721264839
	1140.56537818909
	1139.63354372978
	1138.70170927048
	1137.76987481117
	1136.83804035187
	1135.90620589256
	1134.97437143326
	1134.04253697395
	1133.11070251465
	1132.17886805534
	1131.24703359604
	1130.31519913673
	1129.38336467743
	1128.45153021813
	1127.51969575882
	1126.58786129952
	1125.65602684021
	1124.72419238091
	1123.7923579216
	1122.8605234623
	1121.92868900299
	1120.99685454369
	1120.06502008438
	1119.13318562508
	1118.20135116577
	1117.26951670647
	1116.33768224716
	1115.40584778786
	1114.47401332855
	1113.54217886925
	1112.61034440994
	1111.67850995064
	1110.74667549133
	1109.81484103203
	1108.88300657272
	1107.95117211342
	1107.01933765411
	1106.08750319481
	1105.1556687355
	1104.2238342762
	1103.2919998169
	1102.36016535759
	1101.42833089829
	1100.49649643898
	1099.56466197968
	1098.63282752037
	1097.70099306107
	1096.76915860176
	1095.83732414246
	1094.90548968315
	1093.97365522385
	1093.04182076454
	1092.10998630524
	1091.17815184593
	1090.24631738663
	1089.31448292732
	1088.38264846802
	1087.45081400871
	1086.51897954941
	1085.5871450901
	1084.6553106308
	1083.72347617149
	1082.79164171219
	1081.85980725288
	1080.92797279358
	1079.99613833427
	1079.06430387497
	1078.13246941567
	1077.20063495636
	1076.26880049706
	1075.33696603775
	1074.40513157845
	1073.47329711914
	1072.54146265984
	1071.60962820053
	1070.67779374123
	1069.74595928192
	1068.81412482262
	1067.88229036331
	1066.95045590401
	1066.0186214447
	1065.0867869854
	1064.15495252609
	1063.22311806679
	1062.29128360748
	1061.35944914818
	1060.42761468887
	1059.49578022957
	1058.56394577026
	1057.63211131096
	1056.70027685165
	1055.76844239235
	1054.83660793305
	1053.90477347374
	1052.97293901444
	1052.04110455513
	1051.10927009583
	1050.17743563652
	1049.24560117722
	1048.31376671791
	1047.38193225861
	1046.4500977993
	1045.51826334
	1044.58642888069
	1043.65459442139
	1042.72275996208
	1041.79092550278
	1040.85909104347
	1039.92725658417
	1038.99542212486
	1038.06358766556
	1037.13175320625
	1036.19991874695
	1035.26808428764
	1034.33624982834
	1033.40441536903
	1032.47258090973
	1031.54074645042
	1030.60891199112
	1029.67707753182
	1028.74524307251
	1027.81340861321
	1026.8815741539
	1025.9497396946
	1025.01790523529
	1024.08607077599
	1023.15423631668
	1022.22240185738
	1021.29056739807
	1020.35873293877
	1019.42689847946
	1018.49506402016
	1017.56322956085
	1016.63139510155
	1015.69956064224
	1014.76772618294
	1013.83589172363
	1012.90405726433
	1011.97222280502
	1011.04038834572
	1010.10855388641
	1009.17671942711
	1008.2448849678
	1007.3130505085
	1006.3812160492
	1005.44938158989
	1004.51754713059
	1003.58571267128
	1002.65387821198
	1001.72204375267
	1000.79020929337
	999.858374834061
	998.926540374756
	997.994705915451
	997.062871456146
	996.131036996842
	995.199202537537
	994.267368078232
	993.335533618927
	992.403699159622
	991.471864700318
	990.540030241013
	989.608195781708
	988.676361322403
	987.744526863098
	986.812692403794
	985.880857944489
	984.949023485184
	984.017189025879
	983.085354566574
	982.15352010727
	981.221685647965
	980.28985118866
	979.358016729355
	978.42618227005
	977.494347810745
	976.562513351441
	975.630678892136
	974.698844432831
	973.767009973526
	972.835175514221
	971.903341054917
	970.971506595612
	970.039672136307
	969.107837677002
	968.176003217697
	967.244168758393
	966.312334299088
	965.380499839783
	964.448665380478
	963.516830921173
	962.584996461869
	961.653162002564
	960.721327543259
	959.789493083954
	958.857658624649
	957.925824165344
	956.99398970604
	956.062155246735
	955.13032078743
	954.198486328125
	953.26665186882
	952.334817409516
	951.402982950211
	950.471148490906
	949.539314031601
	948.607479572296
	947.675645112992
	946.743810653687
	945.811976194382
	944.880141735077
	943.948307275772
	943.016472816468
	942.084638357163
	941.152803897858
	940.220969438553
	939.289134979248
	938.357300519943
	937.425466060639
	936.493631601334
	935.561797142029
	934.629962682724
	933.698128223419
	932.766293764115
	931.83445930481
	930.902624845505
	929.9707903862
	929.038955926895
	928.107121467591
	927.175287008286
	926.243452548981
	925.311618089676
	924.379783630371
	923.447949171067
	922.516114711762
	921.584280252457
	920.652445793152
	919.720611333847
	918.788776874542
	917.856942415238
	916.925107955933
	915.993273496628
	915.061439037323
	914.129604578018
	913.197770118714
	912.265935659409
	911.334101200104
	910.402266740799
	909.470432281494
	908.53859782219
	907.606763362885
	906.67492890358
	905.743094444275
	904.81125998497
	903.879425525666
	902.947591066361
	902.015756607056
	901.083922147751
	900.152087688446
	899.220253229141
	898.288418769837
	897.356584310532
	896.424749851227
	895.492915391922
	894.561080932617
	893.629246473313
	892.697412014008
	891.765577554703
	890.833743095398
	889.901908636093
	888.970074176789
	888.038239717484
	887.106405258179
	886.174570798874
	885.242736339569
	884.310901880265
	883.37906742096
	882.447232961655
	881.51539850235
	880.583564043045
	879.65172958374
	878.719895124436
	877.788060665131
	876.856226205826
	875.924391746521
	874.992557287216
	874.060722827912
	873.128888368607
	872.197053909302
	871.265219449997
	870.333384990692
	869.401550531388
	868.469716072083
	867.537881612778
	866.606047153473
	865.674212694168
	864.742378234864
	863.810543775559
	862.878709316254
	861.946874856949
	861.015040397644
	860.083205938339
	859.151371479035
	858.21953701973
	857.287702560425
	856.35586810112
	855.424033641815
	854.492199182511
	853.560364723206
	852.628530263901
	851.696695804596
	850.764861345291
	849.833026885987
	848.901192426682
	847.969357967377
	847.037523508072
	846.105689048767
	845.173854589463
	844.242020130158
	843.310185670853
	842.378351211548
	841.446516752243
	840.514682292938
	839.582847833634
	838.651013374329
	837.719178915024
	836.787344455719
	835.855509996414
	834.92367553711
	833.991841077805
	833.0600066185
	832.128172159195
	831.19633769989
	830.264503240586
	829.332668781281
	828.400834321976
	827.468999862671
	826.537165403366
	825.605330944062
	824.673496484757
	823.741662025452
	822.809827566147
	821.877993106842
	820.946158647537
	820.014324188233
	819.082489728928
	818.150655269623
	817.218820810318
	816.286986351013
	815.355151891709
	814.423317432404
	813.491482973099
	812.559648513794
	811.627814054489
	810.695979595185
	809.76414513588
	808.832310676575
	807.90047621727
	806.968641757965
	806.036807298661
	805.104972839356
	804.173138380051
	803.241303920746
	802.309469461441
	801.377635002136
	800.445800542832
	799.513966083527
	798.582131624222
	797.650297164917
	796.718462705612
	795.786628246308
	794.854793787003
	793.922959327698
	792.991124868393
	792.059290409088
	791.127455949784
	790.195621490479
	789.263787031174
	788.331952571869
	787.400118112564
	786.46828365326
	785.536449193955
	784.60461473465
	783.672780275345
	782.74094581604
	781.809111356735
	780.877276897431
	779.945442438126
	779.013607978821
	778.081773519516
	777.149939060211
	776.218104600907
	775.286270141602
	774.354435682297
	773.422601222992
	772.490766763687
	771.558932304383
	770.627097845078
	769.695263385773
	768.763428926468
	767.831594467163
	766.899760007858
	765.967925548554
	765.036091089249
	764.104256629944
	763.172422170639
	762.240587711334
	761.30875325203
	760.376918792725
	759.44508433342
	758.513249874115
	757.58141541481
	756.649580955505
	755.717746496201
	754.785912036896
	753.854077577591
	752.922243118286
	751.990408658981
	751.058574199677
	750.126739740372
	749.194905281067
	748.263070821762
	747.331236362457
	746.399401903153
	745.467567443848
	744.535732984543
	743.603898525238
	742.672064065933
	741.740229606629
	740.808395147324
	739.876560688019
	738.944726228714
	738.012891769409
	737.081057310104
	736.1492228508
	735.217388391495
	734.28555393219
	733.353719472885
	732.42188501358
	731.490050554276
	730.558216094971
	729.626381635666
	728.694547176361
	727.762712717056
	726.830878257752
	725.899043798447
	724.967209339142
	724.035374879837
	723.103540420532
	722.171705961228
	721.239871501923
	720.308037042618
	719.376202583313
	718.444368124008
	717.512533664703
	716.580699205399
	715.648864746094
	714.717030286789
	713.785195827484
	712.853361368179
	711.921526908875
	710.98969244957
	710.057857990265
	709.12602353096
	708.194189071655
	707.262354612351
	706.330520153046
	705.398685693741
	704.466851234436
	703.535016775131
	702.603182315827
	701.671347856522
	700.739513397217
	699.807678937912
	698.875844478607
	697.944010019302
	697.012175559998
	696.080341100693
	695.148506641388
	694.216672182083
	693.284837722778
	692.353003263474
	691.421168804169
	690.489334344864
	689.557499885559
	688.625665426254
	687.69383096695
	686.761996507645
	685.83016204834
	684.898327589035
	683.96649312973
	683.034658670426
	682.102824211121
	681.170989751816
	680.239155292511
	679.307320833206
	678.375486373901
	677.443651914597
	676.511817455292
	675.579982995987
	674.648148536682
	673.716314077377
	672.784479618073
	671.852645158768
	670.920810699463
	669.988976240158
	669.057141780853
	668.125307321549
	667.193472862244
	666.261638402939
	665.329803943634
	664.397969484329
	663.466135025025
	662.53430056572
	661.602466106415
	660.67063164711
	659.738797187805
	658.8069627285
	657.875128269196
	656.943293809891
	656.011459350586
	655.079624891281
	654.147790431976
	653.215955972672
	652.284121513367
	651.352287054062
	650.420452594757
