nm	XPyn	Pyn	XPynMOF	PynMOF
700	101	0.00432137378264258	102.1	0.00902574208691015
699	101	0.00432137378264258	101.6	0.00689370794790044
698	100.8	0.00346053210950647	102	0.00860017176191758
697	101.3	0.00560944536028036	102.6	0.0111473607757974
696	101.3	0.00560944536028036	102.2	0.00945089579869395
695	100.8	0.00346053210950647	101.8	0.00774777800073994
694	101.5	0.00646604224923172	102.6	0.0111473607757974
693	100.9	0.00389116623691056	102.2	0.00945089579869395
692	100.9	0.00389116623691056	102.3	0.0098756337121601
691	100.6	0.00259798071990853	102.3	0.0098756337121601
690	101.3	0.00560944536028036	102.9	0.012415374762433
689	100.9	0.00389116623691056	102.7	0.0115704435972783
688	100.9	0.00389116623691056	101.9	0.00817418400642644
687	100.8	0.00346053210950647	102	0.00860017176191758
686	101.4	0.0060379549973172	103	0.0128372247051722
685	101	0.00432137378264258	102.3	0.0098756337121601
684	100.8	0.00346053210950647	102.3	0.0098756337121601
683	101.4	0.0060379549973172	102.5	0.0107238653917731
682	101.2	0.00518051250378033	102.3	0.0098756337121601
681	101	0.00432137378264258	102.4	0.0102999566398121
680	101.2	0.00518051250378033	102.2	0.00945089579869395
679	101.2	0.00518051250378033	102.3	0.0098756337121601
678	101.3	0.00560944536028036	103.1	0.0132586652835165
677	101.4	0.0060379549973172	102.9	0.012415374762433
676	100.8	0.00346053210950647	102.2	0.00945089579869395
675	101.2	0.00518051250378033	102.6	0.0111473607757974
674	101.3	0.00560944536028036	102.7	0.0115704435972783
673	101.2	0.00518051250378033	102.4	0.0102999566398121
672	101.4	0.0060379549973172	102.8	0.0119931146592569
671	101.2	0.00518051250378033	103	0.0128372247051722
670	101.3	0.00560944536028036	102.3	0.0098756337121601
669	100.9	0.00389116623691056	102.5	0.0107238653917731
668	101	0.00432137378264258	102.9	0.012415374762433
667	101.7	0.00732095292274467	102.9	0.012415374762433
666	101.4	0.0060379549973172	102.6	0.0111473607757974
665	101.3	0.00560944536028036	102.7	0.0115704435972783
664	101.2	0.00518051250378033	102.7	0.0115704435972783
663	101	0.00432137378264258	102.4	0.0102999566398121
662	101.6	0.00689370794790044	103.2	0.0136796972911925
661	102	0.00860017176191758	103.6	0.0153597554092142
660	101.2	0.00518051250378033	102.7	0.0115704435972783
659	101.3	0.00560944536028036	102.9	0.012415374762433
658	101.4	0.0060379549973172	102.5	0.0107238653917731
657	101.5	0.00646604224923172	102.6	0.0111473607757974
656	101.6	0.00689370794790044	103.1	0.0132586652835165
655	101.7	0.00732095292274467	103.6	0.0153597554092142
654	101.5	0.00646604224923172	103	0.0128372247051722
653	101.5	0.00646604224923172	103.2	0.0136796972911925
652	101.6	0.00689370794790044	103.1	0.0132586652835165
651	101.5	0.00646604224923172	103	0.0128372247051722
650	101.6	0.00689370794790044	103.2	0.0136796972911925
649	101.4	0.0060379549973172	103.4	0.0145205387579237
648	101.9	0.00817418400642644	103.3	0.0141003215196206
647	101.4	0.0060379549973172	102.6	0.0111473607757974
646	101.7	0.00732095292274467	103.4	0.0145205387579237
645	101.7	0.00732095292274467	103.3	0.0141003215196206
644	101.9	0.00817418400642644	103.3	0.0141003215196206
643	101.3	0.00560944536028036	103.2	0.0136796972911925
642	101.6	0.00689370794790044	102.8	0.0119931146592569
641	101.8	0.00774777800073994	103.5	0.0149403497929366
640	101.5	0.00646604224923172	103.3	0.0141003215196206
639	101.5	0.00646604224923172	103.5	0.0149403497929366
638	101.9	0.00817418400642644	103.7	0.015778756389041
637	101.8	0.00774777800073994	103.7	0.015778756389041
636	102.1	0.00902574208691015	103.7	0.015778756389041
635	101.9	0.00817418400642644	103.8	0.016197353512439
634	101.8	0.00774777800073994	103.5	0.0149403497929366
633	102.1	0.00902574208691015	103.8	0.016197353512439
632	102	0.00860017176191758	103.7	0.015778756389041
631	101.8	0.00774777800073994	103.6	0.0153597554092142
630	102	0.00860017176191758	103.6	0.0153597554092142
629	101.9	0.00817418400642644	103.7	0.015778756389041
628	101.8	0.00774777800073994	103.7	0.015778756389041
627	102.1	0.00902574208691015	103.6	0.0153597554092142
626	102.2	0.00945089579869395	103.8	0.016197353512439
625	101.9	0.00817418400642644	103.5	0.0149403497929366
624	102.3	0.0098756337121601	104.3	0.0182843084265308
623	102.3	0.0098756337121601	104	0.0170333392987803
622	102	0.00860017176191758	104.1	0.0174507295105361
621	102.2	0.00945089579869395	104	0.0170333392987803
620	101.9	0.00817418400642644	103.8	0.016197353512439
619	102.2	0.00945089579869395	104.5	0.0191162904470728
618	102.5	0.0107238653917731	104.4	0.0187004986662434
617	102.4	0.0102999566398121	104.4	0.0187004986662434
616	102.3	0.0098756337121601	104.2	0.0178677189635057
615	102.3	0.0098756337121601	104.1	0.0174507295105361
614	102.4	0.0102999566398121	104.6	0.0195316845312554
613	102.7	0.0115704435972783	104.8	0.0203612826477078
612	102.6	0.0111473607757974	104.2	0.0178677189635057
611	102.8	0.0119931146592569	104.4	0.0187004986662434
610	103.2	0.0136796972911925	104.9	0.020775488193558
609	102.8	0.0119931146592569	104.8	0.0203612826477078
608	103.3	0.0141003215196206	105	0.0211892990699381
607	102.7	0.0115704435972783	105.1	0.0216027160282421
606	103.2	0.0136796972911925	105.5	0.0232524596337115
605	103.2	0.0136796972911925	105.4	0.0228406108765279
604	103.4	0.0145205387579237	105.4	0.0228406108765279
603	103.6	0.0153597554092142	105.6	0.0236639181977934
602	103.3	0.0141003215196206	105.4	0.0228406108765279
601	103.7	0.015778756389041	105.5	0.0232524596337115
600	103.6	0.0153597554092142	105.6	0.0236639181977934
599	103.9	0.0166155475571775	105.8	0.0244856676991669
598	104.2	0.0178677189635057	106.1	0.0257153839013407
597	104.2	0.0178677189635057	106.2	0.0261245167454503
596	104.2	0.0178677189635057	106.3	0.0265332645232967
595	104.8	0.0203612826477078	106.3	0.0265332645232967
594	104.6	0.0195316845312554	106.5	0.0273496077747565
593	105.2	0.0220157398177203	106.6	0.0277572046905534
592	105.1	0.0216027160282421	106.9	0.028977705208778
591	105.3	0.0224283711854865	106.9	0.028977705208778
590	105.8	0.0244856676991669	107.6	0.0318122713303703
589	105.7	0.0240749873074263	107.6	0.0318122713303703
588	105.9	0.0248959601074851	107.6	0.0318122713303703
587	106.7	0.0281644194244699	108	0.0334237554869497
586	106.5	0.0273496077747565	107.5	0.0314084642516241
585	106.6	0.0277572046905534	107.6	0.0318122713303703
584	106.9	0.028977705208778	107.9	0.0330214446829108
583	108.5	0.0354297381845483	109.6	0.0398105541483503
582	108.4	0.0350292822023682	109.2	0.0382226383687185
581	108.3	0.0346284566253203	108.9	0.037027879755775
580	109	0.0374264979406236	109.3	0.0386201619497028
579	109.5	0.0394141191761372	109.9	0.0409976924234906
578	110.6	0.0437551269686794	110.7	0.0441476208787228
577	110.9	0.0449315461491601	110.8	0.0445397603924109
576	111.2	0.0461047872460387	110.8	0.0445397603924109
575	111.9	0.0488300865283501	111.5	0.0472748673841795
574	112.6	0.0515383905153274	111.5	0.0472748673841795
573	113.5	0.0549958615291415	112	0.0492180226701816
572	114.6	0.0591846176313711	112.6	0.0515383905153274
571	114.6	0.0591846176313711	112.3	0.0503797562614578
570	115.7	0.0633333589517496	112.9	0.0526939419249679
569	116.8	0.0674428427763807	113.7	0.0557604646877348
568	117.5	0.0700378666077551	114.2	0.0576661039098293
567	117.7	0.0707764628434347	114.1	0.0572856444182146
566	118.8	0.0748164406451747	114.5	0.0588054866759068
565	119.7	0.0780941504064107	115.1	0.0610753236297918
564	120.3	0.0802656273398447	115.2	0.0614524790871933
563	120.8	0.082066934285113	115	0.0606978403536117
562	121.9	0.086003705618382	115.3	0.061829307294699
561	122.5	0.0881360887005513	115.5	0.0625819842281631
560	122.9	0.0895518828864541	115.9	0.064083435963596
559	124.3	0.0944711286416448	116.3	0.0655797147284484
558	125.2	0.0976043288744109	117	0.0681858617461617
557	125.9	0.100025730107863	117.1	0.068556895072363
556	126.1	0.100715086573082	116.9	0.0678145111618401
555	125.9	0.100025730107863	116.7	0.0670708560453702
554	127	0.103803720955957	117.1	0.068556895072363
553	126.3	0.101403350555331	116.6	0.0666985504229952
552	127.3	0.104828403653655	117.1	0.068556895072363
551	127.3	0.104828403653655	117.1	0.068556895072363
550	127.1	0.104145550554008	116.7	0.0670708560453702
549	127.3	0.104828403653655	116.4	0.0659529803138697
548	126.9	0.103461622094705	116.3	0.0655797147284484
547	126.9	0.103461622094705	116.4	0.0659529803138697
546	126.5	0.102090525511837	116.4	0.0659529803138697
545	125.5	0.098643725817057	115.6	0.0629578340845102
544	125.7	0.0993352776859578	116	0.0644579892269185
543	125.1	0.0972573096934199	115.8	0.0637085593914174
542	124.7	0.0958664534785426	115.2	0.0614524790871933
541	124.4	0.0948203803547999	115.5	0.0625819842281631
540	123.8	0.0927206446840991	115.4	0.0622058088197127
539	124.3	0.0944711286416448	115.5	0.0625819842281631
538	124.2	0.0941215958405614	115.5	0.0625819842281631
537	124.5	0.0951693514317551	116.4	0.0659529803138697
536	124.1	0.0937717814987298	116	0.0644579892269185
535	125.3	0.09795107099415	116.4	0.0659529803138697
534	125.2	0.0976043288744109	116.6	0.0666985504229952
533	125.6	0.0989896394011773	116.7	0.0670708560453702
532	125.9	0.100025730107863	116.9	0.0678145111618401
531	126	0.100370545117563	117.4	0.0696680969115957
530	126.9	0.103461622094705	118.3	0.0729847446279304
529	127.4	0.105169427999332	118	0.0718820073061254
528	128.2	0.107888025182799	117.9	0.0715138050950892
527	129	0.110589710299249	118.9	0.0751818546186916
526	129.8	0.11327469246435	119.5	0.0773679052841565
525	130.9	0.116939646550756	119.5	0.0773679052841565
524	131.1	0.117602691690084	119.5	0.0773679052841565
523	132.4	0.121887985103681	119.7	0.0780941504064107
522	132.8	0.123198075031999	120.5	0.0809870469108872
521	134.3	0.128076012668715	120.5	0.0809870469108872
520	135.3	0.131297796597623	121.5	0.084576277934331
519	136	0.133538908370217	121.3	0.0838608008665729
518	136.9	0.13640344813399	120.7	0.0817072700973492
517	137.9	0.13956426617585	121.2	0.0835026198302674
516	138.8	0.142389466118836	121.6	0.0849335749367161
515	139.7	0.145196406114182	121	0.0827853703164501
514	140.4	0.147367107793786	121.7	0.085290578230065
513	140.9	0.148910993109356	121.6	0.0849335749367161
512	141.6	0.15106325335375	121.2	0.0835026198302674
511	142.7	0.154423973114647	121.7	0.085290578230065
510	143.3	0.156246190397344	122	0.0863598306747482
509	144.3	0.159266331093494	121.9	0.086003705618382
508	145	0.161368002234975	121.8	0.0856472882968566
507	145.6	0.163161374977018	122.4	0.0877814178095425
506	147.2	0.16790781000148	122.7	0.0888445627270043
505	147.5	0.168792020314182	122.7	0.0888445627270043
504	148.6	0.172018809424556	122.8	0.0891983668051489
503	148.9	0.172894697752176	122.8	0.0891983668051489
502	149.3	0.174059807725025	122.7	0.0888445627270043
501	149.8	0.175511813363448	122.7	0.0888445627270043
500	150.6	0.177824971864682	123.3	0.0909630765957316
499	151.1	0.179264464339025	123.4	0.0913151596972229
498	151.6	0.180699201296035	123.1	0.0902580529313163
497	151.9	0.181557773862786	122.7	0.0888445627270043
496	152.4	0.182984967003582	123.2	0.0906107078284067
495	154.1	0.187802638718419	124.5	0.0951693514317551
494	153.7	0.186673867499745	124.1	0.0937717814987298
493	154.2	0.188084373714938	123.8	0.0927206446840991
492	155.5	0.191730393362856	123.5	0.0916669575956846
491	155.8	0.192567453336546	123.8	0.0927206446840991
490	157.1	0.196176185039973	123.9	0.0930713063760635
489	158.9	0.20112389720738	124.7	0.0958664534785426
488	160.4	0.205204363948145	124.5	0.0951693514317551
487	160.2	0.204662511748219	123.4	0.0913151596972229
486	163.1	0.212453961040276	124.2	0.0941215958405614
485	167.2	0.223236273102998	124.6	0.0955180423231507
484	168.1	0.225567713439471	124.2	0.0941215958405614
483	172.6	0.237040791379191	124.7	0.0958664534785426
482	174.2	0.241048150671644	124	0.0934216851622351
481	178.1	0.250663919463244	123.8	0.0927206446840991
480	182.5	0.261262868792494	124.1	0.0937717814987298
479	187.2	0.272305844402086	124.2	0.0941215958405614
478	192	0.28330122870355	124.6	0.0955180423231507
477	194.6	0.289142835932333	123.9	0.0930713063760635
476	198.2	0.297103650149257	123.7	0.0923696996291207
475	202.5	0.306425027550687	123.7	0.0923696996291207
474	204.5	0.310693312343361	124.1	0.0937717814987298
473	207.2	0.316389751073195	123.6	0.092018470752797
472	209.4	0.320976677342824	124	0.0934216851622351
471	210.4	0.323045735481702	123.1	0.0902580529313163
470	208.9	0.319938439980309	122.6	0.0884904701823962
469	210.1	0.322426052405953	123.2	0.0906107078284067
468	209.1	0.320354032817672	123	0.0899051114393979
467	206.4	0.314709692955174	122.4	0.0877814178095425
466	204.4	0.310480891462675	122.9	0.0895518828864541
465	202.6	0.306639441024262	122.4	0.0877814178095425
464	199.3	0.299507298700488	122.2	0.0870712059065354
463	196.4	0.293141483450931	121.9	0.086003705618382
462	193.7	0.287129620719111	121.7	0.085290578230065
461	192.1	0.283527364861694	122.1	0.0867156639448824
460	189.4	0.277379974667255	121.8	0.0856472882968566
459	186	0.269512944217916	121.2	0.0835026198302674
458	184.1	0.265053788504015	120.9	0.0824263008607719
457	182.4	0.261024833992397	120.6	0.0813473078041324
456	179.5	0.254064452914338	120.2	0.0799044676667208
455	178.7	0.252124552505644	120.1	0.079543007402906
454	178.5	0.251638220448212	120.7	0.0817072700973492
453	177.2	0.248463717551032	120	0.0791812460476248
452	176.1	0.245759355967277	119.2	0.0762762554042177
451	176	0.24551266781415	119.2	0.0762762554042177
450	176	0.24551266781415	118.6	0.0740846890282438
449	176.4	0.246498580795801	119	0.0755469613925308
448	175.9	0.245265839457461	117.4	0.0696680969115957
447	175.5	0.244277120801843	117.9	0.0715138050950892
446	176.3	0.246252312299322	117.3	0.0692980121155292
445	176.5	0.246744709723841	116.9	0.0678145111618401
444	175.2	0.243534101832062	116.9	0.0678145111618401
443	174.5	0.241795431295199	116.1	0.0648322197385738
442	174.2	0.241048150671644	116.4	0.0659529803138697
441	172.7	0.237292337567459	116	0.0644579892269185
440	170.5	0.231724383328516	115.1	0.0610753236297918
439	168.5	0.226599905207357	114.5	0.0588054866759068
438	166.1	0.220369632451394	114.2	0.0576661039098293
437	162.9	0.211921084308509	113.5	0.0549958615291415
436	161.3	0.207634367388962	114.1	0.0572856444182146
435	157.6	0.197556213153536	113.7	0.0557604646877348
434	153.4	0.185825359612962	112.1	0.0496056125949731
433	151.2	0.179551791165188	111.7	0.0480531731156091
432	147.7	0.16938049531195	112.1	0.0496056125949731
431	145.8	0.163757523981956	111.8	0.0484418035504045
430	142.7	0.154423973114647	110.7	0.0441476208787228
429	139.4	0.144262773761991	110.1	0.0417873189717517
428	138.6	0.141763230275788	110.7	0.0441476208787228
427	136.1	0.133858125203335	110.1	0.0417873189717517
426	134.2	0.127752515832973	109	0.0374264979406236
425	133	0.123851640967086	109.4	0.039017321997412
424	130.7	0.116275587580544	108.3	0.0346284566253203
423	129.7	0.11293997608408	109.3	0.0386201619497028
422	129.1	0.11092624226642	108.1	0.0338256939533103
421	128.5	0.108903127667313	108.2	0.0342272607705506
420	127.6	0.105850674385143	108.1	0.0338256939533103
419	126.3	0.101403350555331	107.7	0.0322157032979816
418	126	0.100370545117563	107.5	0.0314084642516241
417	125	0.0969100130080564	107.2	0.0301947853567512
416	123.5	0.0916669575956846	106.8	0.0285712526925376
415	123.4	0.0913151596972229	106.7	0.0281644194244699
414	122.5	0.0881360887005513	106	0.0253058652647702
413	121.5	0.084576277934331	105.7	0.0240749873074263
412	120.2	0.0799044676667208	104.9	0.020775488193558
411	118.4	0.073351702386901	104.6	0.0195316845312554
410	118.3	0.0729847446279304	104.8	0.0203612826477078
409	118.1	0.0722498976135147	105.7	0.0240749873074263
408	116.7	0.0670708560453702	105.1	0.0216027160282421
407	116.1	0.0648322197385738	104.5	0.0191162904470728
406	114.6	0.0591846176313711	104.3	0.0182843084265308
405	113.7	0.0557604646877348	104.2	0.0178677189635057
404	113	0.0530784434834197	104.6	0.0195316845312554
403	111.7	0.0480531731156091	104.6	0.0195316845312554
402	111.7	0.0480531731156091	103.9	0.0166155475571775
401	111.4	0.0468851908377102	103.9	0.0166155475571775
400	111.3	0.0464951643347083	104.1	0.0174507295105361
399	110.7	0.0441476208787228	104.4	0.0187004986662434
398	110.9	0.0449315461491601	103.8	0.016197353512439
397	111.8	0.0484418035504045	104.6	0.0195316845312554
396	111.4	0.0468851908377102	105.1	0.0216027160282421
395	110.7	0.0441476208787228	104.4	0.0187004986662434
394	109.8	0.0406023401140731	104.4	0.0187004986662434
393	109.5	0.0394141191761372	103.6	0.0153597554092142
392	109.8	0.0406023401140731	103.7	0.015778756389041
391	109.4	0.039017321997412	104.2	0.0178677189635057
390	108.8	0.0366288953621611	104.7	0.0199466816788423
389	110.1	0.0417873189717517	104.4	0.0187004986662434
388	108.9	0.037027879755775	104.6	0.0195316845312554
387	109.1	0.0378247505883418	104.7	0.0199466816788423
386	109.3	0.0386201619497028	104.6	0.0195316845312554
385	109.2	0.0382226383687185	105.3	0.0224283711854865
384	109.8	0.0406023401140731	105.7	0.0240749873074263
383	110	0.0413926851582251	105.6	0.0236639181977934
382	110.6	0.0437551269686794	106.3	0.0265332645232967
381	109.5	0.0394141191761372	105.4	0.0228406108765279
380	111.4	0.0468851908377102	106.3	0.0265332645232967
379	110.8	0.0445397603924109	107.4	0.0310042813635369
378	111.2	0.0461047872460387	105.9	0.0248959601074851
377	112.7	0.0519239160461066	106.9	0.028977705208778
376	113.6	0.055378331375	107.9	0.0330214446829108
375	115.7	0.0633333589517496	108.7	0.0362295440862946
374	114	0.0569048513364726	108	0.0334237554869497
373	114.8	0.0599418880619547	108.3	0.0346284566253203
372	113.1	0.0534626049254552	107.6	0.0318122713303703
371	113.8	0.0561422620590523	106.5	0.0273496077747565
370	113.6	0.055378331375	107.9	0.0330214446829108
369	113.2	0.0538464268522526	107.1	0.0297894708318556
368	112.4	0.0507663112330423	107.5	0.0314084642516241
367	112.8	0.0523090996473235	108.3	0.0346284566253203
366	111.8	0.0484418035504045	106.5	0.0273496077747565
365	112.2	0.0499928569201426	107.5	0.0314084642516241
364	111.7	0.0480531731156091	107.2	0.0301947853567512
363	112.3	0.0503797562614578	107.4	0.0310042813635369
362	112.5	0.0511525224473813	106.9	0.028977705208778
361	113.5	0.0549958615291415	108.5	0.0354297381845483
360	113.6	0.055378331375	109	0.0374264979406236
359	113.8	0.0561422620590523	108.6	0.0358298252528281
358	113.3	0.0542299098633972	108.5	0.0354297381845483
357	113.3	0.0542299098633972	108.7	0.0362295440862946
356	113.2	0.0538464268522526	108.1	0.0338256939533103
355	111	0.0453229787866574	107.7	0.0322157032979816
354	111.7	0.0480531731156091	107.6	0.0318122713303703
353	111	0.0453229787866574	107.4	0.0310042813635369
352	111.2	0.0461047872460387	107.9	0.0330214446829108
351	110.5	0.0433622780211295	107.3	0.0305997219659511
350	110	0.0413926851582251	107.6	0.0318122713303703
349	110.1	0.0417873189717517	107.3	0.0305997219659511
348	110.5	0.0433622780211295	108.5	0.0354297381845483
347	110.2	0.0421815945157663	108.1	0.0338256939533103
346	109.5	0.0394141191761372	108	0.0334237554869497
345	110.5	0.0433622780211295	108.7	0.0362295440862946
344	110.3	0.0425755124401906	108.3	0.0346284566253203
343	110.2	0.0421815945157663	109.2	0.0382226383687185
342	110.5	0.0433622780211295	109.3	0.0386201619497028
341	111.5	0.0472748673841795	110	0.0413926851582251
340	110.8	0.0445397603924109	110.2	0.0421815945157663
339	110.8	0.0445397603924109	110	0.0413926851582251
338	111.2	0.0461047872460387	110.6	0.0437551269686794
337	111.4	0.0468851908377102	111.7	0.0480531731156091
336	111.9	0.0488300865283501	111.4	0.0468851908377102
335	111.5	0.0472748673841795	112.3	0.0503797562614578
334	111.7	0.0480531731156091	112.6	0.0515383905153274
333	111.7	0.0480531731156091	112.5	0.0511525224473813
332	112.1	0.0496056125949731	113.5	0.0549958615291415
331	112.2	0.0499928569201426	113.8	0.0561422620590523
330	112.7	0.0519239160461066	115	0.0606978403536117
329	112.8	0.0523090996473235	115.3	0.061829307294699
328	113.1	0.0534626049254552	116.1	0.0648322197385738
327	113.1	0.0534626049254552	117	0.0681858617461617
326	113.4	0.0546130545568878	117.6	0.0704073217401197
325	113.2	0.0538464268522526	117.8	0.0711452904510828
324	114.3	0.0580462303952817	119.7	0.0780941504064107
323	114.7	0.0595634179012677	120.4	0.0806264869218058
322	114.5	0.0588054866759068	121.9	0.086003705618382
321	114.7	0.0595634179012677	122.5	0.0881360887005513
320	115.1	0.0610753236297918	123.3	0.0909630765957316
319	115.8	0.0637085593914174	124.8	0.0962145853464052
318	116.3	0.0655797147284484	125.6	0.0989896394011773
317	115.6	0.0629578340845102	127.5	0.105510184769974
316	116.8	0.0674428427763807	128.6	0.109240968588203
315	116.6	0.0666985504229952	130.5	0.1156105116743
314	116.8	0.0674428427763807	132.2	0.121231455149621
313	117.7	0.0707764628434347	134	0.127104798364808
312	117.9	0.0715138050950892	136.1	0.133858125203335
311	118.3	0.0729847446279304	137.6	0.138618433899492
310	119.5	0.0773679052841565	140.4	0.147367107793786
309	119.2	0.0762762554042177	143.5	0.156851901070011
308	120	0.0791812460476248	145.6	0.163161374977018
307	120.7	0.0817072700973492	147.8	0.169674434058807
306	120.8	0.082066934285113	151.3	0.179838928023187
305	122.3	0.0874264570362854	154.9	0.190051417759206
304	122	0.0863598306747482	158.2	0.199206479161658
303	123.3	0.0909630765957316	162.2	0.210050849875137
302	124.1	0.0937717814987298	167.1	0.222976449893391
301	124.2	0.0941215958405614	169.8	0.229937685907934
300	126.5	0.102090525511837	174.7	0.242292904982931
299	126.6	0.102433705681336	179.4	0.253822438708073
298	128.4	0.108565023732834	184.6	0.266231696689893
297	129.3	0.111598524880394	189.6	0.277838333002047
296	130.4	0.115277591395901	194.3	0.288472800599783
295	131.6	0.119255889277937	200.9	0.302979936748249
294	133.2	0.124504224834282	206.1	0.314077991779213
293	134.2	0.127752515832973	211.6	0.325515663363148
292	135.4	0.131618664349126	216.7	0.335858911319818
291	136.1	0.133858125203335	222.3	0.346939462698991
290	137.6	0.138618433899492	228.1	0.358125285276649
289	138.7	0.142076461073285	232.5	0.366422957225973
288	140.1	0.146438135285775	237.6	0.375846436309156
287	141.1	0.149527013754348	243.3	0.386142108930819
286	141.5	0.150756439860309	247	0.392696953259666
285	142.8	0.154728207440156	251.2	0.400019635065158
284	145.4	0.162564406523019	254.5	0.405687786672778
283	144.9	0.161068385471175	256.6	0.40925665203891
282	146.8	0.166726055580052	259.3	0.413802516769352
281	148.4	0.171433900943008	262	0.418301291319745
280	149.7	0.175221800343052	263	0.419955748489758
279	151	0.178976947293169	263.8	0.421274791210346
278	152.8	0.184123354239671	264.1	0.421768401206924
277	154.5	0.188928483760853	264.1	0.421768401206924
276	155.9	0.192846115188842	264.4	0.422261450813603
275	159.3	0.202215775801132	263.5	0.420780619548565
274	160.8	0.206286044412433	261.5	0.417471693203293
273	163.2	0.212720154417842	260.5	0.415807727635543
272	165	0.217483944213906	258.7	0.412796428716543
271	168.4	0.226342087163631	256.3	0.408748606184244
270	171.3	0.233757362965511	255.2	0.406880670049125
269	175.4	0.244029589030022	251.7	0.400883215548363
268	179.2	0.253338005326106	251.4	0.400365273349939
267	183.6	0.263872676865224	249.9	0.39776625612645
266	186.6	0.270911639410481	246.2	0.391288048595297
265	190.3	0.279438788287021	245.8	0.390581878550435
264	194.9	0.289811839117621	244.6	0.388456452700267
263	198.1	0.296884475538547	242.2	0.384174138807033
262	200.6	0.302330928684399	242.3	0.384353414137506
261	204	0.309630167425899	240.9	0.381836799998343
260	205.1	0.311965660368366	237.6	0.375846436309156
259	207.4	0.316808752053022	239.1	0.378579576115775
258	208	0.318063334962762	237.9	0.376394442037266
257	207.9	0.317854489331469	236	0.372912002970107
256	207.7	0.317436496535099	234.4	0.369957607346053
255	207	0.315970345456918	233.3	0.367914738793753
254	204.5	0.310693312343361	230.3	0.362293937964231
253	201.1	0.303412070596742	227.9	0.357744325180376
252	195.5	0.291146761731886	223.4	0.34908316877959
251	187.1	0.27207378750001	214.7	0.331832044436249
250	173.5	0.239299479126893	205.2	0.312177356439779
