nm    	T%   
700.00 	100.2 
699.00 	100.0 
698.00 	100.4 
697.00 	100.0 
696.00 	100.2 
695.00 	99.8 
694.00 	99.8 
693.00 	100.3 
692.00 	100.3 
691.00 	100.3 
690.00 	99.6 
689.00 	99.9 
688.00 	100.4 
687.00 	100.2 
686.00 	100.9 
685.00 	100.2 
684.00 	99.6 
683.00 	100.0 
682.00 	100.4 
681.00 	100.8 
680.00 	100.7 
679.00 	100.7 
678.00 	100.2 
677.00 	100.4 
676.00 	100.2 
675.00 	100.0 
674.00 	99.7 
673.00 	99.7 
672.00 	99.8 
671.00 	100.4 
670.00 	100.7 
669.00 	100.7 
668.00 	100.3 
667.00 	99.8 
666.00 	100.7 
665.00 	101.2 
664.00 	101.1 
663.00 	100.8 
662.00 	100.1 
661.00 	99.5 
660.00 	100.4 
659.00 	100.5 
658.00 	100.8 
657.00 	100.3 
656.00 	100.4 
655.00 	100.5 
654.00 	100.5 
653.00 	101.0 
652.00 	100.9 
651.00 	100.2 
650.00 	99.8 
649.00 	100.9 
648.00 	100.7 
647.00 	100.7 
646.00 	101.1 
645.00 	100.6 
644.00 	100.5 
643.00 	100.2 
642.00 	100.8 
641.00 	100.9 
640.00 	100.6 
639.00 	100.3 
638.00 	100.3 
637.00 	99.8 
636.00 	100.4 
635.00 	100.5 
634.00 	101.0 
633.00 	101.2 
632.00 	100.7 
631.00 	100.3 
630.00 	100.2 
629.00 	100.4 
628.00 	100.7 
627.00 	100.6 
626.00 	100.9 
625.00 	100.8 
624.00 	100.6 
623.00 	100.3 
622.00 	100.2 
621.00 	101.2 
620.00 	101.0 
619.00 	101.0 
618.00 	100.4 
617.00 	100.3 
616.00 	100.5 
615.00 	101.1 
614.00 	101.0 
613.00 	101.1 
612.00 	100.8 
611.00 	101.2 
610.00 	100.9 
609.00 	100.9 
608.00 	101.3 
607.00 	101.3 
606.00 	100.7 
605.00 	101.0 
604.00 	100.7 
603.00 	101.4 
602.00 	101.0 
601.00 	101.5 
600.00 	101.4 
599.00 	100.6 
598.00 	100.9 
597.00 	101.1 
596.00 	101.5 
595.00 	101.9 
594.00 	101.9 
593.00 	101.5 
592.00 	101.2 
591.00 	101.3 
590.00 	101.7 
589.00 	102.1 
588.00 	101.6 
587.00 	101.5 
586.00 	101.4 
585.00 	101.5 
584.00 	101.6 
583.00 	102.3 
582.00 	101.9 
581.00 	102.2 
580.00 	102.2 
579.00 	102.0 
578.00 	102.0 
577.00 	102.6 
576.00 	102.8 
575.00 	102.8 
574.00 	102.2 
573.00 	102.2 
572.00 	102.8 
571.00 	103.2 
570.00 	104.1 
569.00 	103.2 
568.00 	103.6 
567.00 	103.1 
566.00 	103.4 
565.00 	103.8 
564.00 	104.2 
563.00 	104.1 
562.00 	104.0 
561.00 	103.4 
560.00 	103.9 
559.00 	104.2 
558.00 	104.2 
557.00 	104.0 
556.00 	104.6 
555.00 	104.1 
554.00 	103.9 
553.00 	104.4 
552.00 	104.2 
551.00 	105.1 
550.00 	105.1 
549.00 	104.9 
548.00 	104.7 
547.00 	104.6 
546.00 	104.4 
545.00 	105.0 
544.00 	104.5 
543.00 	104.5 
542.00 	103.8 
541.00 	104.0 
540.00 	104.7 
539.00 	104.6 
538.00 	105.2 
537.00 	105.1 
536.00 	104.0 
535.00 	104.8 
534.00 	105.5 
533.00 	105.5 
532.00 	106.3 
531.00 	104.3 
530.00 	104.7 
529.00 	105.7 
528.00 	106.3 
527.00 	107.4 
526.00 	107.4 
525.00 	107.5 
524.00 	107.6 
523.00 	107.7 
522.00 	108.6 
521.00 	109.6 
520.00 	110.2 
519.00 	109.3 
518.00 	108.6 
517.00 	108.9 
516.00 	109.0 
515.00 	109.1 
514.00 	109.8 
513.00 	110.0 
512.00 	109.4 
511.00 	108.6 
510.00 	109.0 
509.00 	110.1 
508.00 	110.0 
507.00 	109.9 
506.00 	108.7 
505.00 	109.0 
504.00 	108.4 
503.00 	109.6 
502.00 	110.2 
501.00 	110.2 
500.00 	109.1 
499.00 	109.8 
498.00 	110.0 
497.00 	109.6 
496.00 	109.6 
495.00 	109.7 
494.00 	110.2 
493.00 	110.2 
492.00 	110.9 
491.00 	111.4 
490.00 	111.1 
489.00 	111.9 
488.00 	112.1 
487.00 	112.5 
486.00 	113.3 
485.00 	114.5 
484.00 	114.0 
483.00 	114.7 
482.00 	115.9 
481.00 	116.9 
480.00 	118.5 
479.00 	118.3 
478.00 	120.2 
477.00 	120.5 
476.00 	121.5 
475.00 	123.3 
474.00 	124.5 
473.00 	124.3 
472.00 	124.7 
471.00 	124.8 
470.00 	124.9 
469.00 	124.8 
468.00 	124.3 
467.00 	123.5 
466.00 	123.4 
465.00 	122.4 
464.00 	122.0 
463.00 	121.1 
462.00 	119.5 
461.00 	119.3 
460.00 	118.0 
459.00 	117.7 
458.00 	117.6 
457.00 	117.5 
456.00 	116.9 
455.00 	116.8 
454.00 	116.1 
453.00 	116.6 
452.00 	116.9 
451.00 	116.5 
450.00 	115.5 
449.00 	116.4 
448.00 	117.2 
447.00 	117.4 
446.00 	117.4 
445.00 	116.4 
444.00 	116.6 
443.00 	117.0 
442.00 	117.9 
441.00 	116.7 
440.00 	116.3 
439.00 	115.7 
438.00 	116.0 
437.00 	115.4 
436.00 	115.3 
435.00 	114.6 
434.00 	113.2 
433.00 	112.8 
432.00 	112.6 
431.00 	111.2 
430.00 	110.5 
429.00 	108.5 
428.00 	108.3 
427.00 	108.5 
426.00 	107.6 
425.00 	107.4 
424.00 	106.3 
423.00 	106.2 
422.00 	108.2 
421.00 	106.8 
420.00 	106.9 
419.00 	107.0 
418.00 	107.0 
417.00 	107.8 
416.00 	107.1 
415.00 	106.5 
414.00 	106.0 
413.00 	106.2 
412.00 	106.8 
411.00 	106.0 
410.00 	105.3 
409.00 	105.3 
408.00 	106.0 
407.00 	105.1 
406.00 	104.3 
405.00 	104.2 
404.00 	103.4 
403.00 	103.5 
402.00 	104.3 
401.00 	103.1 
400.00 	103.4 
399.00 	104.0 
398.00 	101.9 
397.00 	102.0 
396.00 	103.1 
395.00 	103.7 
394.00 	104.1 
393.00 	102.8 
392.00 	103.5 
391.00 	103.8 
390.00 	102.8 
389.00 	103.5 
388.00 	102.1 
387.00 	102.3 
386.00 	103.6 
385.00 	103.6 
384.00 	102.8 
383.00 	103.2 
382.00 	102.6 
381.00 	103.3 
380.00 	102.7 
379.00 	103.9 
378.00 	102.8 
377.00 	101.8 
376.00 	102.7 
375.00 	103.2 
374.00 	104.2 
373.00 	103.2 
372.00 	104.0 
371.00 	102.7 
370.00 	102.8 
369.00 	103.0 
368.00 	102.8 
367.00 	103.9 
366.00 	102.8 
365.00 	102.3 
364.00 	102.5 
363.00 	102.6 
362.00 	103.5 
361.00 	102.6 
360.00 	103.2 
359.00 	103.7 
358.00 	103.5 
357.00 	103.1 
356.00 	103.5 
355.00 	103.7 
354.00 	103.7 
353.00 	103.3 
352.00 	103.8 
351.00 	103.3 
350.00 	103.1 
349.00 	103.8 
348.00 	102.6 
347.00 	102.4 
346.00 	102.5 
345.00 	102.3 
344.00 	102.6 
343.00 	102.6 
342.00 	102.6 
341.00 	102.5 
340.00 	102.8 
339.00 	102.6 
338.00 	102.3 
337.00 	103.1 
336.00 	103.5 
335.00 	103.1 
334.00 	103.6 
333.00 	103.6 
332.00 	102.8 
331.00 	103.7 
330.00 	102.6 
329.00 	103.7 
328.00 	103.3 
327.00 	104.1 
326.00 	103.2 
325.00 	103.2 
324.00 	103.4 
323.00 	103.3 
322.00 	103.2 
321.00 	103.5 
320.00 	104.2 
319.00 	103.6 
318.00 	103.9 
317.00 	103.1 
316.00 	103.6 
315.00 	103.0 
314.00 	104.2 
313.00 	104.3 
312.00 	104.6 
311.00 	103.6 
310.00 	104.5 
309.00 	104.7 
308.00 	104.5 
307.00 	104.6 
306.00 	104.7 
305.00 	104.0 
304.00 	105.6 
303.00 	105.3 
302.00 	105.1 
301.00 	105.4 
300.00 	105.5 
299.00 	104.8 
298.00 	105.6 
297.00 	106.5 
296.00 	106.1 
295.00 	105.9 
294.00 	106.6 
293.00 	106.7 
292.00 	107.4 
291.00 	107.4 
290.00 	107.1 
289.00 	107.2 
288.00 	107.8 
287.00 	107.8 
286.00 	107.8 
285.00 	109.4 
284.00 	109.0 
283.00 	108.8 
282.00 	109.2 
281.00 	109.3 
280.00 	109.7 
279.00 	110.5 
278.00 	110.5 
277.00 	111.1 
276.00 	111.7 
275.00 	111.7 
274.00 	112.9 
273.00 	112.5 
272.00 	112.8 
271.00 	113.4 
270.00 	114.9 
269.00 	116.5 
268.00 	116.5 
267.00 	117.5 
266.00 	118.1 
265.00 	119.1 
264.00 	121.1 
263.00 	121.0 
262.00 	121.1 
261.00 	121.4 
260.00 	121.6 
259.00 	122.2 
258.00 	121.6 
257.00 	122.0 
256.00 	122.2 
255.00 	122.9 
254.00 	122.5 
253.00 	121.3 
252.00 	123.3 
251.00 	123.0 
250.00 	121.6 
