LAMBDA	EM PYN	EM PYNMOF	Pyn N	PynMOF N
450	23933.2419647526	11234.1897141007	0.0131058786901266	0.0639374296878718
451	26387.007685093	10357.4814332993	0.0145582764147633	0.0585855089886455
452	29373.7163733961	9720.53697711983	0.0163261260782765	0.0546972415980734
453	33792.340498696	8857.80733241258	0.0189415345389994	0.049430654359814
454	39371.2977240282	8456.06489713637	0.0222437506848806	0.0469781924609176
455	46866.8702491567	8066.70978217159	0.0266804222016852	0.0446013497359637
456	56822.9850922069	8050.8934834577	0.0325735025493321	0.0445047981482512
457	70673.2071097457	7915.89785099916	0.0407715268257473	0.0436807088411449
458	87063.8024824556	7771.55578516757	0.0504732123727529	0.0427995636451773
459	108286.490642767	8049.14394348877	0.0630350408061675	0.0444941179717559
460	137103.982706006	8089.9663104403	0.0800922763667724	0.044743320671746
461	172255.615546063	8253.47257012938	0.100898725462931	0.0457414548913557
462	216149.595924384	8581.72617241701	0.126879819215384	0.0477452995990535
463	270109.908451544	8886.40233306571	0.158819231558409	0.0496052143351687
464	335568.407810308	9327.80090504988	0.197564485328443	0.0522997596083713
465	411517.808670461	9427.33140823466	0.242519362675699	0.0529073498089705
466	499636.465988567	9736.67719854294	0.294677291334472	0.0547957705922851
467	601283.781891346	10213.7736180752	0.354842909065956	0.0577082356153001
468	706883.521442973	10720.0074629723	0.417347988575231	0.0607985718793505
469	822053.062729244	11098.916670215	0.485517487531481	0.0631116469053053
470	938346.624034474	12191.3629333498	0.554352300256056	0.069780553651708
471	1051052.81224852	12993.2459954445	0.621063726680189	0.0746756991092836
472	1158789.27778581	14202.1751632849	0.684833546312786	0.0820556830548546
473	1256455.42873297	15408.0560425371	0.742642690125426	0.0894170585315089
474	1345153.74113214	16547.3429371429	0.795143719885427	0.0963719068512085
475	1418127.71231549	17821.7412813221	0.838337423679486	0.104151551490857
476	1483443.48888444	18903.9882439423	0.876998199027859	0.11075819596743
477	1533888.97522253	20484.4053517892	0.906857165989655	0.12040595134755
478	1573863.64130681	21425.6651026209	0.930518395577569	0.126151930545123
479	1607058.72506872	22586.9495925512	0.950166752274896	0.133241064565469
480	1634746.64921534	23459.2425407355	0.966555390235364	0.138566031589745
481	1648927.61281518	24096.4325383644	0.974949182313731	0.142455797903499
482	1669419.35742783	24534.0919814026	0.987078361152008	0.145127517429482
483	1674875.63846999	25442.6607055186	0.990307964575397	0.150673932203642
484	1683026.66484713	25505.1797394115	0.995132602912091	0.151055583568086
485	1691249.93036112	25931.1066235189	1	0.15365568095205
486	1686526.57052452	26155.4944270925	0.997204216758576	0.155025470375622
487	1690444.64366403	25953.1517602571	0.99952334627677	0.15379025687224
488	1682678.63334621	25924.3571936821	0.994926601110104	0.153614478634196
489	1681651.63039215	25757.6212438927	0.994318712287916	0.152596628568758
490	1671046.44523616	25928.4259507704	0.988041443573046	0.153639316617089
491	1665111.68226205	26167.6358315531	0.984528624004165	0.155099588340826
492	1654300.22445137	26693.3366486059	0.978129261345349	0.158308761957634
493	1642342.66904996	27169.2239589993	0.971051517079358	0.161213845898059
494	1633238.83827347	27306.9433874492	0.965662908462143	0.162054562788668
495	1617245.50306806	27854.9180497556	0.956196363441511	0.165399708491146
496	1605636.1392851	28412.4273774285	0.949324715751971	0.168803059156497
497	1591333.9041336	28456.8038912912	0.940859142360402	0.16907395836927
498	1571067.50104054	29117.2483906815	0.928863344434407	0.173105683247865
499	1556477.56431767	29001.2422648884	0.920227478865322	0.172397516575479
500	1536882.75755875	28953.0748301552	0.908629202585137	0.172103475448433
501	1526106.01593774	28436.9863192417	0.902250388634156	0.168952980757466
502	1513311.05269685	28806.6150245579	0.894676977960172	0.171209402377212
503	1501972.57791481	28073.2504406584	0.887965670993182	0.16673253226819
504	1494814.98155513	28314.0821828333	0.883729049468764	0.168202704746541
505	1489566.58672218	28454.2418109969	0.880622495061318	0.169058317989385
506	1480370.01063918	29397.5473916118	0.875178989975778	0.174816786083212
507	1483223.06068768	31022.6978148542	0.876867726338976	0.184737618793446
508	1479774.52514448	32652.6687773517	0.874826518763721	0.194687878787973
509	1486121.09786247	34714.4738905109	0.878583090835143	0.207274297445729
510	1486918.72419961	36845.3044104272	0.879055210348251	0.220282086029246
511	1493962.51102792	39630.9736722786	0.883224467371229	0.237287378793303
512	1496767.2056976	42911.6947803333	0.884884581913854	0.257314746608898
513	1496759.59173867	45726.4942477163	0.884880075168762	0.274497866540066
514	1502777.18862831	49611.5626803685	0.888441924597926	0.298214510511554
515	1503541.42988124	53632.5167205247	0.888894283292006	0.322760676698645
516	1506097.24615841	58003.6463123049	0.890407085314944	0.349444511508401
517	1507402.40569254	62780.7960451723	0.891179616580642	0.378606921740532
518	1507668.27786613	68080.2861115672	0.891336987814886	0.410957991306976
519	1505498.6149701	73734.9687754044	0.890052752149153	0.44547735636702
520	1502013.35409089	79538.9939714642	0.88798980664104	0.480908392283813
521	1501277.1523751	85593.4017979089	0.887554044706632	0.517867904675197
522	1497296.71571096	91966.998480879	0.885198001867607	0.556775925465108
523	1489837.62407513	98971.2460007286	0.880782923594264	0.599533793851754
524	1483707.16534668	105240.534533062	0.877154270608215	0.637805058992474
525	1475294.52050795	113292.053582891	0.872174778833326	0.686956062133003
526	1469902.43776383	119343.114602951	0.868983174743461	0.723895143734852
527	1456292.94777955	126919.362975567	0.860927641110897	0.770144827210892
528	1447737.25561222	133084.967134477	0.855863478818008	0.807783144589555
529	1435135.54956705	139620.802909767	0.848404458164643	0.847681564096376
530	1419727.07819521	144872.05256418	0.83928409733513	0.879738147041582
531	1406198.08542368	150584.821361669	0.831276210455341	0.914612102548459
532	1386616.40458724	154385.004419227	0.819685703482464	0.937810558422516
533	1370992.98429596	158110.362834938	0.810438113179118	0.960552242576402
534	1351170.23503626	161359.059184129	0.798704916451259	0.980384113242485
535	1331809.0647145	163432.753027836	0.787244930891706	0.993043107401691
536	1311426.5839311	163760.383413847	0.775180425928231	0.995043147646535
537	1290290.27885641	164572.374799598	0.762669728128829	1
538	1269988.47711777	164316.773151679	0.750652977545512	0.998439663705466
539	1251711.28592587	164272.498148497	0.739834605326921	0.998169384171006
540	1228749.68672088	162799.595235835	0.726243505670217	0.989177955940147
541	1208877.83732672	160532.130931255	0.714481246296736	0.975336077846619
542	1188821.30812026	158066.347552626	0.702609673904107	0.96028354852429
543	1169164.84591918	156065.592432715	0.690974903421091	0.948069813380208
544	1149991.96841208	153252.90929685	0.67962636943709	0.930899612727554
545	1130215.13188879	150047.010553977	0.66792034871603	0.911329002734087
546	1113511.39040196	146930.569919859	0.658033310223611	0.892304495377546
547	1097101.37583826	144181.674783338	0.648320130348283	0.875523692568542
548	1080714.40006199	140356.008455184	0.638620587260758	0.852169672470469
549	1063921.43080371	138238.042437661	0.628680734348788	0.839240416048851
550	1048473.40342571	135300.686458533	0.619536960096851	0.821309142203326
551	1034225.45416324	131763.782238187	0.611103518828187	0.799717888507459
552	1018897.21884869	128775.457217249	0.602030650172065	0.781475470948731
553	1002969.49783778	124749.331004061	0.592602942562033	0.756897730906895
554	991030.186800068	122657.945065451	0.58553599723748	0.744130734244461
555	976526.452273302	120827.315334494	0.576951155232887	0.732955540209828
556	962523.267212905	118058.064306929	0.568662591271465	0.716050473586943
557	947950.000198478	116274.033506797	0.560036592596522	0.70515974564885
558	934595.715798348	113249.743811343	0.552132116583951	0.686697779478346
559	921537.148808413	111347.111356972	0.544402677368961	0.675083040301639
560	905776.303547866	110171.09953584	0.535073744453722	0.667904002364069
561	891950.641236978	108321.063558033	0.526890257205745	0.656610341678115
562	876321.620288507	107237.947600968	0.517639351841923	0.649998392370441
563	862038.316953048	106191.789500634	0.509184984298702	0.643612054617678
564	845881.949161208	104540.76621309	0.499621939373611	0.633533279384218
565	829818.282947639	104486.500299353	0.490113765033856	0.633202009709512
566	813343.022716425	103712.312150436	0.480361965881127	0.628475929586829
567	797934.973228414	103097.915621461	0.471241854767026	0.624725307432391
568	781953.755526238	101991.887078026	0.46178248216468	0.61797348680383
569	764670.477755076	101949.575757985	0.451552412887481	0.617715194696301
570	748823.750125743	101108.102561785	0.442172645715337	0.612578368781449
571	731199.603931023	100909.904494113	0.431740814501914	0.611368456243661
572	715356.527116491	99212.6072879088	0.422363208267575	0.60100719897081
573	697814.822365665	99722.5104691905	0.411980174608269	0.604119934929011
574	679390.540128311	98224.5591249223	0.401074738372944	0.594975596976032
575	663466.632260501	97438.5072336742	0.391649287783748	0.590177093894036
576	646154.125254277	96641.3940034357	0.381401917557993	0.585311066174256
577	628236.78523175	95627.0112261187	0.370796543269591	0.579118702874232
578	613654.944154448	94636.935281003	0.36216546955863	0.573074722156236
579	596951.135969447	92619.6772263036	0.352278391587185	0.560760243811446
580	581098.194565583	91723.8035737545	0.342894946446964	0.555291326898073
581	565337.592801866	90173.229031046	0.333566157658867	0.545825747328971
582	547898.635048411	89181.1293453517	0.323243940524935	0.539769412559657
583	532203.910709019	86932.6784923125	0.313954144954651	0.526043603273844
584	516657.22194209	85088.6876377992	0.304751972471946	0.514786845422266
585	501986.408738546	83061.0752209037	0.296068235659272	0.502409158223884
586	488507.470170223	81627.8185509464	0.288089976143757	0.493659752968766
587	474195.226241405	79835.4405819128	0.279618478500626	0.482718069214462
588	461090.544012595	77273.9895425856	0.271861743416491	0.467081530655822
589	448066.310089514	75593.958101103	0.264152626136789	0.456825673326857
590	434803.267773851	73368.118370978	0.256302156826965	0.443237895059349
591	422034.411784004	72023.6224986065	0.248744199181647	0.435030335661379
592	409730.911095661	69538.4441188229	0.241461687955459	0.419859408337783
593	398216.145720473	67200.3535697971	0.234646033595299	0.405586387904397
594	386880.818838739	65660.3272663435	0.227936589888196	0.396185200723557
595	375423.631040218	63540.1560629438	0.22115501601936	0.383242482606413
596	365251.846480405	61922.2272227682	0.215134279553892	0.373365734503046
597	354338.917510934	59695.948319492	0.208674855545726	0.359775275275486
598	344780.449810044	57662.62249382	0.203017144777047	0.347362710214805
599	334258.978199441	56308.2752302548	0.19678942658032	0.33909501238128
600	324547.830796691	53903.984397695	0.191041343837764	0.324417868164078
601	315200.539694681	52599.4870614691	0.18550862968517	0.316454482339261
602	305478.194466033	51056.884698918	0.179753918886512	0.307037569444055
603	296591.352641488	49011.6638567665	0.174493747249839	0.294552390509058
604	288608.531426947	47297.7297884699	0.169768670494519	0.284089572467872
605	279303.648705526	46452.9857739853	0.164261058100811	0.27893277963761
606	270628.665579962	45089.8179407672	0.159126286819108	0.270611236083292
607	262718.558826833	43059.3464305935	0.15444425016229	0.258216095370632
608	254064.394843215	42065.6477096997	0.149321801847748	0.252149999190629
609	246568.21635502	40515.404177258	0.144884771657997	0.242686440294467
610	239998.165572796	39728.4822503554	0.140995921663987	0.237882626025238
611	231561.536846461	38114.0874872381	0.136002233691186	0.228027451916979
612	223610.520007871	36867.6345579573	0.131295982124792	0.220418401815694
613	217119.187349579	36000.6945344744	0.127453725830881	0.215126112056066
614	209981.58208608	34849.306382477	0.123228937148682	0.208097390851465
615	202650.841902086	33459.8283022558	0.118889830821262	0.19961523474378
616	195954.184310513	32884.4551471053	0.11492604154503	0.196102833222929
617	189391.406286766	31978.4431554591	0.111041496337648	0.190572026182523
618	182876.253397024	31224.4848898221	0.107185140714827	0.185969440651419
619	177831.067810249	30031.0452616911	0.104198867002605	0.178684013572719
620	170958.858839301	29488.372357222	0.100131167877993	0.175371232783558
621	165173.62161955	28640.351463079	0.096706853443735	0.170194436035851
622	158912.673309938	27817.8858312211	0.0930009629409992	0.165173642989937
623	153997.803626887	27176.4045573739	0.0900918239448121	0.161257680311301
624	148806.25900418	26358.1516033408	0.0870189194964104	0.156262603821445
625	143405.85307245	25742.2613284167	0.083822388865006	0.152502863001152
626	138963.308347198	24951.5622710581	0.0811928216666926	0.147675991002101
627	134280.508175619	24473.3412075841	0.0784210459190117	0.144756660519591
628	129235.480662941	23589.1703856296	0.0754348657717378	0.139359184269744
629	124269.190620386	23095.8635857474	0.0724952907756815	0.136347761962947
630	119629.67549557	22508.4446779939	0.0697491356905231	0.132761826389657
631	115958.941250225	22116.6268199358	0.0675764074542896	0.130369949694994
632	111385.216463034	21238.9995102455	0.0648691940398363	0.125012418726261
633	107598.475808496	20673.0779894267	0.0626278009578279	0.121557715300123
634	104121.634433863	20275.225782242	0.060569839001811	0.11912900154266
635	100531.811034775	19533.8267183838	0.0584450023503478	0.114603084446699
636	96264.7738868543	19328.1292191688	0.0559193190737389	0.113347391158594
637	92928.1527487181	18553.5939591905	0.053944354264005	0.108619192074664
638	89879.274455492	18229.6126682137	0.0521397060618281	0.106641427959381
639	86502.3405807561	17779.618718692	0.0501408799166676	0.103894411664781
640	82340.2630557981	17298.4174420379	0.0476773228309603	0.100956888283954
641	80243.3011171923	16954.9334762032	0.046436119270639	0.0988600688665275
642	76940.9581655263	16388.716700279	0.0444814439121845	0.0954035630370762
643	74386.7936470204	16038.6442264661	0.0429696195744841	0.0932665236593758
644	71726.5755133294	15791.3678576214	0.0413950215057352	0.0917570095532243
645	68697.2549173033	15388.3301514661	0.0396019496144819	0.0892966405919896
646	66279.0413511371	15049.7079071726	0.0381705954097708	0.0872294998587048
647	64090.5216674484	14630.9569881778	0.0368751983054087	0.0846732086039448
648	62131.4016474049	14039.5648099364	0.0357155841516147	0.0810630179517045
649	59525.7424043056	13854.5059139144	0.0341732797969304	0.079933314311526
650	57278.6679918711	13417.3225825814	0.0328432238194362	0.0772645012393154
651	55122.4702587041	13349.0400059121	0.0315669582592978	0.0768476659664252
652	53190.2754672424	12675.4405504182	0.0304232812996717	0.072735635833038
653	51114.7453114546	12529.9869535276	0.0291947633320872	0.07184770522599
654	50165.0983124052	11964.2620040849	0.0286326619345519	0.0683942017821495
655	48266.5365596586	11555.2446384085	0.0275088925596221	0.0658973296142425
656	46238.1764449795	11360.6086806259	0.026308294804554	0.0647091621997425
657	44693.4447175195	10940.1121874934	0.0253939594107798	0.0621422149781529
658	42911.8088961106	10572.1971378544	0.0243393991519518	0.0598962544769932
659	41586.2815218735	10252.7787596593	0.02355481204719	0.0579463449490336
660	40046.2627922514	9722.63346963236	0.022643266303332	0.0547100397681367
661	38952.2220197746	9420.01289923306	0.0219956974195412	0.0528626735116537
662	37180.4072996136	9035.70287016948	0.0209469503257548	0.0505166288300801
663	36039.0480946008	8721.73489668544	0.0202713733957276	0.0485999916396027
664	34749.3010792882	8405.7682430243	0.019507964886566	0.0466711533805999
665	33097.2884494484	8436.07436774116	0.0185301293235532	0.0468561590201465
666	31893.0978497774	8029.53297553956	0.0178173621377974	0.0443744015876432
667	31081.5272506107	7749.15300134719	0.0173369889376012	0.0426628044459383
668	29589.5823590865	7479.177733749	0.0164538983687785	0.0410147234883623
669	28727.4711385554	7329.19688222634	0.0159436098906635	0.0400991559714022
670	27286.3673905826	6919.16561617879	0.0150906124805316	0.0375960943850739
671	26542.5541913342	6881.58856106639	0.0146503452662707	0.037366702894796
672	25086.2571276728	6261.31500320118	0.0137883548471676	0.0335802040488091
673	24295.8125667765	6078.56485060075	0.0133204862677916	0.0324645942776833
674	23515.88222994	6053.81041751865	0.0128588411167463	0.0323134792879986
675	22806.2495526616	5913.1210681639	0.0124388055455981	0.031454632328912
676	21954.3001231553	5669.01845877992	0.0119345318887191	0.0299644926364899
677	21030.9263624346	5571.41994158743	0.0113879817686555	0.0293686963655811
678	20383.2247179094	5409.90757942427	0.0110046035239626	0.0283827340185027
679	19586.0992321329	5091.48009969466	0.0105327804675906	0.0264388734923884
680	18615.2269965839	5079.36030266654	0.00995811573324562	0.0263648874311117
681	18113.0618811372	4952.6858067179	0.00966088137830255	0.0255915950238449
682	17776.0079216972	4715.29407899606	0.00946137724483441	0.0241424223295272
683	16645.0367126955	4656.66595468313	0.00879194902804615	0.0237845232667051
684	16052.8674025779	4468.1779330369	0.00844144068428493	0.0226338863140319
685	15467.9014535671	4365.21174964147	0.00809519605045926	0.0220053227880542
686	14970.38615265	4295.8802111004	0.00780071394687699	0.0215820840616126
687	14554.5413533561	4091.67739489143	0.00755457307234692	0.0203355151596854
688	13709.9348763815	4063.41107021972	0.00705464575035262	0.0201629616074784
689	13202.8276760896	3893.83431217309	0.00675448614760592	0.0191277696498208
690	12866.1555476454	3716.80144013866	0.00655520802205073	0.0180470613765757
691	12309.1041224293	3589.40252390054	0.00622548615179118	0.0172693467002063
692	11983.4056020327	3508.83612403276	0.00603270336653163	0.0167775240579924
693	11629.5424972429	3345.76744496359	0.00582324980543201	0.015782061076728
694	11035.9441402759	3344.7279771419	0.00547189560080674	0.0157757155802008
695	10736.38036175	3355.2552547496	0.00529458211618673	0.0158399800067712
696	10305.5294890377	3342.84603430075	0.00503955906243808	0.015764227142066
697	10111.2784197893	3229.83302488721	0.00492458076249447	0.0150743321363871
698	9592.00746544929	3159.38987916809	0.00461722136534358	0.014644307534192
699	9336.64829126721	2980.2365661396	0.00446607283454753	0.0135506548958758
700	8838.35680724632	3031.26345250077	0.00417113130382252	0.0138621517247683
701	8633.78589921204	2909.30419976102	0.00405004463328471	0.0131176438154744
702	8138.88415407743	2838.6124195277	0.00375710950806317	0.0126861014082896
703	7955.15685785261	2860.25567978547	0.00364836028853557	0.012818224048293
704	7808.30894264381	2755.87318659189	0.00356144018196268	0.0121810145703023
705	7513.01237630336	2746.29758633749	0.00338665248422502	0.0121225597178374
706	7327.13602846313	2609.65565114238	0.00327663122896457	0.0112884204523971
707	7028.32502110184	2578.80504567745	0.00309976331382892	0.0111000909959666
708	6787.36398462341	2590.93063192975	0.00295713712168421	0.0111741123979256
709	6499.23701805163	2467.31722824224	0.00278659315035623	0.0104195066204003
710	6379.48105748071	2510.93896472196	0.00271570892404112	0.0106857982472897
711	6157.94720827035	2455.03951507619	0.00258458179325762	0.0103445565501529
712	5936.69303429594	2339.6566004328	0.00245362020381858	0.00964019430932568
713	5717.25561361166	2364.2377952449	0.00232373396086554	0.00979025175512315
714	5518.53002232625	2291.78279377382	0.00220610716617303	0.00934794565327923
715	5396.05803676317	2341.68241206233	0.0021336153093959	0.00965256100350457
716	5139.97038635842	2153.93970266282	0.00198203558942824	0.0085064738561976
717	5011.87348130482	2232.91067448229	0.00190621431118208	0.00898855710780361
718	4760.3718601873	2081.6305314902	0.00175734908773163	0.00806505798455909
719	4768.20578220965	1983.7927833748	0.001761986030218	0.00746780131347366
720	4482.01016821002	1903.02157352803	0.0015925852373353	0.00697472839589457
721	4382.66746337742	1865.671806789	0.00153378373185248	0.00674672440175046
722	4180.68116840605	1827.6359785508	0.00141422690831698	0.00651453230214562
723	4166.11110965084	1724.53550233351	0.00140560280862871	0.00588514897721225
724	3921.13289871132	1698.07593576058	0.00126059882833642	0.00572362489316366
725	3829.95443511408	1715.73089449499	0.00120662978313918	0.00583140069631718
726	3775.7308356588	1612.73553967552	0.00117453452978323	0.00520265909155141
727	3559.83751473858	1550.96793657277	0.00104674605940502	0.00482559488350603
728	3461.60206033976	1461.74722351934	9.88599941678798E-4	0.00428094144353404
729	3454.89429349929	1415.55572364847	9.84629576775688E-4	0.00399896253481285
730	3190.65457771302	1364.11266337838	8.28224603478815E-4	0.00368492514618529
731	3184.89180493205	1401.79501460757	8.24813585872167E-4	0.00391495942321375
732	2936.11342116297	1315.01358561384	6.77560261917964E-4	0.00338519674580929
733	2824.33800328134	1279.02347412241	6.11399763686261E-4	0.00316549285242033
734	2827.95026419375	1237.56470584715	6.13537881227999E-4	0.00291240520062582
735	2630.77574577576	1171.0284197929	4.96829175285653E-4	0.00250623026834631
736	2623.55635867109	1153.2638901974	4.92555979471899E-4	0.00239778558299758
737	2540.24999601009	1107.26562130322	4.43246475074791E-4	0.00211698626489565
738	2420.44007650846	1044.41449026458	3.72330310165235E-4	0.00173330759259196
739	2420.93578768406	1006.33522846602	3.72623724396903E-4	0.00150085035009315
740	2351.07627256216	1010.77653453363	3.31273484654703E-4	0.00152796258160207
741	2246.71171990867	927.309836379929	2.694995192145E-4	0.00101843488655559
742	2127.42816448572	985.641771685552	1.98894912162271E-4	0.00137452584500157
743	2116.4662428764	906.3562377963	1.92406489135149E-4	8.90522329506968E-4
744	2029.54838441235	888.882703658499	1.40959320068838E-4	7.83854044184909E-4
745	2031.52614565794	808.293709997405	1.4212996806883E-4	2.91893476742367E-4
746	1927.80533118578	844.091722966013	8.0737034877176E-5	5.10424692647772E-4
747	1931.65807590071	812.484597062346	8.30174961335954E-5	3.17477009739768E-4
748	1850.79825635204	870.359005908495	3.51561143588444E-5	6.70774969211601E-4
749	1880.24426269999	760.478085933892	5.25853710579969E-5	0
750	1791.40345917576	779.297170306655	0	1.14882281142604E-4
