Sliced MOF230 DMSO Ar 300 700 nm 400 us Delta OD

Labels,0.000 us,30.000 us,60.000 us,90.000 us,120.000 us,150.000 us,180.000 us,210.000 us,240.000 us,270.000 us,
Type,Emission Scan,Emission Scan,Emission Scan,Emission Scan,Emission Scan,Emission Scan,Emission Scan,Emission Scan,Emission Scan,Emission Scan,
Comment,,,,,,,,,,,
Start,300.00,300.00,300.00,300.00,300.00,300.00,300.00,300.00,300.00,300.00,
Stop,700.00,700.00,700.00,700.00,700.00,700.00,700.00,700.00,700.00,700.00,
Step,10.00,10.00,10.00,10.00,10.00,10.00,10.00,10.00,10.00,10.00,
Fixed/Offset,n/a,n/a,n/a,n/a,n/a,n/a,n/a,n/a,n/a,n/a,
Xaxis,Wavelength,Wavelength,Wavelength,Wavelength,Wavelength,Wavelength,Wavelength,Wavelength,Wavelength,Wavelength,
Yaxis,Delta OD,Delta OD,Delta OD,Delta OD,Delta OD,Delta OD,Delta OD,Delta OD,Delta OD,Delta OD,
Scan Corr. by File,False,False,False,False,False,False,False,False,False,False,
Corr. by Ref. Det.,False,False,False,False,False,False,False,False,False,False,
Fixed/Offset Corr. by File,n/a,n/a,n/a,n/a,n/a,n/a,n/a,n/a,n/a,n/a,
Repeats,0,0,0,0,0,0,0,0,0,0,
Dwell Time,0.00,0.00,0.00,0.00,0.00,0.00,0.00,0.00,0.00,0.00,
Lamp,,,,,,,,,,,
Temp,0.00,0.00,0.00,0.00,0.00,0.00,0.00,0.00,0.00,0.00,
Scan Polariser,None,None,None,None,None,None,None,None,None,None,
Scan Slit,0.00,0.00,0.00,0.00,0.00,0.00,0.00,0.00,0.00,0.00,
Fixed/Offset Polariser,n/a,n/a,n/a,n/a,n/a,n/a,n/a,n/a,n/a,n/a,
Fixed/Offset Slit,n/a,n/a,n/a,n/a,n/a,n/a,n/a,n/a,n/a,n/a,
Detector,,,,,,,,,,,

300.00,1.02487754E-3,1.71760941E-4,4.13713016E-4,3.46825633E-4,3.37005658E-5,-1.66660862E-3,1.00373628E-3,-6.64382300E-4,9.97437513E-4,3.79551644E-3,
310.00,-5.38142667E-5,1.86173915E-4,7.48994353E-4,2.81347515E-4,9.50667833E-4,6.00392756E-4,8.57882202E-4,3.85857275E-4,7.11066008E-4,1.01420970E-3,
320.00,9.56966309E-4,5.81551751E-4,9.42533079E-4,1.00715843E-3,5.17706561E-4,-3.20344698E-4,-2.71140685E-4,2.36662134E-4,-2.41920090E-4,7.03589991E-4,
330.00,1.08647611E-4,4.73377440E-4,1.00666122E-3,7.48327002E-4,6.80222409E-4,4.82100353E-4,1.25200950E-5,1.26858082E-4,2.81723624E-4,-1.53027999E-4,
340.00,3.45256674E-4,5.45957300E-4,4.65616933E-4,6.82337850E-4,4.68873390E-4,4.91544022E-4,4.40305128E-4,4.03477316E-4,7.05740356E-4,2.60812696E-4,
350.00,3.98759323E-4,3.56181918E-5,-7.32129411E-5,3.70110472E-4,5.35180850E-4,-2.42542010E-5,-8.83216780E-5,2.29265672E-4,4.40901844E-4,1.60379976E-4,
360.00,-6.80900266E-5,1.19123237E-4,2.67634459E-4,2.42713228E-4,-2.80084350E-4,-1.68580358E-4,4.43259167E-4,1.34041111E-4,-2.66625168E-4,2.30694379E-4,
370.00,2.27232478E-4,6.45843334E-4,5.68590302E-4,6.80432073E-4,2.96170852E-4,2.66095576E-5,-1.66311569E-4,3.10066767E-4,4.07674204E-4,-1.35011316E-4,
380.00,2.91533099E-4,-5.88301227E-5,-2.80135748E-4,-2.91606295E-4,1.19448387E-5,-1.91829695E-5,1.36987937E-5,3.13652010E-4,5.28206350E-4,-1.15418035E-4,
390.00,1.13491027E-3,2.26315504E-4,9.00545216E-4,3.03971348E-4,3.84834100E-4,7.23819481E-4,4.80684685E-4,5.50036144E-4,1.65764010E-4,5.67687210E-4,
400.00,-1.41456680E-4,-4.07534157E-4,-8.26805597E-4,4.99259695E-5,-4.71970445E-4,-2.86137336E-4,-8.97418591E-4,-7.63338583E-4,-9.37580189E-4,-1.28683215E-3,
410.00,-2.53809267E-4,-6.26629684E-4,-4.74712346E-4,1.21553669E-4,1.58253330E-4,7.49067811E-4,-3.17163242E-4,1.92799882E-4,2.35480053E-4,2.51404621E-4,
420.00,-6.37505483E-3,-5.23804082E-3,-4.45732893E-3,-4.45772847E-3,-4.65979846E-3,-4.15529450E-3,-3.59132374E-3,-3.61848297E-3,-3.14183836E-3,-3.37317190E-3,
430.00,-1.72530545E-3,-1.89860980E-3,-1.64654525E-3,-1.43862329E-3,-1.14342035E-3,-1.42906955E-3,-2.98532366E-4,-1.85589143E-3,-1.14005490E-3,-3.73944611E-4,
440.00,3.89484649E-6,1.31378765E-4,6.62556849E-4,5.82463290E-5,5.54736122E-4,1.05114770E-3,2.16464279E-4,4.59345814E-4,3.11952812E-4,2.62830610E-4,
450.00,6.97869051E-4,5.69918833E-4,3.41349572E-4,4.30247979E-4,7.87123106E-4,1.05369149E-3,1.70040189E-3,8.79933068E-4,6.17371930E-4,6.66971784E-4,
460.00,4.85322467E-4,4.13661706E-4,-1.80250499E-4,3.51754716E-4,7.04699138E-4,6.92782225E-4,4.18139069E-4,9.03298671E-4,4.27344989E-4,5.81160071E-4,
470.00,1.19331024E-4,7.63881326E-5,-2.01269344E-4,-2.50535202E-4,1.86938996E-6,-5.49814395E-5,1.76237809E-4,-7.05527200E-5,-6.71708956E-4,-4.05048515E-4,
480.00,-5.26248245E-4,-2.17707478E-4,-4.42792865E-4,-8.29237906E-5,-3.38493119E-4,-1.71546635E-4,-8.75928323E-4,-2.54902756E-4,-6.69578498E-4,-5.73639525E-4,
490.00,8.00292706E-4,1.41347793E-3,1.24422507E-3,1.06549705E-3,8.54002312E-4,1.07568584E-3,8.89811490E-4,1.05064688E-3,7.51483662E-4,6.02099171E-4,
500.00,2.14739703E-4,1.04031615E-5,-7.28525862E-4,-6.41235747E-5,-2.82663677E-4,-5.51364385E-4,-3.49934970E-4,-3.63618048E-4,1.15568264E-5,-3.55642027E-4,
510.00,2.37339773E-4,4.78483358E-4,6.57290802E-4,7.69289560E-4,8.14113126E-4,6.26282359E-4,2.26619668E-4,5.50926779E-4,-1.94221531E-4,7.01235913E-5,
520.00,-2.98371276E-7,-3.97657423E-5,-6.18256978E-4,4.02716505E-5,1.71250227E-4,-2.74633931E-4,-3.37055244E-4,-4.84393007E-4,1.98976879E-4,3.06940143E-4,
530.00,-5.28650300E-4,-7.49285275E-4,-2.60388595E-4,-4.08466731E-4,-4.82459349E-4,-1.48534702E-4,-6.52660325E-4,-2.44324910E-4,-6.36417462E-5,-6.04118046E-4,
540.00,1.79296112E-4,5.61198976E-5,-4.12846130E-4,-4.27774474E-4,-5.69925644E-4,-7.26233586E-4,-4.59362345E-4,-7.91437633E-4,-2.49105506E-4,-4.41438839E-4,
550.00,-3.54938587E-4,-2.13289764E-4,2.41732385E-4,1.84772754E-4,1.23849270E-4,1.53012807E-4,4.78784932E-5,5.49884753E-5,1.88041653E-4,1.70248852E-4,
560.00,-5.49805816E-4,-8.58027954E-4,-1.16535637E-4,-2.88635521E-4,-2.49326695E-4,-2.21339636E-4,-2.52204540E-4,-1.00474368E-4,-3.81946127E-4,-7.73463806E-4,
570.00,-5.01619419E-4,-4.17761679E-4,-3.16154881E-4,-6.95085037E-4,-2.76809500E-4,1.21147590E-4,-6.26223191E-5,-5.32007660E-4,-7.44210556E-4,-5.88675204E-4,
580.00,-6.88375076E-5,-5.33658276E-5,-2.91681732E-4,1.80315750E-4,2.91934848E-4,2.31230399E-4,5.55538500E-5,6.15329132E-4,7.70631246E-4,9.38241021E-4,
590.00,-3.72423325E-4,-3.88068234E-4,-2.49440112E-4,-3.03505833E-4,-3.85541294E-4,3.00813088E-4,8.07338438E-5,-3.93734110E-4,-1.09691980E-4,-1.35812908E-4,
600.00,-3.70035123E-4,-1.02291058E-4,2.32734441E-4,-2.57204432E-4,-1.84357152E-4,-6.20539577E-5,4.42173914E-4,-3.96656047E-4,-1.94580134E-4,-2.11556893E-4,
610.00,1.67765902E-4,9.36692741E-5,1.87351689E-4,1.39923082E-4,7.16383860E-4,1.32671767E-5,4.41447482E-4,5.01250848E-4,4.99619055E-4,2.90019525E-4,
620.00,-1.46298145E-4,1.13888185E-4,7.61300953E-6,3.53802636E-4,-1.94838649E-4,-1.36155810E-4,-8.57986597E-5,-7.13661837E-4,-5.60115790E-4,4.53798973E-4,
630.00,-4.60620562E-4,1.11925838E-4,-3.84506071E-4,1.33767142E-4,-2.46282783E-4,-1.54546899E-4,-6.61196304E-4,-3.82431550E-4,1.62916316E-4,-2.94768979E-4,
640.00,-8.74569014E-5,1.24961289E-5,7.30561005E-5,3.09668249E-4,2.53784907E-4,2.16061278E-4,7.95872111E-5,-1.57422073E-5,-3.88047047E-4,9.69954708E-5,
650.00,-1.60280630E-4,-2.03944670E-4,-7.83726748E-4,1.91259649E-4,7.77316891E-5,-1.55848436E-4,-1.53604022E-4,1.77718772E-4,3.02332279E-4,-8.16562606E-5,
660.00,-3.68917856E-4,9.55414667E-4,7.93511572E-4,8.11296282E-4,9.66274529E-4,7.22646539E-4,9.15181707E-4,8.97002639E-4,7.42704317E-4,6.21796993E-4,
670.00,-4.48783721E-5,1.91832965E-4,4.89266240E-4,1.78142916E-3,6.50896574E-4,9.06157598E-4,3.45944136E-4,1.71153762E-4,9.98216914E-4,1.41858798E-3,
680.00,-8.74259640E-5,-3.18181592E-5,-5.59762120E-4,-1.47645012E-4,-5.03031224E-5,2.78554304E-4,-3.33771692E-4,-3.39057122E-4,7.57635007E-6,-4.75257315E-4,
690.00,-1.18775992E-4,8.74433666E-4,3.30376410E-4,-7.38409348E-4,9.56390868E-5,3.27487476E-4,5.93437580E-4,2.03788062E-4,1.66022204E-4,1.54871203E-4,
700.00,-1.88911613E-3,-1.10022258E-3,-1.73835887E-3,-2.81138666E-4,-9.77176125E-4,-4.72156913E-4,1.23981474E-4,-1.03946170E-3,-1.43084861E-3,-1.96894701E-3,
