nm    	T%   
700.00 	103.4 
699.00 	103.4 
698.00 	103.9 
697.00 	103.7 
696.00 	103.4 
695.00 	103.6 
694.00 	103.3 
693.00 	103.7 
692.00 	103.9 
691.00 	103.6 
690.00 	103.6 
689.00 	103.8 
688.00 	104.0 
687.00 	103.7 
686.00 	104.0 
685.00 	103.9 
684.00 	104.1 
683.00 	103.7 
682.00 	103.5 
681.00 	103.9 
680.00 	104.2 
679.00 	103.8 
678.00 	103.9 
677.00 	104.2 
676.00 	104.1 
675.00 	104.2 
674.00 	104.4 
673.00 	104.3 
672.00 	104.0 
671.00 	104.2 
670.00 	104.4 
669.00 	104.2 
668.00 	104.3 
667.00 	104.4 
666.00 	104.4 
665.00 	104.6 
664.00 	104.7 
663.00 	104.9 
662.00 	104.6 
661.00 	105.0 
660.00 	105.1 
659.00 	105.4 
658.00 	105.0 
657.00 	105.6 
656.00 	105.5 
655.00 	105.2 
654.00 	105.1 
653.00 	105.3 
652.00 	105.5 
651.00 	105.7 
650.00 	105.6 
649.00 	105.6 
648.00 	105.8 
647.00 	105.4 
646.00 	105.5 
645.00 	105.2 
644.00 	105.2 
643.00 	105.5 
642.00 	104.9 
641.00 	105.1 
640.00 	105.2 
639.00 	105.2 
638.00 	104.9 
637.00 	104.8 
636.00 	104.9 
635.00 	104.7 
634.00 	105.1 
633.00 	104.9 
632.00 	104.4 
631.00 	104.4 
630.00 	104.4 
629.00 	104.8 
628.00 	104.3 
627.00 	104.7 
626.00 	104.9 
625.00 	104.3 
624.00 	104.9 
623.00 	104.9 
622.00 	104.7 
621.00 	105.0 
620.00 	105.4 
619.00 	105.0 
618.00 	105.1 
617.00 	104.8 
616.00 	105.3 
615.00 	105.2 
614.00 	105.9 
613.00 	105.6 
612.00 	105.6 
611.00 	105.7 
610.00 	105.6 
609.00 	105.9 
608.00 	105.7 
607.00 	105.7 
606.00 	106.2 
605.00 	106.1 
604.00 	106.0 
603.00 	106.2 
602.00 	106.1 
601.00 	106.1 
600.00 	106.6 
599.00 	106.7 
598.00 	106.7 
597.00 	106.7 
596.00 	106.8 
595.00 	106.5 
594.00 	106.7 
593.00 	106.7 
592.00 	107.0 
591.00 	106.7 
590.00 	106.8 
589.00 	106.8 
588.00 	106.5 
587.00 	106.7 
586.00 	106.5 
585.00 	106.5 
584.00 	106.4 
583.00 	106.6 
582.00 	106.5 
581.00 	106.6 
580.00 	106.4 
579.00 	106.6 
578.00 	106.6 
577.00 	106.7 
576.00 	106.3 
575.00 	106.4 
574.00 	106.6 
573.00 	106.9 
572.00 	106.7 
571.00 	106.8 
570.00 	106.9 
569.00 	107.2 
568.00 	107.2 
567.00 	107.3 
566.00 	107.9 
565.00 	107.5 
564.00 	107.6 
563.00 	107.7 
562.00 	107.9 
561.00 	107.7 
560.00 	107.8 
559.00 	107.9 
558.00 	108.2 
557.00 	108.1 
556.00 	107.8 
555.00 	108.2 
554.00 	108.1 
553.00 	108.0 
552.00 	107.8 
551.00 	108.1 
550.00 	108.0 
549.00 	107.8 
548.00 	108.0 
547.00 	107.9 
546.00 	107.8 
545.00 	107.9 
544.00 	107.7 
543.00 	108.0 
542.00 	107.9 
541.00 	108.0 
540.00 	108.0 
539.00 	107.7 
538.00 	108.1 
537.00 	108.1 
536.00 	108.3 
535.00 	108.5 
534.00 	108.5 
533.00 	108.5 
532.00 	108.8 
531.00 	108.5 
530.00 	109.3 
529.00 	109.5 
528.00 	109.5 
527.00 	109.4 
526.00 	109.5 
525.00 	109.7 
524.00 	110.0 
523.00 	109.9 
522.00 	110.1 
521.00 	110.2 
520.00 	110.1 
519.00 	109.9 
518.00 	110.2 
517.00 	109.8 
516.00 	109.8 
515.00 	109.7 
514.00 	109.8 
513.00 	110.1 
512.00 	109.6 
511.00 	109.5 
510.00 	109.2 
509.00 	109.2 
508.00 	109.4 
507.00 	109.0 
506.00 	108.8 
505.00 	108.4 
504.00 	108.9 
503.00 	108.4 
502.00 	108.5 
501.00 	108.6 
500.00 	108.2 
499.00 	108.2 
498.00 	108.6 
497.00 	108.3 
496.00 	108.5 
495.00 	108.5 
494.00 	108.4 
493.00 	108.6 
492.00 	108.5 
491.00 	108.3 
490.00 	109.0 
489.00 	108.9 
488.00 	108.7 
487.00 	109.1 
486.00 	108.9 
485.00 	108.7 
484.00 	109.3 
483.00 	109.2 
482.00 	109.7 
481.00 	109.5 
480.00 	109.3 
479.00 	109.3 
478.00 	109.6 
477.00 	109.5 
476.00 	109.9 
475.00 	109.2 
474.00 	109.7 
473.00 	109.9 
472.00 	109.6 
471.00 	110.0 
470.00 	110.4 
469.00 	110.2 
468.00 	110.4 
467.00 	110.9 
466.00 	110.6 
465.00 	110.8 
464.00 	111.2 
463.00 	111.4 
462.00 	111.9 
461.00 	112.0 
460.00 	112.1 
459.00 	112.0 
458.00 	112.3 
457.00 	113.0 
456.00 	112.9 
455.00 	113.2 
454.00 	113.4 
453.00 	114.0 
452.00 	114.6 
451.00 	114.8 
450.00 	115.2 
449.00 	115.2 
448.00 	116.1 
447.00 	116.4 
446.00 	117.1 
445.00 	117.5 
444.00 	117.8 
443.00 	118.8 
442.00 	119.5 
441.00 	118.8 
440.00 	119.9 
439.00 	120.4 
438.00 	120.2 
437.00 	120.8 
436.00 	121.6 
435.00 	121.9 
434.00 	121.8 
433.00 	122.6 
432.00 	122.7 
431.00 	122.6 
430.00 	122.7 
429.00 	122.6 
428.00 	122.1 
427.00 	122.3 
426.00 	122.3 
425.00 	122.5 
424.00 	122.3 
423.00 	122.7 
422.00 	122.2 
421.00 	122.1 
420.00 	122.2 
419.00 	121.5 
418.00 	121.1 
417.00 	121.3 
416.00 	120.8 
415.00 	120.5 
414.00 	120.3 
413.00 	119.8 
412.00 	119.7 
411.00 	119.3 
410.00 	119.2 
409.00 	118.3 
408.00 	118.1 
407.00 	118.0 
406.00 	118.0 
405.00 	117.5 
404.00 	116.8 
403.00 	116.6 
402.00 	116.5 
401.00 	116.6 
400.00 	115.9 
399.00 	115.5 
398.00 	115.2 
397.00 	113.7 
396.00 	113.6 
395.00 	113.3 
394.00 	113.2 
393.00 	112.2 
392.00 	112.9 
391.00 	112.1 
390.00 	111.6 
389.00 	111.5 
388.00 	111.3 
387.00 	111.1 
386.00 	110.6 
385.00 	111.0 
384.00 	109.8 
383.00 	110.2 
382.00 	109.7 
381.00 	110.7 
380.00 	110.4 
379.00 	110.1 
378.00 	110.3 
377.00 	109.7 
376.00 	110.1 
375.00 	110.1 
374.00 	109.6 
373.00 	109.3 
372.00 	109.5 
371.00 	110.0 
370.00 	109.8 
369.00 	109.3 
368.00 	109.4 
367.00 	109.7 
366.00 	110.3 
365.00 	109.7 
364.00 	109.8 
363.00 	109.5 
362.00 	109.2 
361.00 	110.1 
360.00 	109.4 
359.00 	109.7 
358.00 	109.2 
357.00 	109.1 
356.00 	109.1 
355.00 	108.9 
354.00 	109.7 
353.00 	109.5 
352.00 	109.4 
351.00 	109.7 
350.00 	109.4 
349.00 	108.8 
348.00 	108.7 
347.00 	109.5 
346.00 	108.9 
345.00 	109.4 
344.00 	108.9 
343.00 	108.7 
342.00 	108.7 
341.00 	109.0 
340.00 	109.1 
339.00 	109.2 
338.00 	109.2 
337.00 	109.0 
336.00 	108.3 
335.00 	108.6 
334.00 	108.9 
333.00 	108.7 
332.00 	108.7 
331.00 	109.2 
330.00 	109.1 
329.00 	109.2 
328.00 	109.7 
327.00 	108.6 
326.00 	108.8 
325.00 	109.3 
324.00 	109.6 
323.00 	109.7 
322.00 	109.2 
321.00 	109.3 
320.00 	109.9 
319.00 	109.6 
318.00 	109.7 
317.00 	110.0 
316.00 	109.8 
315.00 	109.5 
314.00 	110.5 
313.00 	110.1 
312.00 	110.7 
311.00 	110.1 
310.00 	110.2 
309.00 	111.1 
308.00 	110.7 
307.00 	110.7 
306.00 	110.5 
305.00 	110.7 
304.00 	110.3 
303.00 	110.8 
302.00 	110.4 
301.00 	110.8 
300.00 	111.0 
