nm    	T%   
700.00 	102.0 
699.00 	102.0 
698.00 	102.1 
697.00 	102.3 
696.00 	102.2 
695.00 	102.1 
694.00 	102.0 
693.00 	102.2 
692.00 	102.6 
691.00 	102.3 
690.00 	102.3 
689.00 	102.1 
688.00 	102.7 
687.00 	102.5 
686.00 	102.4 
685.00 	102.0 
684.00 	102.4 
683.00 	102.1 
682.00 	102.3 
681.00 	102.2 
680.00 	102.5 
679.00 	102.2 
678.00 	102.4 
677.00 	102.2 
676.00 	102.6 
675.00 	102.7 
674.00 	102.6 
673.00 	103.0 
672.00 	102.3 
671.00 	102.6 
670.00 	102.9 
669.00 	102.4 
668.00 	102.7 
667.00 	102.7 
666.00 	102.8 
665.00 	102.7 
664.00 	103.2 
663.00 	103.2 
662.00 	102.9 
661.00 	103.1 
660.00 	103.1 
659.00 	103.6 
658.00 	103.3 
657.00 	103.9 
656.00 	103.3 
655.00 	103.3 
654.00 	103.4 
653.00 	103.8 
652.00 	103.7 
651.00 	103.7 
650.00 	104.0 
649.00 	104.1 
648.00 	103.9 
647.00 	103.9 
646.00 	103.9 
645.00 	103.8 
644.00 	103.6 
643.00 	104.0 
642.00 	103.6 
641.00 	103.4 
640.00 	103.3 
639.00 	103.5 
638.00 	103.2 
637.00 	103.1 
636.00 	103.3 
635.00 	103.0 
634.00 	103.3 
633.00 	103.1 
632.00 	102.8 
631.00 	103.3 
630.00 	102.9 
629.00 	103.3 
628.00 	102.9 
627.00 	103.0 
626.00 	103.1 
625.00 	102.7 
624.00 	102.9 
623.00 	103.1 
622.00 	103.0 
621.00 	103.2 
620.00 	103.1 
619.00 	103.2 
618.00 	103.1 
617.00 	103.0 
616.00 	103.5 
615.00 	103.4 
614.00 	103.8 
613.00 	103.8 
612.00 	103.5 
611.00 	103.9 
610.00 	103.6 
609.00 	103.8 
608.00 	104.0 
607.00 	103.8 
606.00 	104.2 
605.00 	104.0 
604.00 	104.2 
603.00 	104.1 
602.00 	104.4 
601.00 	104.2 
600.00 	104.4 
599.00 	104.5 
598.00 	104.7 
597.00 	104.7 
596.00 	104.6 
595.00 	104.6 
594.00 	104.7 
593.00 	104.7 
592.00 	105.1 
591.00 	104.6 
590.00 	104.6 
589.00 	104.9 
588.00 	104.7 
587.00 	104.5 
586.00 	104.6 
585.00 	104.5 
584.00 	104.4 
583.00 	104.4 
582.00 	104.3 
581.00 	104.5 
580.00 	104.1 
579.00 	104.1 
578.00 	104.7 
577.00 	104.6 
576.00 	104.2 
575.00 	104.2 
574.00 	104.3 
573.00 	104.3 
572.00 	104.3 
571.00 	104.6 
570.00 	104.5 
569.00 	104.9 
568.00 	105.2 
567.00 	105.1 
566.00 	105.6 
565.00 	105.5 
564.00 	105.2 
563.00 	105.6 
562.00 	105.5 
561.00 	105.9 
560.00 	105.6 
559.00 	105.9 
558.00 	105.8 
557.00 	106.2 
556.00 	106.0 
555.00 	106.3 
554.00 	106.0 
553.00 	106.1 
552.00 	106.2 
551.00 	106.2 
550.00 	106.1 
549.00 	105.9 
548.00 	105.9 
547.00 	106.1 
546.00 	106.2 
545.00 	105.8 
544.00 	105.9 
543.00 	105.8 
542.00 	106.0 
541.00 	105.7 
540.00 	105.9 
539.00 	105.7 
538.00 	105.9 
537.00 	105.7 
536.00 	105.9 
535.00 	106.1 
534.00 	106.1 
533.00 	106.4 
532.00 	106.6 
531.00 	106.5 
530.00 	106.7 
529.00 	107.0 
528.00 	107.3 
527.00 	107.4 
526.00 	107.3 
525.00 	107.4 
524.00 	107.8 
523.00 	108.1 
522.00 	107.8 
521.00 	108.1 
520.00 	108.2 
519.00 	108.5 
518.00 	108.2 
517.00 	108.5 
516.00 	108.2 
515.00 	108.1 
514.00 	107.8 
513.00 	108.1 
512.00 	107.7 
511.00 	107.5 
510.00 	107.6 
509.00 	107.6 
508.00 	107.3 
507.00 	107.1 
506.00 	107.0 
505.00 	106.5 
504.00 	106.4 
503.00 	106.3 
502.00 	106.5 
501.00 	106.3 
500.00 	106.3 
499.00 	106.4 
498.00 	106.9 
497.00 	106.2 
496.00 	106.6 
495.00 	105.9 
494.00 	106.5 
493.00 	106.0 
492.00 	106.6 
491.00 	106.4 
490.00 	106.7 
489.00 	106.7 
488.00 	106.6 
487.00 	106.8 
486.00 	106.5 
485.00 	106.3 
484.00 	107.0 
483.00 	107.1 
482.00 	107.3 
481.00 	107.1 
480.00 	107.0 
479.00 	107.3 
478.00 	107.6 
477.00 	107.1 
476.00 	107.6 
475.00 	107.3 
474.00 	107.5 
473.00 	107.4 
472.00 	107.5 
471.00 	108.1 
470.00 	108.1 
469.00 	107.8 
468.00 	108.0 
467.00 	108.8 
466.00 	108.4 
465.00 	108.8 
464.00 	109.0 
463.00 	109.1 
462.00 	109.4 
461.00 	109.4 
460.00 	109.7 
459.00 	109.8 
458.00 	110.2 
457.00 	110.4 
456.00 	110.4 
455.00 	111.2 
454.00 	111.4 
453.00 	112.1 
452.00 	112.2 
451.00 	112.3 
450.00 	113.1 
449.00 	113.2 
448.00 	114.0 
447.00 	114.4 
446.00 	114.7 
445.00 	115.3 
444.00 	116.1 
443.00 	117.1 
442.00 	117.5 
441.00 	118.0 
440.00 	118.9 
439.00 	119.8 
438.00 	120.0 
437.00 	121.0 
436.00 	121.6 
435.00 	122.0 
434.00 	122.0 
433.00 	123.7 
432.00 	123.4 
431.00 	122.8 
430.00 	123.2 
429.00 	123.1 
428.00 	123.0 
427.00 	123.6 
426.00 	123.3 
425.00 	123.0 
424.00 	123.2 
423.00 	122.6 
422.00 	123.1 
421.00 	122.6 
420.00 	122.2 
419.00 	122.1 
418.00 	121.4 
417.00 	121.4 
416.00 	121.2 
415.00 	120.7 
414.00 	120.2 
413.00 	119.6 
412.00 	119.0 
411.00 	118.4 
410.00 	118.8 
409.00 	117.7 
408.00 	117.5 
407.00 	117.4 
406.00 	116.8 
405.00 	116.5 
404.00 	115.6 
403.00 	115.4 
402.00 	115.5 
401.00 	115.2 
400.00 	114.8 
399.00 	114.5 
398.00 	113.8 
397.00 	112.6 
396.00 	111.9 
395.00 	112.1 
394.00 	111.5 
393.00 	110.8 
392.00 	111.1 
391.00 	110.4 
390.00 	109.7 
389.00 	109.7 
388.00 	109.4 
387.00 	109.0 
386.00 	108.7 
385.00 	109.1 
384.00 	108.1 
383.00 	108.0 
382.00 	108.1 
381.00 	108.2 
380.00 	108.5 
379.00 	108.0 
378.00 	108.6 
377.00 	108.3 
376.00 	108.1 
375.00 	108.1 
374.00 	107.9 
373.00 	107.6 
372.00 	107.5 
371.00 	108.1 
370.00 	107.8 
369.00 	108.2 
368.00 	107.5 
367.00 	107.5 
366.00 	108.4 
365.00 	107.9 
364.00 	108.0 
363.00 	107.6 
362.00 	107.0 
361.00 	108.1 
360.00 	108.3 
359.00 	107.8 
358.00 	107.5 
357.00 	107.7 
356.00 	107.0 
355.00 	107.2 
354.00 	107.3 
353.00 	107.8 
352.00 	107.2 
351.00 	107.5 
350.00 	107.5 
349.00 	107.4 
348.00 	107.2 
347.00 	107.1 
346.00 	106.7 
345.00 	106.9 
344.00 	106.9 
343.00 	107.0 
342.00 	106.7 
341.00 	107.1 
340.00 	107.1 
339.00 	107.0 
338.00 	107.1 
337.00 	107.3 
336.00 	106.5 
335.00 	106.6 
334.00 	107.2 
333.00 	106.5 
332.00 	106.8 
331.00 	107.0 
330.00 	107.4 
329.00 	106.7 
328.00 	108.0 
327.00 	106.7 
326.00 	106.5 
325.00 	107.3 
324.00 	107.8 
323.00 	107.4 
322.00 	107.8 
321.00 	107.4 
320.00 	107.8 
319.00 	107.7 
318.00 	107.6 
317.00 	107.5 
316.00 	107.9 
315.00 	107.8 
314.00 	108.5 
313.00 	107.9 
312.00 	108.5 
311.00 	108.1 
310.00 	108.3 
309.00 	109.0 
308.00 	108.6 
307.00 	108.2 
306.00 	108.2 
305.00 	108.9 
304.00 	108.6 
303.00 	108.6 
302.00 	108.4 
301.00 	109.0 
300.00 	109.0 
