Chan	Prompt	Decay	Fit	Residuals
2	0	0	0	0
3	0	1	0	0
4	0	0	0	0
5	0	1	0	0
6	0	0	0	0
7	0	1	0	0
8	0	1	0	0
9	0	0	0	0
10	0	0	0	0
11	0	0	0	0
12	0	0	0	0
13	0	0	0	0
14	0	0	0	0
15	0	0	0	0
16	0	0	0	0
17	0	0	0	0
18	0	0	0	0
19	0	0	0	0
20	0	0	0	0
21	0	2	0	0
22	0	0	0	0
23	0	0	0	0
24	0	0	0	0
25	0	0	0	0
26	0	0	0	0
27	0	0	0	0
28	0	0	0	0
29	0	0	0	0
30	0	0	0	0
31	0	0	0	0
32	0	0	0	0
33	0	0	0	0
34	0	0	0	0
35	0	0	0	0
36	1	0	0	0
37	0	0	0	0
38	0	0	0	0
39	0	0	0	0
40	0	0	0	0
41	0	0	0	0
42	0	0	0	0
43	0	0	0	0
44	0	0	0	0
45	0	0	0	0
46	0	0	0	0
47	0	0	0	0
48	0	1	0	0
49	0	0	0	0
50	0	0	0	0
51	0	0	0	0
52	0	0	0	0
53	0	0	0	0
54	0	0	0	0
55	0	1	0	0
56	0	0	0	0
57	0	0	0	0
58	0	1	0	0
59	0	0	0	0
60	0	0	0	0
61	0	1	0	0
62	0	1	0	0
63	0	0	0	0
64	0	0	0	0
65	0	0	0	0
66	1	0	0	0
67	0	0	0	0
68	0	0	0	0
69	0	0	0	0
70	0	0	0	0
71	0	0	0	0
72	0	0	0	0
73	0	0	0	0
74	0	0	0	0
75	0	0	0	0
76	0	0	0	0
77	0	0	0	0
78	0	0	0	0
79	0	1	0	0
80	0	0	0	0
81	0	0	0	0
82	0	0	0	0
83	0	0	0	0
84	0	0	0	0
85	0	1	0	0
86	0	1	0	0
87	0	0	0	0
88	0	0	0	0
89	0	0	0	0
90	0	0	0	0
91	0	0	0	0
92	0	0	0	0
93	0	0	0	0
94	0	1	0	0
95	0	0	0	0
96	0	0	0	0
97	0	0	0	0
98	0	1	0	0
99	0	0	0	0
100	0	0	0	0
101	1	3	0	0
102	0	1	0	0
103	0	0	0	0
104	0	0	0	0
105	0	0	0	0
106	0	0	0	0
107	0	0	0	0
108	0	0	0	0
109	0	1	0	0
110	0	0	0	0
111	0	0	0	0
112	0	0	0	0
113	0	0	0	0
114	0	0	0	0
115	0	0	0	0
116	0	0	0	0
117	0	1	0	0
118	0	0	0	0
119	0	0	0	0
120	0	1	0	0
121	0	0	0	0
122	0	0	0	0
123	0	0	0	0
124	0	0	0	0
125	0	1	0	0
126	0	0	0	0
127	0	0	0	0
128	0	1	0	0
129	1	0	0	0
130	0	1	0	0
131	0	0	0	0
132	0	0	0	0
133	0	0	0	0
134	0	0	0	0
135	0	0	0	0
136	0	0	0	0
137	0	0	0	0
138	0	0	0	0
139	0	0	0	0
140	0	0	0	0
141	0	0	0	0
142	0	0	0	0
143	0	0	0	0
144	0	0	0	0
145	0	0	0	0
146	0	0	0	0
147	0	0	0	0
148	0	0	0	0
149	0	0	0	0
150	0	0	0	0
151	0	0	0	0
152	0	1	0	0
153	0	0	0	0
154	0	0	0	0
155	0	0	0	0
156	0	0	0	0
157	0	0	0	0
158	0	0	0	0
159	0	0	0	0
160	0	0	0	0
161	0	0	0	0
162	0	0	0	0
163	0	0	0	0
164	0	0	0	0
165	0	0	0	0
166	0	0	0	0
167	0	1	0	0
168	0	0	0	0
169	0	1	0	0
170	0	0	0	0
171	0	0	0	0
172	0	0	0	0
173	0	0	0	0
174	0	0	0	0
175	0	0	0	0
176	0	0	0	0
177	0	0	0	0
178	0	0	0	0
179	0	0	0	0
180	0	0	0	0
181	0	0	0	0
182	0	0	0	0
183	0	0	0	0
184	0	0	0	0
185	1	0	0	0
186	0	1	0	0
187	0	0	0	0
188	1	1	0	0
189	0	0	0	0
190	0	1	0	0
191	0	0	0	0
192	0	1	0	0
193	2	0	0	0
194	0	0	0	0
195	3	1	0	0
196	4	1	0	0
197	6	0	0	0
198	7	0	0	0
199	12	2	0	0
200	15	1	0	0
201	19	1	0	0
202	29	0	0	0
203	42	1	0	0
204	50	1	0	0
205	62	1	0	0
206	99	1	0	0
207	95	5	0	0
208	138	5	0	0
209	179	5	0	0
210	255	18	0	0
211	296	18	0	0
212	453	28	0	0
213	616	33	0	0
214	843	46	0	0
215	1217	54	0	0
216	1658	87	0	0
217	2168	145	0	0
218	2940	186	0	0
219	3704	247	0	0
220	4689	320	0	0
221	5758	436	0	0
222	6559	567	0	0
223	7274	657	0	0
224	7843	876	0	0
225	7876	1031	0	0
226	8028	1247	0	0
227	7576	1515	0	0
228	6986	1744	0	0
229	6074	2030	0	0
230	5115	2220	0	0
231	4285	2504	0	0
232	3419	2844	0	0
233	2826	3015	0	0
234	2093	3374	0	0
235	1627	3757	0	0
236	1168	3810	0	0
237	928	3997	0	0
238	659	4301	0	0
239	487	4335	0	0
240	347	4511	0	0
241	250	4766	0	0
242	157	4796	0	0
243	131	4819	0	0
244	86	5003	0	0
245	67	4927	5012.574	-1.069055
246	53	4926	4977.615	-0.6448823
247	30	4991	4928.776	0.7717276
248	27	4923	4868.951	0.6755251
249	23	4888	4801.902	1.080404
250	13	4857	4730.052	1.598714
251	9	4668	4654.703	0.1712218
252	10	4614	4578.319	0.4624577
253	0	4531	4501.936	0.3805508
254	2	4412	4425.946	-0.1853404
255	2	4473	4351.15	1.606953
256	1	4235	4277.317	-0.5753797
257	2	4360	4204.868	2.075334
258	1	4239	4134.224	1.42387
259	2	3940	4065.094	-1.77063
260	0	3900	3997.276	-1.384717
261	1	3859	3931.07	-1.031941
262	0	3773	3866.673	-1.35816
263	3	3620	3804.033	-2.730195
264	1	3659	3743.093	-1.240166
265	1	3519	3683.802	-2.483485
266	0	3479	3626.109	-2.230919
267	2	3569	3569.965	-1.443033E-02
268	0	3478	3515.323	-0.5660918
269	1	3479	3462.135	0.2557512
270	0	3385	3410.359	-0.3904325
271	1	3409	3359.95	0.7522478
272	2	3339	3310.866	0.4364356
273	1	3364	3263.068	1.559323
274	0	3253	3216.516	0.5741857
275	0	3298	3171.171	1.980955
276	0	3165	3126.997	0.6071926
277	0	3118	3083.958	0.5483966
278	0	3026	3042.02	-0.2623605
279	0	3203	3001.149	3.203932
280	0	2971	2961.313	0.1602594
281	0	2987	2922.479	1.064213
282	0	2990	2884.619	1.737216
283	0	2863	2847.702	0.2582698
284	0	2741	2811.699	-1.222401
285	1	2766	2776.584	-0.1820908
286	0	2734	2742.329	-0.1442085
287	0	2672	2708.908	-0.6471105
288	0	2632	2676.296	-0.783078
289	1	2752	2644.469	1.855142
290	0	2610	2613.404	-6.044532E-02
291	0	2599	2583.076	0.2834511
292	0	2521	2553.465	-0.587578
293	0	2470	2524.548	-0.9983301
294	0	2563	2496.305	1.19628
295	0	2405	2468.716	-1.183192
296	0	2423	2441.761	-0.346976
297	0	2419	2415.421	6.624445E-02
298	0	2411	2389.679	0.3953911
299	0	2265	2364.516	-1.909282
300	0	2297	2339.915	-0.8170928
301	0	2278	2315.859	-0.7240906
302	0	2308	2292.332	0.2975394
303	0	2213	2269.32	-1.094257
304	0	2197	2246.806	-0.9715114
305	0	2150	2224.775	-1.475789
306	0	2266	2203.215	1.204287
307	0	2134	2182.111	-0.9533791
308	0	2060	2161.448	-2.049165
309	0	2176	2141.216	0.6820383
310	0	2119	2121.401	-4.776396E-02
311	0	2095	2101.991	-0.1399329
312	0	2017	2082.975	-1.347933
313	0	2162	2064.34	1.921643
314	0	2125	2046.076	1.567585
315	0	2045	2028.172	0.3412555
316	0	2020	2010.618	0.1915295
317	0	2044	1993.404	1.026323
318	0	2033	1976.52	1.14903
319	0	1930	1959.956	-0.6268063
320	0	1914	1943.704	-0.6243414
321	0	1881	1927.755	-0.9919934
322	0	1910	1912.1	-4.419068E-02
323	0	1896	1896.731	-0.0154396
324	0	1787	1881.639	-2.064245
325	0	1891	1866.818	0.5116028
326	0	1799	1852.258	-1.157474
327	0	1866	1837.954	0.5976186
328	0	1746	1823.898	-1.720474
329	0	1845	1810.083	0.7485935
330	0	1803	1796.502	0.1410436
331	0	1820	1783.15	0.795876
332	0	1811	1770.019	0.8874646
333	0	1816	1757.104	1.273533
334	0	1761	1744.398	0.3649904
335	0	1812	1731.897	1.734155
336	0	1771	1719.594	1.126711
337	0	1703	1707.484	-0.1003676
338	0	1671	1695.562	-0.555452
339	0	1773	1683.823	1.953363
340	0	1666	1672.262	-0.1418492
341	1	1611	1660.875	-1.150273
342	0	1754	1649.656	2.298883
343	0	1644	1638.602	0.1231417
344	0	1662	1627.708	0.7777438
345	0	1615	1616.97	-4.536476E-02
346	0	1637	1606.383	0.7000741
347	0	1580	1595.944	-0.3715859
348	0	1657	1585.65	1.620849
349	0	1639	1575.496	1.451112
350	0	1647	1565.478	1.857953
351	0	1584	1555.594	0.6610988
352	0	1547	1545.84	2.733683E-02
353	0	1496	1536.213	-0.9650285
354	0	1529	1526.709	5.433463E-02
355	0	1517	1517.326	-7.766292E-03
356	0	1506	1508.06	-4.926689E-02
357	0	1531	1498.909	0.7606263
358	0	1432	1489.87	-1.421665
359	0	1482	1480.94	2.556776E-02
360	0	1464	1472.116	-0.1970479
361	0	1452	1463.397	-0.2779102
362	0	1431	1454.779	-0.5843815
363	0	1452	1446.26	0.1399746
364	0	1420	1437.838	-0.440187
365	0	1401	1429.51	-0.7086413
366	0	1428	1421.275	0.1654659
367	0	1382	1413.129	-0.7794184
368	0	1401	1405.072	-0.1012197
369	0	1429	1397.101	0.7845172
370	0	1434	1389.215	1.099398
371	0	1380	1381.41	-3.534098E-02
372	0	1398	1373.686	0.605029
373	0	1369	1366.041	7.445927E-02
374	0	1390	1358.473	0.7869408
375	0	1309	1350.98	-1.082011
376	0	1395	1343.561	1.281505
377	0	1344	1336.214	0.1978788
378	0	1380	1328.937	1.279503
379	1	1276	1321.73	-1.194826
380	0	1320	1314.59	0.1388192
381	0	1315	1307.517	0.1924103
382	0	1314	1300.508	0.3470405
383	0	1248	1293.563	-1.204639
384	0	1248	1286.68	-1.022668
385	0	1342	1279.859	1.580502
386	0	1177	1273.097	-2.621209
387	0	1239	1266.394	-0.7270741
388	0	1298	1259.749	0.9903482
389	0	1159	1253.16	-2.589511
390	0	1196	1246.626	-1.369199
391	0	1205	1240.147	-0.9467746
392	0	1211	1233.721	-0.6104364
393	0	1206	1227.348	-0.5747997
394	0	1274	1221.026	1.385272
395	0	1216	1214.754	3.340448E-02
396	0	1198	1208.532	-0.284579
397	0	1195	1202.358	-0.1990942
398	0	1187	1196.233	-0.2507013
399	0	1156	1190.154	-0.9405653
400	0	1118	1184.121	-1.853566
401	0	1202	1178.134	0.6437376
402	0	1149	1172.192	-0.640747
403	0	1048	1166.293	-3.43189
404	0	1191	1160.438	0.8284056
405	0	1078	1154.625	-2.189973
406	0	1125	1148.854	-0.6664699
407	0	1142	1143.124	-3.114228E-02
408	0	1149	1137.434	0.3195489
409	0	1084	1131.784	-1.361677
410	0	1131	1126.174	0.1344692
411	0	1142	1120.602	0.5931209
412	0	1160	1115.068	1.235119
413	0	1084	1109.571	-0.7286931
414	0	1036	1104.112	-1.988154
415	0	1062	1098.689	-1.056943
416	0	1024	1093.302	-2.035414
417	0	1077	1087.95	-0.3131126
418	0	1066	1082.633	-0.478217
419	0	1104	1077.351	0.7520754
420	0	1054	1072.102	-0.5235837
421	0	1036	1066.887	-0.9015699
422	0	1110	1061.705	1.359027
423	0	1101	1056.555	1.256092
424	0	1068	1051.438	0.475701
425	0	1057	1046.352	0.3075102
426	0	1073	1041.298	0.9083013
427	0	1030	1036.275	-0.1837151
428	0	1115	1031.282	2.350209
429	0	1070	1026.319	1.253363
430	0	998	1021.386	-0.6962908
431	0	1027	1016.483	0.3084079
432	0	1028	1011.609	0.480418
433	0	1116	1006.763	3.065121
434	0	1045	1001.946	1.250957
435	0	1001	997.1576	0.1142194
436	0	981	992.3965	-0.3424124
437	0	958	987.663	-0.9024993
438	0	1045	982.9567	1.802723
439	0	961	978.2772	-0.5247926
440	0	982	973.6244	0.2515132
441	0	1026	968.9979	1.672437
442	0	967	964.3975	7.878985E-02
443	0	987	959.8229	0.8139165
444	0	1044	955.2738	2.579326
445	0	959	950.7499	0.2508724
446	0	1039	946.2511	2.703141
447	0	1001	941.777	1.760462
448	0	954	937.3275	0.5083885
449	0	986	932.9022	1.591057
450	0	972	928.501	1.313338
451	0	959	924.1237	1.060529
452	0	921	919.77	3.821193E-02
453	0	885	915.4396	-0.9657567
454	0	887	911.1324	-0.7647347
455	0	945	906.8482	1.169194
456	0	970	902.5867	2.037589
457	0	882	898.348	-0.5196018
458	0	948	894.1315	1.648081
459	0	875	889.9371	-0.4767617
460	0	934	885.7648	1.487389
461	0	865	881.6143	-0.5335211
462	0	907	877.4855	0.9243382
463	0	888	873.378	0.4630834
464	0	829	869.2917	-1.323195
465	0	843	865.2267	-0.723516
466	0	838	861.1826	-0.7570004
467	0	871	857.1592	0.4428375
468	0	848	853.1564	-0.1673273
469	0	920	849.1741	2.201511
470	0	854	845.212	0.2841145
471	0	816	841.2701	-0.836823
472	0	842	837.3481	0.1515201
473	0	811	833.446	-0.7457142
474	0	798	829.5637	-1.05759
475	0	827	825.7008	4.272034E-02
476	0	843	821.8573	0.6882285
477	1	808	818.033	-0.3339738
478	0	858	814.2279	1.411655
479	0	820	810.4418	0.3157068
480	0	778	806.6746	-0.9737139
481	1	774	802.926	-0.9849218
482	0	780	799.1961	-0.6509697
483	0	787	795.4846	-0.2863763
484	1	786	791.7915	-0.1956081
485	0	822	788.1165	1.11773
486	0	750	784.4597	-1.19295
487	0	740	780.8208	-1.423173
488	1	712	777.1998	-2.319674
489	0	801	773.5966	0.9163802
490	0	727	770.011	-1.513569
491	0	749	766.4429	-0.6042733
492	0	713	762.8922	-1.773752
493	0	740	759.3587	-0.6749204
494	0	708	755.8425	-1.70718
495	1	723	752.3433	-1.035598
496	0	794	748.8611	1.516459
497	0	759	745.3958	0.4680153
498	0	761	741.9471	0.6545523
499	1	780	738.5153	1.406812
500	0	794	735.0999	1.978772
501	0	762	731.7009	1.040192
502	0	759	728.3184	1.055514
503	0	709	724.9521	-0.5688022
504	0	727	721.6019	0.1899596
505	0	738	718.2678	0.6889209
506	0	772	714.9498	1.945189
507	0	780	711.6475	2.317938
508	1	714	708.3611	0.2003233
509	0	677	705.0905	-1.026202
510	0	745	701.8353	1.499571
511	0	667	698.5958	-1.163305
512	0	703	695.3716	0.2732205
513	0	690	692.1628	-7.822821E-02
514	0	705	688.9693	0.5733064
515	0	621	685.7909	-2.476539
516	0	661	682.6277	-0.8000795
517	0	625	679.4794	-2.075407
518	0	647	676.3461	-1.097862
519	0	664	673.2276	-0.3405496
520	0	698	670.1238	1.002174
521	0	731	667.0348	2.244471
522	0	675	663.9604	0.4039262
523	1	673	660.9005	0.4433978
524	0	645	657.855	-0.4816972
525	1	683	654.8239	1.024577
526	1	624	651.807	-1.060203
527	0	593	648.8044	-2.185188
528	0	708	645.816	2.218935
529	0	662	642.8416	0.7081726
530	0	621	639.8812	-0.7217054
531	1	604	636.9346	-1.277308
532	1	597	634.002	-1.443835
533	1	594	631.0831	-1.45082
534	1	577	628.178	-2.032903
535	0	578	625.2864	-1.876622
536	0	603	622.4085	-0.7533757
537	0	585	619.544	-1.362319
538	0	631	616.6929	0.5423123
539	0	569	613.8552	-1.794801
540	0	612	611.0307	0.0373344
541	1	601	608.2195	-0.2807247
542	0	620	605.4214	0.5577148
543	0	606	602.6365	0.1302225
544	1	579	599.8645	-0.8272861
545	0	576	597.1055	-0.8391193
546	0	598	594.3594	0.1419345
547	0	626	591.6261	1.308386
548	0	564	588.9055	-1.001159
549	0	588	586.1976	0.0708904
550	0	611	583.5024	1.060028
551	0	571	580.8198	-0.3922006
552	1	595	578.1495	0.6586684
553	0	578	575.4919	9.953783E-02
554	1	608	572.8465	1.35866
555	0	588	570.2134	0.6995776
556	1	584	567.5927	0.6476367
557	0	586	564.9841	0.8280668
558	0	534	562.3877	-1.174188
559	0	589	559.8033	1.147337
560	1	580	557.231	0.9019851
561	0	560	554.6706	0.2150314
562	0	594	552.1221	1.638407
563	0	554	549.5855	0.1791216
564	1	579	547.0607	1.266408
565	1	559	544.5476	0.5836714
566	0	599	542.0461	2.218479
567	0	553	539.5563	0.5460057
568	1	557	537.078	0.806074
569	0	555	534.6113	0.8265084
570	0	495	532.1559	-1.598889
571	3	570	529.7121	1.610571
572	0	505	527.2795	-0.9487814
573	0	527	524.8582	8.920462E-02
574	0	547	522.4481	1.002856
575	1	539	520.0492	0.7800491
576	0	477	517.6614	-1.78384
577	0	494	515.2847	-0.9168849
578	0	526	512.919	0.5453439
579	0	513	510.5642	0.1028823
580	2	504	508.2204	-0.1799134
581	0	489	505.8874	-0.7313312
582	0	490	503.5652	-0.5868351
583	0	495	501.2538	-0.2691133
584	0	520	498.9531	0.8827088
585	0	467	496.663	-1.315773
586	0	462	494.3835	-1.444521
587	0	487	492.1147	-0.2219702
588	0	490	489.8563	6.216803E-03
589	0	473	487.6083	-0.6436919
590	0	431	485.3708	-2.514541
591	0	434	483.1436	-2.264612
592	0	456	480.9267	-1.119487
593	0	460	478.72	-0.8369245
594	1	481	476.5236	0.1955288
595	0	501	474.3373	1.140161
596	1	443	472.1612	-1.329522
597	0	451	469.9951	-0.858
598	0	473	467.839	0.2274118
599	0	436	465.6929	-1.365025
600	0	459	463.5567	-0.2039483
601	0	448	461.4303	-0.6087536
602	0	423	459.3139	-1.695883
603	1	473	457.2072	0.6958868
604	2	454	455.1102	-0.0499732
605	1	447	453.0229	-0.2733171
606	0	450	450.9453	-0.0427474
607	0	464	448.8772	0.6730621
608	0	448	446.8187	5.354337E-02
609	0	469	444.7698	1.072399
610	0	432	442.7302	-0.4956542
611	2	410	440.7002	-1.457162
612	0	430	438.6794	-0.4018923
613	1	426	436.6681	-0.4963789
614	0	386	434.666	-2.38338
615	0	408	432.6731	-1.174072
616	0	418	430.6895	-0.5962809
617	2	420	428.715	-0.408506
618	0	437	426.7496	0.4706635
619	1	427	424.7933	0.1025498
620	1	416	422.8461	-0.3225021
621	0	400	420.9078	-1.005183
622	1	412	418.9785	-0.3303928
623	3	390	417.0581	-1.318079
624	1	412	415.1465	-0.1489701
625	2	409	413.2438	-0.2016864
626	1	437	411.3499	1.17777
627	0	405	409.4647	-0.2132684
628	0	406	407.5882	-7.576749E-02
629	0	427	405.7204	0.9889234
630	1	390	403.8611	-0.6752174
631	1	387	402.0105	-0.7341405
632	0	382	400.1684	-0.8946047
633	0	396	398.3347	-0.1128347
634	1	386	396.5096	-0.5146992
635	0	429	394.6929	1.590479
636	1	428	392.8845	1.62993
637	1	380	391.0845	-0.5472859
638	0	362	389.2928	-1.381894
639	1	381	387.5094	-0.3209555
640	2	369	385.7342	-0.8389155
641	0	398	383.9672	0.6764137
642	1	392	382.2083	0.4757174
643	0	383	380.4576	0.1250198
644	1	360	378.7149	-0.9502991
645	1	411	376.9802	1.612683
646	0	375	375.2536	-1.260761E-02
647	1	360	373.5349	-0.6872739
648	2	384	371.8242	0.5979111
649	2	373	370.1213	0.1435083
650	1	426	368.4264	2.678869
651	0	383	366.7392	0.7995916
652	0	359	365.0598	-0.3081461
653	0	383	363.3882	0.9643723
654	0	355	361.7242	-0.3439241
655	1	405	360.0679	2.146305
656	0	378	358.4193	0.9694263
657	0	372	356.7783	0.7598962
658	0	343	355.1448	-0.6323375
659	0	345	353.5189	-0.4422157
660	2	368	351.9005	0.8082361
661	0	377	350.2895	1.324237
662	2	341	348.686	-0.4013944
663	2	335	347.0898	-0.6372129
664	1	356	345.5011	0.536208
665	1	363	343.9196	0.9647003
666	1	353	342.3455	0.5465466
667	0	367	340.7785	1.318242
668	1	344	339.2189	0.2485609
669	4	342	337.6664	0.2259771
670	0	342	336.1211	0.306558
671	1	349	334.5829	0.7439348
672	0	333	333.0518	-2.73644E-03
673	1	331	331.5277	-0.0279872
674	0	325	330.0107	-0.2682716
675	1	321	328.5007	-0.4041643
676	0	339	326.9976	0.6287292
677	0	329	325.5015	0.1861284
678	0	350	324.0122	1.339003
679	1	305	322.5298	-0.9698796
680	1	330	321.0543	0.4751809
681	1	332	319.5856	0.6573744
682	2	347	318.1236	1.494487
683	1	325	316.6684	0.4460709
684	1	314	315.2199	-6.648551E-02
685	1	274	313.778	-2.326073
686	2	339	312.3428	1.396398
687	0	308	310.9143	-0.1604254
688	1	337	309.4923	1.445374
689	1	306	308.0768	-0.1147119
690	1	299	306.6679	-0.4286251
691	3	297	305.2655	-0.4636346
692	1	303	303.8696	-4.827474E-02
693	2	329	302.48	1.41091
694	3	319	301.0969	0.9678086
695	0	288	299.7202	-0.6679511
696	2	286	298.3499	-0.7063705
697	1	271	296.9858	-1.528209
698	0	278	295.628	-1.023138
699	1	287	294.2765	-0.4154398
700	1	280	292.9312	-0.7477611
701	2	297	291.5921	0.3033444
702	1	310	290.2591	1.083068
703	2	295	288.9324	0.3415387
704	0	300	287.6117	0.6912921
705	2	283	286.2971	-0.1896138
706	1	284	284.9886	-5.675086E-02
707	1	302	283.6862	1.018446
708	0	293	282.3897	0.5993434
709	0	299	281.0992	1.000628
710	0	279	279.8146	-4.719262E-02
711	1	282	278.536	0.1995747
712	0	290	277.2633	0.7232918
713	1	279	275.9964	0.1740079
714	0	292	274.7354	0.9769472
715	0	267	273.4801	-0.3840276
716	2	271	272.2307	-7.237752E-02
717	2	246	270.987	-1.544661
718	0	272	269.7491	0.1321237
719	1	268	268.5168	-3.057046E-02
720	1	265	267.2903	-0.1362567
721	1	262	266.0694	-0.2435246
722	2	262	264.8541	-0.1707992
723	2	254	263.6444	-0.5864529
724	0	286	262.4403	1.347534
725	3	266	261.2418	0.2825269
726	0	275	260.0488	0.872649
727	0	266	258.8613	0.4238773
728	2	259	257.6792	7.951134E-02
729	2	247	256.5026	-0.5862095
730	2	256	255.3314	0.0404905
731	3	260	254.1656	0.3505278
732	0	246	253.0052	-0.433053
733	1	221	251.8502	-2.015287
734	1	226	250.7004	-1.595089
735	1	259	249.556	0.5685245
736	3	244	248.4168	-0.2741912
737	2	244	247.2829	-0.2037972
738	3	264	246.1542	1.063764
739	0	259	245.0307	0.8409427
740	2	230	243.9124	-0.8903508
741	0	267	242.7993	1.434192
742	0	226	241.6912	-1.013299
743	0	230	240.5883	-0.6776208
744	0	237	239.4905	-0.1569418
745	1	259	238.3977	1.240245
746	1	246	237.31	0.5372038
747	0	226	236.2272	-0.660449
748	2	216	235.1495	-1.265754
749	0	231	234.0768	-0.1964634
750	1	221	233.0089	-0.7844844
751	3	231	231.946	-6.040891E-02
752	1	227	230.888	-0.2505101
753	1	237	229.8349	0.4515201
754	0	230	228.7867	7.765057E-02
755	2	231	227.7432	0.2079596
756	0	205	226.7046	-1.473714
757	0	215	225.6707	-0.7070053
758	1	227	224.6417	0.1519487
759	1	209	223.6174	-0.9826904
760	0	211	222.5977	-0.7758802
761	0	242	221.5828	1.272864
762	0	207	220.5726	-0.916974
763	2	227	219.567	0.4789133
764	0	207	218.5661	-0.7814134
765	1	224	217.5698	0.4171516
766	2	230	216.578	0.8589656
767	3	255	215.5909	2.391516
768	0	217	214.6083	0.1577152
769	0	219	213.6302	0.3524294
770	0	209	212.6566	-0.2458247
771	2	222	211.6875	0.6721015
772	2	192	210.7229	-1.314772
773	0	205	209.7627	-0.3233809
774	0	196	208.807	-0.8898667
775	0	223	207.8556	0.9847332
776	1	192	206.9086	-1.046926
777	1	210	205.966	0.2705294
778	0	224	205.0278	1.230793
779	1	216	204.0938	0.7869791
780	0	212	203.1642	0.5896717
781	0	206	202.2389	0.2547365
782	1	222	201.3178	1.347931
783	0	193	200.401	-0.5183306
784	0	244	199.4883	2.76324
785	0	208	198.5799	0.6348516
786	1	221	197.6757	1.523659
787	1	213	196.7757	1.080144
788	1	212	195.8798	1.075814
789	1	207	194.988	0.8115402
790	0	223	194.1003	1.879142
791	2	184	193.2168	-0.6615223
792	1	196	192.3372	0.254499
793	0	177	191.4618	-1.058842
794	0	198	190.5904	0.5121642
795	0	183	189.723	-0.4838872
796	1	207	188.8596	1.225579
797	1	186	188.0002	-0.1427664
798	0	175	187.1447	-0.8943919
799	0	200	186.2932	0.9425567
800	1	183	185.4456	-0.1760229
801	0	170	184.6019	-1.091455
802	0	194	183.7621	0.7151154
803	0	204	182.9262	1.434482
804	1	181	182.0941	-7.919633E-02
805	1	193	181.2659	0.8218042
806	1	178	180.4415	-0.1782419
807	1	188	179.6209	0.5947992
808	0	190	178.804	0.7904487
809	0	169	177.991	-0.6740878
810	1	181	177.1817	0.2763787
811	0	156	176.3761	-1.591631
812	0	206	175.5742	2.060715
813	0	188	174.776	0.9387193
814	0	139	173.9815	-2.898739
815	2	177	173.1906	0.2789086
816	3	159	172.4034	-1.036812
817	1	161	171.6198	-0.8162468
818	1	192	170.8399	1.48592
819	0	177	170.0635	0.5078642
820	0	168	169.2907	-9.706657E-02
821	0	148	168.5215	-1.64679
822	0	172	167.7558	0.3153436
823	0	174	166.9937	0.5174951
824	0	169	166.235	0.2073013
825	0	140	165.4799	-2.103661
826	0	159	164.7282	-0.4431032
827	0	169	163.98	0.3763663
828	1	185	163.2353	1.557798
829	0	161	162.494	-0.1148264
830	1	152	161.7561	-0.7722782
831	0	154	161.0216	-0.5521104
832	0	172	160.2904	0.8700253
833	0	150	159.5627	-0.7621229
834	0	127	158.8383	-2.762919
835	0	154	158.1172	-0.3237423
836	0	156	157.3995	-0.1093193
837	0	168	156.6851	0.8509063
838	0	138	155.974	-1.494922
839	0	157	155.2661	0.1349962
840	0	156	154.5615	0.1123646
841	0	168	153.8602	1.063347
842	0	145	153.1621	-0.6618823
843	0	151	152.4672	-0.1165333
844	0	180	151.7755	2.048758
845	0	137	151.087	-1.176002
846	0	152	150.4016	0.1265242
847	1	143	149.7195	-0.548785
848	2	169	149.0404	1.496444
849	1	144	148.3645	-0.3551866
850	0	148	147.6918	2.473556E-02
851	2	172	147.0221	1.855871
852	1	140	146.3555	-0.524718
853	0	160	145.692	1.10324
854	0	149	145.0315	0.3173648
855	2	143	144.3741	-0.1122203
856	0	141	143.7197	-0.223724
857	1	119	143.0683	-2.159227
858	0	162	142.4199	1.500169
859	0	152	141.7745	0.809437
860	0	137	141.1321	-0.3449548
861	0	138	140.4926	-0.2073172
862	0	129	139.8562	-0.9346011
863	0	151	139.2226	0.9354418
864	0	145	138.5919	0.5196462
865	0	138	137.9642	2.977302E-03
866	1	149	137.3393	0.9325129
867	0	140	136.7174	0.2710201
868	1	131	136.0983	-0.435468
869	0	156	135.482	1.602718
870	0	154	134.8686	1.504315
871	2	144	134.258	0.7928051
872	1	157	133.6502	1.817956
873	0	127	133.0453	-0.5246072
874	0	118	132.4431	-1.301323
875	1	155	131.8437	1.814773
876	1	134	131.247	0.2324382
877	2	126	130.6531	-0.4054325
878	0	118	130.062	-1.086786
879	0	104	129.4736	-2.44796
880	1	138	128.8878	0.7578719
881	1	131	128.3048	0.2302088
882	1	117	127.7245	-0.9704844
883	0	108	127.1468	-1.80489
884	0	117	126.5718	-0.8661785
885	0	115	125.9995	-1.004171
886	1	122	125.4298	-0.303807
887	0	127	124.8627	0.1854749
888	0	124	124.2982	-2.619797E-02
889	0	130	123.7364	0.5371097
890	0	110	123.1771	-1.230572
891	0	125	122.6204	0.2081848
892	0	145	122.0662	1.859756
893	1	102	121.5147	-1.893982
894	0	128	120.9656	0.6080003
895	0	113	120.4191	-0.6834014
896	0	144	119.8751	1.963288
897	0	127	119.3336	0.6652853
898	0	96	118.7947	-2.281757
899	0	108	118.2581	-0.9669922
900	1	115	117.7241	-0.2486911
901	1	108	117.1926	-0.8665428
902	0	138	116.6634	1.774596
903	0	133	116.1367	1.429263
904	0	106	115.6125	-0.9148102
905	0	114	115.0907	-0.1000133
906	0	100	114.5712	-1.428551
907	0	118	114.0542	0.3555187
908	1	107	113.5395	-0.6193854
909	0	136	113.0272	1.924999
910	0	134	112.5173	1.813828
911	0	110	112.0098	-0.1876853
912	0	111	111.5045	-4.689697E-02
913	0	99	111.0016	-1.182671
914	0	120	110.501	0.8485454
915	1	110	110.0027	-2.543585E-04
916	0	94	109.5067	-1.568974
917	0	126	109.013	1.480091
918	0	116	108.5216	0.67971
919	0	112	108.0325	0.3671271
920	0	111	107.5455	0.3211165
921	1	115	107.0609	0.7247817
922	0	105	106.5785	-0.1509485
923	0	138	106.0983	2.653318
924	0	96	105.6203	-0.9629931
925	1	95	105.1445	-1.0209
926	0	113	104.6709	0.7672259
927	1	107	104.1995	0.2652492
928	0	98	103.7302	-0.5676029
929	0	91	103.2632	-1.261461
930	0	107	102.7982	0.3979662
931	0	116	102.3354	1.241969
932	0	106	101.8748	0.39259
933	0	94	101.4163	-0.7503808
934	0	122	100.9599	1.863713
935	0	108	100.5056	0.7064689
936	1	98	100.0534	-0.2033929
937	0	97	99.60322	-0.2592109
938	0	103	99.15516	0.3713067
939	0	91	98.70918	-0.7930115
940	1	97	98.26524	-0.1259837
941	0	84	97.82335	-1.481102
942	0	97	97.38349	-0.0381855
943	0	96	96.94567	-9.466216E-02
944	0	99	96.50986	0.2453849
945	0	97	96.07606	9.199996E-02
946	1	94	95.64426	-0.1663669
947	0	98	95.21445	0.2759204
948	0	90	94.78663	-0.49516
949	0	94	94.36077	-3.650289E-02
950	0	81	93.93687	-1.412014
951	0	89	93.51494	-0.4697199
952	0	93	93.09494	-9.658551E-03
953	0	94	92.67688	0.1338735
954	0	84	92.26074	-0.8850968
955	0	100	91.84653	0.7993593
956	1	81	91.43423	-1.138859
957	0	102	91.02383	1.065285
958	0	77	90.61531	-1.524848
959	0	89	90.20868	-0.1257471
960	1	86	89.80392	-0.4027176
961	0	88	89.40102	-0.1465992
962	0	100	88.99999	1.078432
963	0	85	88.60081	-0.3834912
964	0	100	88.20345	1.156524
965	0	92	87.80794	0.4288264
966	0	96	87.41425	0.8594384
967	0	89	87.02237	0.2057464
968	0	80	86.63229	-0.7284815
969	0	90	86.24402	0.3885431
970	0	84	85.85753	-0.1990248
971	0	70	85.47283	-1.818921
972	0	76	85.0899	-1.024814
973	0	95	84.70872	1.035673
974	0	109	84.32932	2.314691
975	0	88	83.95165	0.4236077
976	0	86	83.57573	0.2566556
977	0	80	83.20154	-0.3516523
978	0	74	82.82908	-1.009
979	0	82	82.45834	-4.971436E-02
980	0	94	82.08929	1.205127
981	0	76	81.72195	-0.6451054
982	0	95	81.35631	1.373048
983	0	85	80.99235	0.4268208
984	0	77	80.63007	-0.4065495
985	0	82	80.26945	0.1877072
986	0	71	79.91051	-1.039957
987	0	85	79.55321	0.5800912
988	0	85	79.19756	0.6179679
989	0	75	78.84354	-0.436258
990	0	88	78.49117	0.9949777
991	0	70	78.14041	-0.9569524
992	0	81	77.79128	0.350221
993	0	73	77.44374	-0.5113624
994	0	75	77.09782	-0.2381108
995	0	68	76.75348	-1.044292
996	0	73	76.41074	-0.3924896
997	0	74	76.06957	-0.2365138
998	1	93	75.72997	1.756932
999	0	82	75.39194	0.7167566
1000	0	74	75.05547	-0.120621
1001	0	70	0	0
1002	0	87	0	0
1003	0	84	0	0
1004	0	64	0	0
1005	0	57	0	0
1006	0	82	0	0
1007	0	87	0	0
1008	0	81	0	0
1009	0	84	0	0
1010	0	77	0	0
1011	0	64	0	0
1012	0	70	0	0
1013	1	53	0	0
1014	0	53	0	0
1015	0	61	0	0
1016	0	69	0	0
1017	0	67	0	0
1018	0	65	0	0
1019	0	65	0	0
1020	0	66	0	0
1021	0	64	0	0
1022	0	62	0	0
1023	0	73	0	0
1024	0	70	0	0
1025	0	74	0	0
1026	0	61	0	0
1027	0	69	0	0
1028	0	70	0	0
1029	2	83	0	0
1030	1	66	0	0
1031	0	70	0	0
1032	1	72	0	0
1033	0	70	0	0
1034	0	67	0	0
1035	0	60	0	0
1036	0	72	0	0
1037	0	63	0	0
1038	0	65	0	0
1039	0	75	0	0
1040	0	61	0	0
1041	0	71	0	0
1042	0	59	0	0
1043	1	80	0	0
1044	0	43	0	0
1045	1	54	0	0
1046	0	62	0	0
1047	0	49	0	0
1048	0	55	0	0
1049	0	57	0	0
1050	0	61	0	0
1051	0	63	0	0
1052	0	55	0	0
1053	0	65	0	0
1054	0	62	0	0
1055	1	56	0	0
1056	0	56	0	0
1057	0	59	0	0
1058	0	53	0	0
1059	0	40	0	0
1060	0	44	0	0
1061	0	41	0	0
1062	0	75	0	0
1063	0	46	0	0
1064	0	56	0	0
1065	0	62	0	0
1066	1	59	0	0
1067	0	47	0	0
1068	0	66	0	0
1069	0	56	0	0
1070	0	58	0	0
1071	0	43	0	0
1072	0	49	0	0
1073	0	53	0	0
1074	1	56	0	0
1075	0	63	0	0
1076	0	46	0	0
1077	0	44	0	0
1078	0	45	0	0
1079	0	57	0	0
1080	1	44	0	0
1081	0	43	0	0
1082	1	45	0	0
1083	0	46	0	0
1084	0	42	0	0
1085	0	42	0	0
1086	0	46	0	0
1087	1	50	0	0
1088	0	62	0	0
1089	0	62	0	0
1090	1	50	0	0
1091	0	38	0	0
1092	0	48	0	0
1093	0	50	0	0
1094	0	57	0	0
1095	1	46	0	0
1096	0	47	0	0
1097	0	45	0	0
1098	0	37	0	0
1099	0	49	0	0
1100	0	47	0	0
1101	1	48	0	0
1102	0	41	0	0
1103	0	43	0	0
1104	0	38	0	0
1105	0	48	0	0
1106	0	49	0	0
1107	0	58	0	0
1108	0	34	0	0
1109	0	46	0	0
1110	0	53	0	0
1111	0	42	0	0
1112	0	41	0	0
1113	0	50	0	0
1114	0	44	0	0
1115	0	40	0	0
1116	0	57	0	0
1117	0	35	0	0
1118	1	41	0	0
1119	0	47	0	0
1120	0	57	0	0
1121	0	49	0	0
1122	0	46	0	0
1123	0	45	0	0
1124	0	37	0	0
1125	1	37	0	0
1126	0	37	0	0
1127	0	43	0	0
1128	0	43	0	0
1129	0	46	0	0
1130	0	35	0	0
1131	1	42	0	0
1132	1	31	0	0
1133	0	47	0	0
1134	0	39	0	0
1135	0	44	0	0
1136	0	50	0	0
1137	0	43	0	0
1138	0	35	0	0
1139	0	39	0	0
1140	1	37	0	0
1141	0	42	0	0
1142	0	38	0	0
1143	1	39	0	0
1144	0	32	0	0
1145	0	40	0	0
1146	0	42	0	0
1147	0	36	0	0
1148	0	34	0	0
1149	1	32	0	0
1150	1	39	0	0
1151	0	39	0	0
1152	0	38	0	0
1153	0	38	0	0
1154	0	27	0	0
1155	1	42	0	0
1156	0	37	0	0
1157	1	46	0	0
1158	0	28	0	0
1159	1	34	0	0
1160	0	33	0	0
1161	0	38	0	0
1162	1	30	0	0
1163	1	28	0	0
1164	0	41	0	0
1165	1	41	0	0
1166	1	33	0	0
1167	0	26	0	0
1168	0	32	0	0
1169	0	36	0	0
1170	0	30	0	0
1171	0	41	0	0
1172	0	36	0	0
1173	0	32	0	0
1174	0	32	0	0
1175	0	28	0	0
1176	1	33	0	0
1177	0	41	0	0
1178	0	33	0	0
1179	0	26	0	0
1180	0	28	0	0
1181	0	33	0	0
1182	0	28	0	0
1183	0	32	0	0
1184	0	22	0	0
1185	0	28	0	0
1186	1	31	0	0
1187	0	34	0	0
1188	0	31	0	0
1189	0	27	0	0
1190	0	28	0	0
1191	0	25	0	0
1192	1	33	0	0
1193	0	35	0	0
1194	1	33	0	0
1195	1	30	0	0
1196	1	41	0	0
1197	0	23	0	0
1198	0	32	0	0
1199	0	35	0	0
1200	0	27	0	0
1201	0	24	0	0
1202	0	38	0	0
1203	1	30	0	0
1204	0	30	0	0
1205	0	27	0	0
1206	1	25	0	0
1207	0	38	0	0
1208	0	25	0	0
1209	0	28	0	0
1210	0	30	0	0
1211	2	27	0	0
1212	1	28	0	0
1213	0	19	0	0
1214	0	30	0	0
1215	1	40	0	0
1216	0	22	0	0
1217	0	28	0	0
1218	2	35	0	0
1219	1	34	0	0
1220	0	23	0	0
1221	1	27	0	0
1222	1	29	0	0
1223	1	24	0	0
1224	0	22	0	0
1225	0	28	0	0
1226	0	26	0	0
1227	0	24	0	0
1228	0	29	0	0
1229	0	27	0	0
1230	0	22	0	0
1231	0	22	0	0
1232	0	27	0	0
1233	0	24	0	0
1234	0	28	0	0
1235	0	36	0	0
1236	1	26	0	0
1237	0	25	0	0
1238	1	17	0	0
1239	0	27	0	0
1240	1	28	0	0
1241	0	28	0	0
1242	0	28	0	0
1243	0	29	0	0
1244	0	24	0	0
1245	1	23	0	0
1246	0	24	0	0
1247	0	20	0	0
1248	1	22	0	0
1249	0	18	0	0
1250	1	22	0	0
1251	0	13	0	0
1252	1	27	0	0
1253	0	24	0	0
1254	1	32	0	0
1255	0	18	0	0
1256	0	17	0	0
1257	1	21	0	0
1258	0	20	0	0
1259	1	24	0	0
1260	0	26	0	0
1261	1	36	0	0
1262	0	31	0	0
1263	0	23	0	0
1264	0	26	0	0
1265	1	14	0	0
1266	0	28	0	0
1267	0	27	0	0
1268	1	30	0	0
1269	1	21	0	0
1270	0	19	0	0
1271	0	20	0	0
1272	1	18	0	0
1273	0	22	0	0
1274	1	24	0	0
1275	1	20	0	0
1276	1	22	0	0
1277	1	22	0	0
1278	1	19	0	0
1279	0	29	0	0
1280	0	23	0	0
1281	0	33	0	0
1282	0	24	0	0
1283	2	23	0	0
1284	0	16	0	0
1285	0	23	0	0
1286	0	19	0	0
1287	0	22	0	0
1288	2	25	0	0
1289	0	26	0	0
1290	0	31	0	0
1291	0	17	0	0
1292	1	16	0	0
1293	0	16	0	0
1294	1	19	0	0
1295	1	22	0	0
1296	0	22	0	0
1297	0	20	0	0
1298	1	16	0	0
1299	0	24	0	0
1300	0	21	0	0
1301	0	20	0	0
1302	2	22	0	0
1303	2	14	0	0
1304	2	10	0	0
1305	1	20	0	0
1306	0	21	0	0
1307	0	10	0	0
1308	0	19	0	0
1309	0	16	0	0
1310	1	26	0	0
1311	0	29	0	0
1312	0	19	0	0
1313	0	10	0	0
1314	1	21	0	0
1315	0	22	0	0
1316	0	21	0	0
1317	2	17	0	0
1318	0	23	0	0
1319	0	20	0	0
1320	2	15	0	0
1321	0	12	0	0
1322	0	15	0	0
1323	1	25	0	0
1324	1	16	0	0
1325	2	16	0	0
1326	0	13	0	0
1327	2	16	0	0
1328	1	14	0	0
1329	0	19	0	0
1330	2	19	0	0
1331	0	16	0	0
1332	2	18	0	0
1333	0	8	0	0
1334	0	18	0	0
1335	0	16	0	0
1336	2	18	0	0
1337	0	17	0	0
1338	1	15	0	0
1339	1	11	0	0
1340	1	12	0	0
1341	0	20	0	0
1342	0	14	0	0
1343	0	21	0	0
1344	1	13	0	0
1345	2	16	0	0
1346	2	13	0	0
1347	1	12	0	0
1348	2	20	0	0
1349	0	13	0	0
1350	0	15	0	0
1351	0	9	0	0
1352	0	15	0	0
1353	0	13	0	0
1354	0	18	0	0
1355	0	17	0	0
1356	0	22	0	0
1357	2	21	0	0
1358	0	12	0	0
1359	1	18	0	0
1360	1	15	0	0
1361	0	16	0	0
1362	1	21	0	0
1363	1	11	0	0
1364	0	11	0	0
1365	0	17	0	0
1366	1	7	0	0
1367	1	25	0	0
1368	0	12	0	0
1369	1	15	0	0
1370	1	21	0	0
1371	0	11	0	0
1372	1	14	0	0
1373	0	15	0	0
1374	2	18	0	0
1375	1	14	0	0
1376	0	10	0	0
1377	0	18	0	0
1378	1	14	0	0
1379	1	16	0	0
1380	0	16	0	0
1381	0	13	0	0
1382	1	12	0	0
1383	0	14	0	0
1384	0	16	0	0
1385	2	12	0	0
1386	2	9	0	0
1387	3	16	0	0
1388	1	14	0	0
1389	1	16	0	0
1390	1	11	0	0
1391	1	16	0	0
1392	1	14	0	0
1393	0	10	0	0
1394	0	8	0	0
1395	1	15	0	0
1396	1	15	0	0
1397	1	15	0	0
1398	0	11	0	0
1399	1	11	0	0
1400	0	26	0	0
1401	0	12	0	0
1402	1	13	0	0
1403	0	20	0	0
1404	2	16	0	0
1405	4	20	0	0
1406	1	16	0	0
1407	2	15	0	0
1408	0	13	0	0
1409	1	8	0	0
1410	0	17	0	0
1411	0	8	0	0
1412	1	17	0	0
1413	4	20	0	0
1414	0	15	0	0
1415	0	17	0	0
1416	0	14	0	0
1417	1	11	0	0
1418	1	13	0	0
1419	0	10	0	0
1420	0	16	0	0
1421	1	19	0	0
1422	2	7	0	0
1423	0	14	0	0
1424	2	15	0	0
1425	0	11	0	0
1426	2	14	0	0
1427	1	16	0	0
1428	2	5	0	0
1429	0	8	0	0
1430	1	11	0	0
1431	0	11	0	0
1432	1	9	0	0
1433	0	15	0	0
1434	0	12	0	0
1435	2	11	0	0
1436	1	8	0	0
1437	0	7	0	0
1438	0	12	0	0
1439	0	10	0	0
1440	0	8	0	0
1441	0	7	0	0
1442	0	10	0	0
1443	0	9	0	0
1444	1	6	0	0
1445	1	11	0	0
1446	2	10	0	0
1447	0	9	0	0
1448	0	9	0	0
1449	2	12	0	0
1450	0	9	0	0
1451	1	12	0	0
1452	0	7	0	0
1453	1	8	0	0
1454	0	9	0	0
1455	0	9	0	0
1456	2	15	0	0
1457	0	10	0	0
1458	0	14	0	0
1459	1	13	0	0
1460	0	8	0	0
1461	1	14	0	0
1462	0	12	0	0
1463	0	17	0	0
1464	1	9	0	0
1465	0	5	0	0
1466	1	10	0	0
1467	0	10	0	0
1468	0	9	0	0
1469	0	10	0	0
1470	1	11	0	0
1471	1	7	0	0
1472	1	5	0	0
1473	0	8	0	0
1474	1	16	0	0
1475	0	12	0	0
1476	0	8	0	0
1477	0	1	0	0
1478	1	12	0	0
1479	0	12	0	0
1480	1	6	0	0
1481	1	15	0	0
1482	1	15	0	0
1483	1	4	0	0
1484	1	8	0	0
1485	3	8	0	0
1486	1	10	0	0
1487	0	6	0	0
1488	1	11	0	0
1489	0	7	0	0
1490	2	12	0	0
1491	0	7	0	0
1492	0	4	0	0
1493	0	10	0	0
1494	1	12	0	0
1495	0	15	0	0
1496	3	6	0	0
1497	0	10	0	0
1498	2	10	0	0
1499	1	16	0	0
1500	0	12	0	0
1501	1	11	0	0
1502	0	2	0	0
1503	0	7	0	0
1504	2	5	0	0
1505	0	14	0	0
1506	1	10	0	0
1507	2	9	0	0
1508	0	6	0	0
1509	0	9	0	0
1510	1	11	0	0
1511	0	5	0	0
1512	2	6	0	0
1513	1	11	0	0
1514	0	11	0	0
1515	1	9	0	0
1516	0	7	0	0
1517	1	11	0	0
1518	0	10	0	0
1519	1	9	0	0
1520	0	7	0	0
1521	0	9	0	0
1522	0	4	0	0
1523	0	8	0	0
1524	1	7	0	0
1525	2	5	0	0
1526	0	7	0	0
1527	0	11	0	0
1528	2	4	0	0
1529	0	5	0	0
1530	0	8	0	0
1531	1	10	0	0
1532	0	10	0	0
1533	1	10	0	0
1534	0	6	0	0
1535	0	6	0	0
1536	3	6	0	0
1537	0	9	0	0
1538	2	8	0	0
1539	1	6	0	0
1540	1	9	0	0
1541	1	9	0	0
1542	1	4	0	0
1543	1	8	0	0
1544	0	6	0	0
1545	2	6	0	0
1546	2	6	0	0
1547	1	10	0	0
1548	2	5	0	0
1549	0	9	0	0
1550	2	12	0	0
1551	1	11	0	0
1552	0	9	0	0
1553	0	8	0	0
1554	1	11	0	0
1555	0	11	0	0
1556	1	6	0	0
1557	1	6	0	0
1558	1	5	0	0
1559	1	3	0	0
1560	1	6	0	0
1561	1	6	0	0
1562	2	6	0	0
1563	2	8	0	0
1564	3	6	0	0
1565	1	7	0	0
1566	1	7	0	0
1567	0	9	0	0
1568	1	7	0	0
1569	2	5	0	0
1570	0	7	0	0
1571	1	6	0	0
1572	1	7	0	0
1573	1	8	0	0
1574	1	9	0	0
1575	1	4	0	0
1576	0	7	0	0
1577	0	5	0	0
1578	0	10	0	0
1579	2	5	0	0
1580	2	9	0	0
1581	0	10	0	0
1582	0	6	0	0
1583	2	5	0	0
1584	0	5	0	0
1585	0	5	0	0
1586	0	2	0	0
1587	1	3	0	0
1588	2	10	0	0
1589	0	9	0	0
1590	1	4	0	0
1591	0	2	0	0
1592	1	3	0	0
1593	3	4	0	0
1594	0	4	0	0
1595	1	5	0	0
1596	1	8	0	0
1597	1	7	0	0
1598	3	4	0	0
1599	1	9	0	0
1600	0	4	0	0
1601	1	3	0	0
1602	0	4	0	0
1603	2	4	0	0
1604	2	3	0	0
1605	0	7	0	0
1606	1	7	0	0
1607	3	6	0	0
1608	1	9	0	0
1609	1	1	0	0
1610	0	5	0	0
1611	2	3	0	0
1612	1	7	0	0
1613	1	3	0	0
1614	1	4	0	0
1615	2	6	0	0
1616	0	1	0	0
1617	1	9	0	0
1618	1	8	0	0
1619	0	4	0	0
1620	0	4	0	0
1621	2	5	0	0
1622	1	1	0	0
1623	3	4	0	0
1624	3	2	0	0
1625	1	3	0	0
1626	0	3	0	0
1627	0	1	0	0
1628	0	4	0	0
1629	2	2	0	0
1630	0	4	0	0
1631	0	3	0	0
1632	1	7	0	0
1633	2	6	0	0
1634	1	4	0	0
1635	0	3	0	0
1636	1	6	0	0
1637	1	3	0	0
1638	2	8	0	0
1639	0	4	0	0
1640	1	5	0	0
1641	0	4	0	0
1642	0	4	0	0
1643	0	4	0	0
1644	0	3	0	0
1645	0	8	0	0
1646	0	4	0	0
1647	1	2	0	0
1648	1	4	0	0
1649	1	2	0	0
1650	1	4	0	0
1651	0	7	0	0
1652	2	3	0	0
1653	5	4	0	0
1654	2	7	0	0
1655	3	1	0	0
1656	1	10	0	0
1657	1	6	0	0
1658	1	1	0	0
1659	2	5	0	0
1660	1	6	0	0
1661	2	2	0	0
1662	1	7	0	0
1663	3	3	0	0
1664	0	4	0	0
1665	1	4	0	0
1666	0	6	0	0
1667	1	2	0	0
1668	0	10	0	0
1669	1	3	0	0
1670	0	5	0	0
1671	2	5	0	0
1672	1	3	0	0
1673	3	2	0	0
1674	2	5	0	0
1675	0	4	0	0
1676	1	3	0	0
1677	2	2	0	0
1678	1	4	0	0
1679	0	3	0	0
1680	1	4	0	0
1681	1	8	0	0
1682	3	1	0	0
1683	0	3	0	0
1684	2	5	0	0
1685	2	3	0	0
1686	0	8	0	0
1687	3	3	0	0
1688	2	5	0	0
1689	1	6	0	0
1690	0	4	0	0
1691	1	5	0	0
1692	0	4	0	0
1693	1	4	0	0
1694	1	4	0	0
1695	0	3	0	0
1696	1	5	0	0
1697	0	4	0	0
1698	2	3	0	0
1699	0	2	0	0
1700	1	6	0	0
1701	0	1	0	0
1702	0	3	0	0
1703	1	2	0	0
1704	3	4	0	0
1705	1	6	0	0
1706	1	1	0	0
1707	2	6	0	0
1708	1	7	0	0
1709	1	8	0	0
1710	0	3	0	0
1711	1	8	0	0
1712	0	3	0	0
1713	0	5	0	0
1714	0	1	0	0
1715	0	6	0	0
1716	0	2	0	0
1717	1	4	0	0
1718	1	3	0	0
1719	2	4	0	0
1720	2	3	0	0
1721	0	6	0	0
1722	0	3	0	0
1723	0	4	0	0
1724	0	7	0	0
1725	1	2	0	0
1726	2	4	0	0
1727	2	4	0	0
1728	0	2	0	0
1729	0	4	0	0
1730	2	2	0	0
1731	0	4	0	0
1732	1	4	0	0
1733	1	4	0	0
1734	0	6	0	0
1735	2	4	0	0
1736	1	2	0	0
1737	1	2	0	0
1738	3	5	0	0
1739	3	3	0	0
1740	1	7	0	0
1741	0	1	0	0
1742	2	6	0	0
1743	3	7	0	0
1744	1	2	0	0
1745	1	6	0	0
1746	2	1	0	0
1747	0	6	0	0
1748	1	0	0	0
1749	0	6	0	0
1750	0	2	0	0
1751	1	1	0	0
1752	0	6	0	0
1753	1	4	0	0
1754	2	5	0	0
1755	0	2	0	0
1756	1	4	0	0
1757	3	4	0	0
1758	1	4	0	0
1759	1	4	0	0
1760	0	7	0	0
1761	3	2	0	0
1762	4	0	0	0
1763	2	2	0	0
1764	1	4	0	0
1765	0	1	0	0
1766	0	1	0	0
1767	3	3	0	0
1768	1	2	0	0
1769	1	2	0	0
1770	1	0	0	0
1771	0	4	0	0
1772	2	6	0	0
1773	1	2	0	0
1774	1	3	0	0
1775	0	5	0	0
1776	0	2	0	0
1777	1	4	0	0
1778	0	3	0	0
1779	1	2	0	0
1780	1	4	0	0
1781	1	1	0	0
1782	1	3	0	0
1783	0	3	0	0
1784	0	1	0	0
1785	0	4	0	0
1786	1	2	0	0
1787	0	0	0	0
1788	1	6	0	0
1789	1	6	0	0
1790	0	1	0	0
1791	1	4	0	0
1792	1	1	0	0
1793	1	1	0	0
1794	0	3	0	0
1795	2	1	0	0
1796	0	2	0	0
1797	1	4	0	0
1798	0	4	0	0
1799	1	4	0	0
1800	2	4	0	0
1801	4	3	0	0
1802	1	10	0	0
1803	1	4	0	0
1804	2	3	0	0
1805	0	6	0	0
1806	0	2	0	0
1807	1	4	0	0
1808	0	2	0	0
1809	1	2	0	0
1810	0	2	0	0
1811	1	1	0	0
1812	1	5	0	0
1813	2	1	0	0
1814	3	4	0	0
1815	3	4	0	0
1816	1	3	0	0
1817	3	5	0	0
1818	2	0	0	0
1819	0	6	0	0
1820	1	4	0	0
1821	0	7	0	0
1822	0	3	0	0
1823	0	4	0	0
1824	0	1	0	0
1825	0	6	0	0
1826	1	3	0	0
1827	0	5	0	0
1828	0	3	0	0
1829	0	3	0	0
1830	1	3	0	0
1831	0	4	0	0
1832	0	2	0	0
1833	1	3	0	0
1834	1	3	0	0
1835	1	1	0	0
1836	1	2	0	0
1837	0	3	0	0
1838	0	2	0	0
1839	3	3	0	0
1840	1	2	0	0
1841	3	6	0	0
1842	2	2	0	0
1843	0	1	0	0
1844	1	4	0	0
1845	0	2	0	0
1846	2	3	0	0
1847	0	1	0	0
1848	1	6	0	0
1849	1	1	0	0
1850	3	0	0	0
1851	1	1	0	0
1852	2	1	0	0
1853	2	4	0	0
1854	1	4	0	0
1855	3	2	0	0
1856	0	2	0	0
1857	1	4	0	0
1858	2	0	0	0
1859	3	3	0	0
1860	1	4	0	0
1861	0	1	0	0
1862	0	1	0	0
1863	2	3	0	0
1864	0	1	0	0
1865	2	1	0	0
1866	3	5	0	0
1867	0	0	0	0
1868	0	1	0	0
1869	1	6	0	0
1870	1	3	0	0
1871	2	5	0	0
1872	0	1	0	0
1873	1	2	0	0
1874	0	5	0	0
1875	1	4	0	0
1876	2	5	0	0
1877	1	1	0	0
1878	1	5	0	0
1879	0	2	0	0
1880	1	1	0	0
1881	1	3	0	0
1882	2	3	0	0
1883	4	3	0	0
1884	1	5	0	0
1885	2	5	0	0
1886	1	2	0	0
1887	0	5	0	0
1888	1	2	0	0
1889	1	4	0	0
1890	2	4	0	0
1891	1	4	0	0
1892	0	4	0	0
1893	3	1	0	0
1894	1	4	0	0
1895	0	2	0	0
1896	1	3	0	0
1897	3	3	0	0
1898	0	1	0	0
1899	3	3	0	0
1900	2	3	0	0
1901	2	3	0	0
1902	0	1	0	0
1903	1	5	0	0
1904	2	3	0	0
1905	0	0	0	0
1906	1	1	0	0
1907	1	1	0	0
1908	3	4	0	0
1909	1	4	0	0
1910	4	2	0	0
1911	1	1	0	0
1912	3	3	0	0
1913	1	2	0	0
1914	2	3	0	0
1915	0	1	0	0
1916	1	1	0	0
1917	2	3	0	0
1918	2	2	0	0
1919	1	1	0	0
1920	0	3	0	0
1921	2	4	0	0
1922	3	2	0	0
1923	0	2	0	0
1924	1	2	0	0
1925	1	3	0	0
1926	1	1	0	0
1927	0	2	0	0
1928	2	4	0	0
1929	1	0	0	0
1930	0	4	0	0
1931	1	3	0	0
1932	1	2	0	0
1933	3	2	0	0
1934	0	3	0	0
1935	1	3	0	0
1936	1	1	0	0
1937	0	2	0	0
1938	3	3	0	0
1939	1	1	0	0
1940	2	1	0	0
1941	1	2	0	0
1942	1	3	0	0
1943	1	5	0	0
1944	1	1	0	0
1945	2	2	0	0
1946	2	3	0	0
1947	1	1	0	0
1948	1	1	0	0
1949	0	1	0	0
1950	1	3	0	0
1951	1	3	0	0
1952	1	1	0	0
1953	2	1	0	0
1954	2	4	0	0
1955	1	1	0	0
1956	0	2	0	0
1957	2	3	0	0
1958	1	1	0	0
1959	0	1	0	0
1960	2	1	0	0
1961	2	2	0	0
1962	2	3	0	0
1963	0	2	0	0
1964	0	4	0	0
1965	2	1	0	0
1966	1	3	0	0
1967	4	3	0	0
1968	0	3	0	0
1969	1	2	0	0
1970	0	2	0	0
1971	2	1	0	0
1972	3	1	0	0
1973	1	1	0	0
1974	0	5	0	0
1975	2	1	0	0
1976	1	7	0	0
1977	0	1	0	0
1978	2	4	0	0
1979	1	1	0	0
1980	1	2	0	0
1981	1	2	0	0
1982	0	3	0	0
1983	1	3	0	0
1984	0	2	0	0
1985	2	5	0	0
1986	1	1	0	0
1987	0	3	0	0
1988	1	0	0	0
1989	1	3	0	0
1990	5	2	0	0
1991	1	3	0	0
1992	3	1	0	0
1993	1	1	0	0
1994	1	4	0	0
1995	1	1	0	0
1996	2	5	0	0
1997	2	0	0	0
1998	1	5	0	0
1999	1	0	0	0
2000	1	2	0	0
2001	0	2	0	0
2002	5	1	0	0
2003	1	4	0	0
2004	3	3	0	0
2005	2	1	0	0
2006	2	0	0	0
2007	2	3	0	0
2008	1	2	0	0
2009	1	1	0	0
2010	5	2	0	0
2011	4	6	0	0
2012	2	1	0	0
2013	3	0	0	0
2014	0	0	0	0
2015	1	0	0	0
2016	0	3	0	0
2017	1	1	0	0
2018	2	1	0	0
2019	4	2	0	0
2020	1	1	0	0
2021	2	1	0	0
2022	2	1	0	0
2023	2	3	0	0
2024	1	2	0	0
2025	2	5	0	0
2026	4	3	0	0
2027	3	3	0	0
2028	3	3	0	0
2029	1	4	0	0
2030	1	3	0	0
2031	0	3	0	0
2032	0	2	0	0
2033	2	2	0	0
2034	0	8	0	0
2035	2	4	0	0
2036	1	1	0	0
2037	1	4	0	0
2038	2	2	0	0
2039	3	2	0	0
2040	1	1	0	0
2041	1	2	0	0
2042	2	0	0	0
2043	4	3	0	0
2044	0	0	0	0
2045	1	2	0	0
2046	2	1	0	0
2047	2	1	0	0
2048	2	2	0	0
2049	1	2	0	0
2050	0	3	0	0
2051	1	1	0	0
2052	0	2	0	0
2053	1	2	0	0
2054	1	3	0	0
2055	0	0	0	0
2056	0	7	0	0
2057	1	3	0	0
2058	0	4	0	0
2059	0	1	0	0
2060	1	2	0	0
2061	1	3	0	0
2062	3	3	0	0
2063	2	1	0	0
2064	5	3	0	0
2065	2	3	0	0
2066	0	0	0	0
2067	1	2	0	0
2068	2	2	0	0
2069	1	1	0	0
2070	1	4	0	0
2071	0	2	0	0
2072	1	2	0	0
2073	0	1	0	0
2074	0	3	0	0
2075	1	1	0	0
2076	2	3	0	0
2077	1	0	0	0
2078	2	2	0	0
2079	2	1	0	0
2080	1	3	0	0
2081	3	2	0	0
2082	4	1	0	0
2083	3	3	0	0
2084	3	1	0	0
2085	3	4	0	0
2086	4	2	0	0
2087	0	1	0	0
2088	0	2	0	0
2089	1	3	0	0
2090	2	1	0	0
2091	0	3	0	0
2092	1	1	0	0
2093	0	3	0	0
2094	2	3	0	0
2095	2	0	0	0
2096	1	0	0	0
2097	3	2	0	0
2098	3	3	0	0
2099	3	1	0	0
2100	2	1	0	0
2101	2	1	0	0
2102	3	1	0	0
2103	1	0	0	0
2104	2	1	0	0
2105	2	1	0	0
2106	2	4	0	0
2107	1	1	0	0
2108	2	1	0	0
2109	0	2	0	0
2110	2	1	0	0
2111	0	1	0	0
2112	1	1	0	0
2113	1	1	0	0
2114	1	5	0	0
2115	2	3	0	0
2116	1	1	0	0
2117	1	2	0	0
2118	0	3	0	0
2119	2	0	0	0
2120	2	1	0	0
2121	2	4	0	0
2122	0	1	0	0
2123	3	1	0	0
2124	0	3	0	0
2125	2	2	0	0
2126	2	2	0	0
2127	2	1	0	0
2128	2	2	0	0
2129	2	1	0	0
2130	1	0	0	0
2131	4	3	0	0
2132	1	2	0	0
2133	1	4	0	0
2134	0	3	0	0
2135	1	2	0	0
2136	3	3	0	0
2137	3	1	0	0
2138	2	1	0	0
2139	3	0	0	0
2140	0	0	0	0
2141	6	1	0	0
2142	1	2	0	0
2143	1	2	0	0
2144	2	0	0	0
2145	1	2	0	0
2146	3	2	0	0
2147	3	2	0	0
2148	1	1	0	0
2149	0	3	0	0
2150	1	1	0	0
2151	0	1	0	0
2152	0	2	0	0
2153	2	1	0	0
2154	1	3	0	0
2155	1	2	0	0
2156	2	1	0	0
2157	2	4	0	0
2158	1	0	0	0
2159	3	2	0	0
2160	3	2	0	0
2161	1	2	0	0
2162	2	2	0	0
2163	2	4	0	0
2164	4	2	0	0
2165	2	0	0	0
2166	4	4	0	0
2167	2	2	0	0
2168	2	3	0	0
2169	1	4	0	0
2170	0	1	0	0
2171	1	2	0	0
2172	1	4	0	0
2173	1	2	0	0
2174	2	3	0	0
2175	0	3	0	0
2176	2	3	0	0
2177	2	1	0	0
2178	1	1	0	0
2179	2	4	0	0
2180	1	1	0	0
2181	3	1	0	0
2182	0	3	0	0
2183	1	1	0	0
2184	4	2	0	0
2185	1	2	0	0
2186	2	5	0	0
2187	0	4	0	0
2188	2	2	0	0
2189	1	1	0	0
2190	0	3	0	0
2191	1	1	0	0
2192	1	2	0	0
2193	5	1	0	0
2194	3	3	0	0
2195	2	0	0	0
2196	0	2	0	0
2197	1	2	0	0
2198	2	2	0	0
2199	3	2	0	0
2200	2	2	0	0
2201	0	3	0	0
2202	0	4	0	0
2203	2	3	0	0
2204	1	4	0	0
2205	0	2	0	0
2206	2	2	0	0
2207	2	2	0	0
2208	1	4	0	0
2209	1	2	0	0
2210	4	3	0	0
2211	1	4	0	0
2212	0	3	0	0
2213	1	1	0	0
2214	1	3	0	0
2215	2	2	0	0
2216	1	3	0	0
2217	2	2	0	0
2218	2	0	0	0
2219	1	1	0	0
2220	1	1	0	0
2221	1	1	0	0
2222	0	1	0	0
2223	4	1	0	0
2224	0	5	0	0
2225	2	3	0	0
2226	3	1	0	0
2227	2	1	0	0
2228	1	1	0	0
2229	3	2	0	0
2230	2	0	0	0
2231	4	2	0	0
2232	0	0	0	0
2233	3	0	0	0
2234	2	1	0	0
2235	0	2	0	0
2236	2	3	0	0
2237	1	1	0	0
2238	2	2	0	0
2239	1	1	0	0
2240	1	1	0	0
2241	0	6	0	0
2242	0	0	0	0
2243	0	0	0	0
2244	1	4	0	0
2245	3	1	0	0
2246	0	3	0	0
2247	3	3	0	0
2248	2	2	0	0
2249	2	3	0	0
2250	0	3	0	0
2251	1	2	0	0
2252	0	0	0	0
2253	0	0	0	0
2254	2	3	0	0
2255	0	2	0	0
2256	0	2	0	0
2257	0	3	0	0
2258	2	3	0	0
2259	0	5	0	0
2260	3	4	0	0
2261	3	2	0	0
2262	2	0	0	0
2263	2	3	0	0
2264	1	4	0	0
2265	2	0	0	0
2266	2	3	0	0
2267	1	3	0	0
2268	0	3	0	0
2269	1	4	0	0
2270	0	3	0	0
2271	3	2	0	0
2272	0	1	0	0
2273	0	1	0	0
2274	0	0	0	0
2275	0	0	0	0
2276	1	3	0	0
2277	0	3	0	0
2278	3	1	0	0
2279	1	2	0	0
2280	2	2	0	0
2281	2	2	0	0
2282	1	1	0	0
2283	0	1	0	0
2284	1	1	0	0
2285	1	0	0	0
2286	1	4	0	0
2287	1	3	0	0
2288	2	6	0	0
2289	2	0	0	0
2290	1	3	0	0
2291	1	2	0	0
2292	1	3	0	0
2293	0	1	0	0
2294	1	2	0	0
2295	4	0	0	0
2296	1	0	0	0
2297	0	0	0	0
2298	1	1	0	0
2299	2	1	0	0
2300	1	2	0	0
2301	0	1	0	0
2302	0	0	0	0
2303	4	2	0	0
2304	3	2	0	0
2305	3	3	0	0
2306	4	5	0	0
2307	1	0	0	0
2308	0	1	0	0
2309	1	1	0	0
2310	2	1	0	0
2311	4	2	0	0
2312	1	3	0	0
2313	3	2	0	0
2314	0	3	0	0
2315	1	2	0	0
2316	1	1	0	0
2317	1	1	0	0
2318	1	0	0	0
2319	0	2	0	0
2320	2	4	0	0
2321	1	1	0	0
2322	6	2	0	0
2323	4	3	0	0
2324	1	1	0	0
2325	3	2	0	0
2326	2	3	0	0
2327	2	1	0	0
2328	2	0	0	0
2329	0	0	0	0
2330	1	1	0	0
2331	1	2	0	0
2332	0	1	0	0
2333	1	0	0	0
2334	0	2	0	0
2335	2	4	0	0
2336	0	2	0	0
2337	1	3	0	0
2338	1	1	0	0
2339	1	1	0	0
2340	2	1	0	0
2341	1	2	0	0
2342	1	3	0	0
2343	1	2	0	0
2344	1	0	0	0
2345	3	2	0	0
2346	1	2	0	0
2347	3	2	0	0
2348	4	1	0	0
2349	2	1	0	0
2350	1	2	0	0
2351	1	1	0	0
2352	0	2	0	0
2353	0	2	0	0
2354	2	0	0	0
2355	1	4	0	0
2356	2	1	0	0
2357	2	0	0	0
2358	1	1	0	0
2359	1	3	0	0
2360	2	2	0	0
2361	0	4	0	0
2362	1	2	0	0
2363	3	2	0	0
2364	1	5	0	0
2365	0	1	0	0
2366	2	1	0	0
2367	2	1	0	0
2368	1	0	0	0
2369	2	2	0	0
2370	0	2	0	0
2371	1	1	0	0
2372	0	1	0	0
2373	3	3	0	0
2374	1	1	0	0
2375	1	2	0	0
2376	1	2	0	0
2377	0	2	0	0
2378	0	3	0	0
2379	2	1	0	0
2380	0	1	0	0
2381	2	4	0	0
2382	1	0	0	0
2383	1	1	0	0
2384	1	2	0	0
2385	1	0	0	0
2386	0	2	0	0
2387	1	4	0	0
2388	0	3	0	0
2389	0	0	0	0
2390	1	1	0	0
2391	1	4	0	0
2392	0	2	0	0
2393	3	1	0	0
2394	1	2	0	0
2395	0	2	0	0
2396	3	2	0	0
2397	1	2	0	0
2398	1	1	0	0
2399	4	4	0	0
2400	0	5	0	0
2401	1	2	0	0
2402	5	2	0	0
2403	1	0	0	0
2404	1	2	0	0
2405	1	0	0	0
2406	4	2	0	0
2407	1	4	0	0
2408	3	2	0	0
2409	1	4	0	0
2410	2	2	0	0
2411	2	1	0	0
2412	2	3	0	0
2413	1	2	0	0
2414	1	1	0	0
2415	4	2	0	0
2416	2	3	0	0
2417	1	2	0	0
2418	0	0	0	0
2419	0	3	0	0
2420	3	1	0	0
2421	1	0	0	0
2422	2	2	0	0
2423	1	2	0	0
2424	3	4	0	0
2425	2	1	0	0
2426	1	1	0	0
2427	0	0	0	0
2428	0	4	0	0
2429	1	3	0	0
2430	0	5	0	0
2431	2	1	0	0
2432	1	1	0	0
2433	0	1	0	0
2434	0	1	0	0
2435	0	4	0	0
2436	0	0	0	0
2437	0	3	0	0
2438	0	3	0	0
2439	2	1	0	0
2440	0	2	0	0
2441	1	0	0	0
2442	2	4	0	0
2443	2	1	0	0
2444	4	1	0	0
2445	2	1	0	0
2446	0	0	0	0
2447	1	1	0	0
2448	1	4	0	0
2449	1	4	0	0
2450	0	0	0	0
2451	1	3	0	0
2452	1	1	0	0
2453	2	4	0	0
2454	1	1	0	0
2455	4	0	0	0
2456	1	1	0	0
2457	1	3	0	0
2458	1	2	0	0
2459	3	1	0	0
2460	1	2	0	0
2461	3	3	0	0
2462	3	4	0	0
2463	1	3	0	0
2464	1	1	0	0
2465	0	1	0	0
2466	2	2	0	0
2467	0	3	0	0
2468	1	2	0	0
2469	1	0	0	0
2470	4	4	0	0
2471	3	1	0	0
2472	2	3	0	0
2473	2	1	0	0
2474	1	5	0	0
2475	1	5	0	0
2476	0	1	0	0
2477	1	3	0	0
2478	0	0	0	0
2479	0	3	0	0
2480	1	0	0	0
2481	1	1	0	0
2482	2	1	0	0
2483	1	2	0	0
2484	0	1	0	0
2485	1	4	0	0
2486	0	0	0	0
2487	1	2	0	0
2488	1	2	0	0
2489	1	3	0	0
2490	0	1	0	0
2491	2	4	0	0
2492	0	4	0	0
2493	4	0	0	0
2494	0	3	0	0
2495	1	1	0	0
2496	0	1	0	0
2497	2	1	0	0
2498	0	0	0	0
2499	2	0	0	0
2500	1	0	0	0
2501	1	4	0	0
2502	5	5	0	0
2503	0	0	0	0
2504	0	2	0	0
2505	1	0	0	0
2506	2	0	0	0
2507	1	2	0	0
2508	2	2	0	0
2509	3	2	0	0
2510	2	3	0	0
2511	4	1	0	0
2512	0	2	0	0
2513	0	1	0	0
2514	2	1	0	0
2515	1	3	0	0
2516	1	1	0	0
2517	2	0	0	0
2518	1	2	0	0
2519	1	3	0	0
2520	0	5	0	0
2521	3	2	0	0
2522	0	0	0	0
2523	3	2	0	0
2524	0	0	0	0
2525	1	2	0	0
2526	1	0	0	0
2527	1	4	0	0
2528	1	0	0	0
2529	2	2	0	0
2530	0	0	0	0
2531	3	2	0	0
2532	1	1	0	0
2533	1	1	0	0
2534	2	3	0	0
2535	1	2	0	0
2536	2	2	0	0
2537	1	3	0	0
2538	3	3	0	0
2539	1	1	0	0
2540	1	2	0	0
2541	1	0	0	0
2542	1	5	0	0
2543	0	2	0	0
2544	0	0	0	0
2545	3	2	0	0
2546	1	2	0	0
2547	2	4	0	0
2548	2	1	0	0
2549	1	1	0	0
2550	0	0	0	0
2551	2	2	0	0
2552	0	1	0	0
2553	1	2	0	0
2554	0	4	0	0
2555	6	2	0	0
2556	6	1	0	0
2557	0	2	0	0
2558	1	1	0	0
2559	2	2	0	0
2560	5	2	0	0
2561	0	1	0	0
2562	2	2	0	0
2563	0	1	0	0
2564	0	4	0	0
2565	0	0	0	0
2566	0	1	0	0
2567	0	2	0	0
2568	0	3	0	0
2569	1	2	0	0
2570	1	5	0	0
2571	1	1	0	0
2572	2	2	0	0
2573	1	2	0	0
2574	2	0	0	0
2575	2	5	0	0
2576	1	3	0	0
2577	2	2	0	0
2578	0	3	0	0
2579	1	3	0	0
2580	0	4	0	0
2581	0	3	0	0
2582	3	4	0	0
2583	1	0	0	0
2584	2	2	0	0
2585	1	2	0	0
2586	2	2	0	0
2587	1	1	0	0
2588	0	4	0	0
2589	3	0	0	0
2590	1	4	0	0
2591	0	0	0	0
2592	2	1	0	0
2593	0	2	0	0
2594	3	1	0	0
2595	2	1	0	0
2596	1	0	0	0
2597	1	1	0	0
2598	3	2	0	0
2599	2	0	0	0
2600	0	1	0	0
2601	0	1	0	0
2602	1	1	0	0
2603	1	0	0	0
2604	0	3	0	0
2605	1	3	0	0
2606	2	0	0	0
2607	0	1	0	0
2608	0	1	0	0
2609	0	5	0	0
2610	0	3	0	0
2611	2	2	0	0
2612	2	3	0	0
2613	1	4	0	0
2614	2	1	0	0
2615	4	3	0	0
2616	0	3	0	0
2617	1	1	0	0
2618	2	2	0	0
2619	0	2	0	0
2620	1	4	0	0
2621	2	5	0	0
2622	0	3	0	0
2623	1	3	0	0
2624	3	3	0	0
2625	2	3	0	0
2626	2	0	0	0
2627	2	2	0	0
2628	2	3	0	0
2629	2	1	0	0
2630	1	0	0	0
2631	0	2	0	0
2632	2	3	0	0
2633	0	1	0	0
2634	1	3	0	0
2635	3	2	0	0
2636	2	2	0	0
2637	1	0	0	0
2638	4	0	0	0
2639	0	1	0	0
2640	3	4	0	0
2641	2	0	0	0
2642	1	2	0	0
2643	0	4	0	0
2644	1	5	0	0
2645	1	1	0	0
2646	2	2	0	0
2647	1	1	0	0
2648	0	3	0	0
2649	2	3	0	0
2650	2	0	0	0
2651	2	1	0	0
2652	3	2	0	0
2653	1	1	0	0
2654	1	2	0	0
2655	2	3	0	0
2656	0	2	0	0
2657	0	3	0	0
2658	2	4	0	0
2659	0	1	0	0
2660	0	2	0	0
2661	0	1	0	0
2662	2	1	0	0
2663	2	3	0	0
2664	3	3	0	0
2665	3	3	0	0
2666	0	2	0	0
2667	1	4	0	0
2668	5	2	0	0
2669	1	3	0	0
2670	2	1	0	0
2671	0	2	0	0
2672	0	2	0	0
2673	3	0	0	0
2674	1	1	0	0
2675	1	1	0	0
2676	0	0	0	0
2677	1	1	0	0
2678	2	1	0	0
2679	2	0	0	0
2680	0	2	0	0
2681	1	3	0	0
2682	4	6	0	0
2683	2	0	0	0
2684	1	5	0	0
2685	4	3	0	0
2686	0	5	0	0
2687	3	4	0	0
2688	2	2	0	0
2689	1	2	0	0
2690	0	0	0	0
2691	3	2	0	0
2692	1	1	0	0
2693	3	1	0	0
2694	1	2	0	0
2695	0	1	0	0
2696	4	3	0	0
2697	0	3	0	0
2698	0	3	0	0
2699	3	3	0	0
2700	1	3	0	0
2701	0	1	0	0
2702	2	1	0	0
2703	1	0	0	0
2704	1	2	0	0
2705	0	1	0	0
2706	0	1	0	0
2707	2	1	0	0
2708	0	3	0	0
2709	1	0	0	0
2710	1	1	0	0
2711	0	3	0	0
2712	4	2	0	0
2713	3	2	0	0
2714	0	1	0	0
2715	0	0	0	0
2716	2	1	0	0
2717	1	2	0	0
2718	2	2	0	0
2719	0	2	0	0
2720	2	2	0	0
2721	1	3	0	0
2722	3	2	0	0
2723	1	2	0	0
2724	0	1	0	0
2725	3	2	0	0
2726	1	1	0	0
2727	2	7	0	0
2728	3	2	0	0
2729	3	1	0	0
2730	2	0	0	0
2731	2	2	0	0
2732	0	4	0	0
2733	0	3	0	0
2734	3	3	0	0
2735	1	5	0	0
2736	0	2	0	0
2737	0	4	0	0
2738	0	2	0	0
2739	1	0	0	0
2740	1	0	0	0
2741	1	4	0	0
2742	5	1	0	0
2743	2	2	0	0
2744	0	1	0	0
2745	0	2	0	0
2746	1	5	0	0
2747	1	1	0	0
2748	1	1	0	0
2749	0	0	0	0
2750	5	2	0	0
2751	2	4	0	0
2752	0	0	0	0
2753	2	2	0	0
2754	0	2	0	0
2755	2	1	0	0
2756	3	0	0	0
2757	3	0	0	0
2758	1	0	0	0
2759	2	2	0	0
2760	1	2	0	0
2761	0	2	0	0
2762	3	3	0	0
2763	3	1	0	0
2764	3	3	0	0
2765	0	1	0	0
2766	1	0	0	0
2767	2	3	0	0
2768	1	3	0	0
2769	1	3	0	0
2770	2	3	0	0
2771	1	0	0	0
2772	4	1	0	0
2773	2	1	0	0
2774	0	0	0	0
2775	1	2	0	0
2776	2	2	0	0
2777	3	2	0	0
2778	0	1	0	0
2779	1	2	0	0
2780	4	0	0	0
2781	3	1	0	0
2782	2	4	0	0
2783	0	1	0	0
2784	1	0	0	0
2785	3	2	0	0
2786	2	3	0	0
2787	0	1	0	0
2788	1	1	0	0
2789	2	2	0	0
2790	1	3	0	0
2791	0	2	0	0
2792	2	3	0	0
2793	4	0	0	0
2794	1	0	0	0
2795	0	1	0	0
2796	3	1	0	0
2797	1	2	0	0
2798	0	2	0	0
2799	1	4	0	0
2800	2	1	0	0
2801	1	3	0	0
2802	2	2	0	0
2803	4	2	0	0
2804	1	4	0	0
2805	0	2	0	0
2806	2	4	0	0
2807	1	3	0	0
2808	1	4	0	0
2809	2	1	0	0
2810	2	4	0	0
2811	1	3	0	0
2812	2	2	0	0
2813	3	4	0	0
2814	1	0	0	0
2815	0	0	0	0
2816	1	1	0	0
2817	2	3	0	0
2818	1	1	0	0
2819	1	1	0	0
2820	2	3	0	0
2821	2	3	0	0
2822	1	1	0	0
2823	2	2	0	0
2824	1	3	0	0
2825	1	1	0	0
2826	2	0	0	0
2827	1	2	0	0
2828	0	0	0	0
2829	0	4	0	0
2830	2	0	0	0
2831	2	1	0	0
2832	2	1	0	0
2833	3	1	0	0
2834	1	1	0	0
2835	3	1	0	0
2836	0	1	0	0
2837	1	1	0	0
2838	1	1	0	0
2839	2	0	0	0
2840	0	1	0	0
2841	4	3	0	0
2842	3	2	0	0
2843	2	1	0	0
2844	2	2	0	0
2845	2	2	0	0
2846	1	4	0	0
2847	2	1	0	0
2848	1	4	0	0
2849	1	1	0	0
2850	3	1	0	0
2851	0	1	0	0
2852	1	3	0	0
2853	3	2	0	0
2854	2	4	0	0
2855	3	2	0	0
2856	2	3	0	0
2857	1	1	0	0
2858	3	1	0	0
2859	3	1	0	0
2860	2	6	0	0
2861	1	2	0	0
2862	1	2	0	0
2863	1	2	0	0
2864	1	2	0	0
2865	3	2	0	0
2866	1	3	0	0
2867	3	2	0	0
2868	1	2	0	0
2869	0	4	0	0
2870	2	0	0	0
2871	0	4	0	0
2872	2	0	0	0
2873	2	1	0	0
2874	1	3	0	0
2875	0	2	0	0
2876	0	2	0	0
2877	3	1	0	0
2878	2	1	0	0
2879	2	2	0	0
2880	4	2	0	0
2881	2	2	0	0
2882	2	2	0	0
2883	2	2	0	0
2884	1	3	0	0
2885	0	4	0	0
2886	2	1	0	0
2887	1	2	0	0
2888	0	3	0	0
2889	1	2	0	0
2890	0	2	0	0
2891	2	1	0	0
2892	1	3	0	0
2893	1	1	0	0
2894	1	3	0	0
2895	1	0	0	0
2896	3	2	0	0
2897	2	1	0	0
2898	1	0	0	0
2899	0	1	0	0
2900	1	2	0	0
2901	0	4	0	0
2902	1	5	0	0
2903	1	0	0	0
2904	2	1	0	0
2905	2	3	0	0
2906	0	1	0	0
2907	0	1	0	0
2908	0	3	0	0
2909	2	1	0	0
2910	2	2	0	0
2911	2	6	0	0
2912	0	1	0	0
2913	1	4	0	0
2914	0	2	0	0
2915	2	0	0	0
2916	0	3	0	0
2917	0	5	0	0
2918	1	2	0	0
2919	4	3	0	0
2920	1	1	0	0
2921	0	3	0	0
2922	2	2	0	0
2923	0	2	0	0
2924	1	4	0	0
2925	2	2	0	0
2926	1	2	0	0
2927	3	1	0	0
2928	2	0	0	0
2929	2	1	0	0
2930	0	2	0	0
2931	0	1	0	0
2932	1	2	0	0
2933	4	3	0	0
2934	1	5	0	0
2935	0	1	0	0
2936	1	1	0	0
2937	2	1	0	0
2938	2	3	0	0
2939	2	4	0	0
2940	2	2	0	0
2941	0	4	0	0
2942	0	3	0	0
2943	3	0	0	0
2944	2	2	0	0
2945	0	1	0	0
2946	3	2	0	0
2947	2	4	0	0
2948	2	0	0	0
2949	2	1	0	0
2950	1	1	0	0
2951	1	1	0	0
2952	0	1	0	0
2953	1	3	0	0
2954	0	1	0	0
2955	1	1	0	0
2956	0	3	0	0
2957	0	2	0	0
2958	1	1	0	0
2959	0	0	0	0
2960	1	0	0	0
2961	0	1	0	0
2962	0	1	0	0
2963	1	5	0	0
2964	1	7	0	0
2965	0	0	0	0
2966	3	1	0	0
2967	1	2	0	0
2968	2	1	0	0
2969	0	1	0	0
2970	2	1	0	0
2971	5	0	0	0
2972	3	2	0	0
2973	0	1	0	0
2974	2	2	0	0
2975	0	0	0	0
2976	0	4	0	0
2977	1	0	0	0
2978	2	1	0	0
2979	3	1	0	0
2980	3	2	0	0
2981	2	1	0	0
2982	0	3	0	0
2983	2	1	0	0
2984	0	1	0	0
2985	1	2	0	0
2986	1	2	0	0
2987	2	1	0	0
2988	2	1	0	0
2989	0	1	0	0
2990	1	1	0	0
2991	1	3	0	0
2992	2	1	0	0
2993	0	1	0	0
2994	0	3	0	0
2995	1	1	0	0
2996	0	2	0	0
2997	0	1	0	0
2998	0	1	0	0
2999	1	3	0	0
3000	1	0	0	0
3001	3	2	0	0
3002	2	1	0	0
3003	1	3	0	0
3004	0	2	0	0
3005	0	1	0	0
3006	0	2	0	0
3007	1	2	0	0
3008	2	3	0	0
3009	2	3	0	0
3010	2	1	0	0
3011	3	2	0	0
3012	1	1	0	0
3013	2	3	0	0
3014	4	1	0	0
3015	1	5	0	0
3016	1	3	0	0
3017	0	2	0	0
3018	1	1	0	0
3019	0	1	0	0
3020	0	2	0	0
3021	1	2	0	0
3022	0	2	0	0
3023	0	3	0	0
3024	0	0	0	0
3025	0	0	0	0
3026	1	2	0	0
3027	2	0	0	0
3028	2	1	0	0
3029	1	3	0	0
3030	0	1	0	0
3031	2	0	0	0
3032	2	4	0	0
3033	0	3	0	0
3034	1	1	0	0
3035	0	1	0	0
3036	1	3	0	0
3037	3	0	0	0
3038	1	2	0	0
3039	1	2	0	0
3040	1	4	0	0
3041	1	0	0	0
3042	0	0	0	0
3043	2	1	0	0
3044	1	1	0	0
3045	3	0	0	0
3046	1	2	0	0
3047	2	2	0	0
3048	2	4	0	0
3049	1	1	0	0
3050	1	2	0	0
3051	4	1	0	0
3052	1	2	0	0
3053	0	1	0	0
3054	3	2	0	0
3055	2	1	0	0
3056	1	3	0	0
3057	2	3	0	0
3058	1	3	0	0
3059	2	2	0	0
3060	4	0	0	0
3061	1	3	0	0
3062	3	6	0	0
3063	0	2	0	0
3064	1	1	0	0
3065	0	1	0	0
3066	1	1	0	0
3067	1	0	0	0
3068	0	1	0	0
3069	1	0	0	0
3070	2	0	0	0
3071	2	1	0	0
3072	1	3	0	0
3073	2	0	0	0
3074	1	5	0	0
3075	1	2	0	0
3076	1	4	0	0
3077	1	1	0	0
3078	1	0	0	0
3079	0	4	0	0
3080	1	3	0	0
3081	2	3	0	0
3082	3	2	0	0
3083	0	0	0	0
3084	3	2	0	0
3085	2	3	0	0
3086	0	0	0	0
3087	0	1	0	0
3088	1	1	0	0
3089	2	1	0	0
3090	1	1	0	0
3091	1	3	0	0
3092	0	0	0	0
3093	2	0	0	0
3094	0	2	0	0
3095	1	4	0	0
3096	1	4	0	0
3097	2	0	0	0
3098	1	3	0	0
3099	1	1	0	0
3100	1	3	0	0
3101	0	0	0	0
3102	0	2	0	0
3103	2	1	0	0
3104	1	2	0	0
3105	1	1	0	0
3106	0	3	0	0
3107	2	1	0	0
3108	2	3	0	0
3109	1	1	0	0
3110	3	2	0	0
3111	0	3	0	0
3112	4	1	0	0
3113	1	1	0	0
3114	1	1	0	0
3115	3	4	0	0
3116	0	0	0	0
3117	4	1	0	0
3118	2	0	0	0
3119	1	3	0	0
3120	1	1	0	0
3121	1	1	0	0
3122	0	3	0	0
3123	1	1	0	0
3124	1	0	0	0
3125	2	2	0	0
3126	0	2	0	0
3127	0	1	0	0
3128	3	1	0	0
3129	1	2	0	0
3130	1	0	0	0
3131	0	3	0	0
3132	1	1	0	0
3133	0	0	0	0
3134	1	1	0	0
3135	0	2	0	0
3136	2	1	0	0
3137	0	2	0	0
3138	1	1	0	0
3139	0	1	0	0
3140	1	1	0	0
3141	1	4	0	0
3142	1	2	0	0
3143	3	1	0	0
3144	1	0	0	0
3145	1	1	0	0
3146	2	1	0	0
3147	1	1	0	0
3148	1	3	0	0
3149	2	2	0	0
3150	0	0	0	0
3151	0	1	0	0
3152	2	1	0	0
3153	1	2	0	0
3154	1	0	0	0
3155	1	0	0	0
3156	0	1	0	0
3157	0	1	0	0
3158	0	4	0	0
3159	0	3	0	0
3160	0	1	0	0
3161	3	3	0	0
3162	1	1	0	0
3163	0	1	0	0
3164	1	2	0	0
3165	0	0	0	0
3166	3	1	0	0
3167	1	3	0	0
3168	0	1	0	0
3169	1	1	0	0
3170	3	3	0	0
3171	0	1	0	0
3172	0	2	0	0
3173	0	1	0	0
3174	3	2	0	0
3175	0	1	0	0
3176	1	2	0	0
3177	1	4	0	0
3178	0	0	0	0
3179	1	1	0	0
3180	1	1	0	0
3181	2	0	0	0
3182	0	1	0	0
3183	3	2	0	0
3184	0	0	0	0
3185	0	4	0	0
3186	0	1	0	0
3187	2	1	0	0
3188	2	0	0	0
3189	2	2	0	0
3190	1	2	0	0
3191	2	2	0	0
3192	0	0	0	0
3193	0	0	0	0
3194	3	2	0	0
3195	2	1	0	0
3196	1	0	0	0
3197	0	3	0	0
3198	0	0	0	0
3199	0	1	0	0
3200	2	3	0	0
3201	1	3	0	0
3202	0	2	0	0
3203	0	2	0	0
3204	1	6	0	0
3205	0	1	0	0
3206	0	1	0	0
3207	1	3	0	0
3208	0	2	0	0
3209	1	1	0	0
3210	0	2	0	0
3211	0	0	0	0
3212	1	3	0	0
3213	2	2	0	0
3214	0	4	0	0
3215	1	1	0	0
3216	1	3	0	0
3217	0	0	0	0
3218	1	2	0	0
3219	0	3	0	0
3220	1	1	0	0
3221	0	0	0	0
3222	1	1	0	0
3223	1	1	0	0
3224	0	2	0	0
3225	1	0	0	0
3226	1	4	0	0
3227	2	1	0	0
3228	1	4	0	0
3229	2	3	0	0
3230	0	0	0	0
3231	0	0	0	0
3232	1	1	0	0
3233	0	4	0	0
3234	2	3	0	0
3235	5	2	0	0
3236	0	1	0	0
3237	1	5	0	0
3238	1	3	0	0
3239	2	0	0	0
3240	1	2	0	0
3241	2	2	0	0
3242	0	2	0	0
3243	2	3	0	0
3244	0	1	0	0
3245	1	0	0	0
3246	2	2	0	0
3247	0	0	0	0
3248	0	3	0	0
3249	1	1	0	0
3250	3	2	0	0
3251	1	3	0	0
3252	2	1	0	0
3253	3	3	0	0
3254	0	0	0	0
3255	3	0	0	0
3256	0	2	0	0
3257	1	3	0	0
3258	1	0	0	0
3259	2	3	0	0
3260	1	4	0	0
3261	1	4	0	0
3262	1	4	0	0
3263	1	2	0	0
3264	0	1	0	0
3265	3	1	0	0
3266	3	1	0	0
3267	0	3	0	0
3268	1	4	0	0
3269	0	3	0	0
3270	0	2	0	0
3271	2	1	0	0
3272	0	3	0	0
3273	1	1	0	0
3274	0	1	0	0
3275	1	1	0	0
3276	1	2	0	0
3277	3	1	0	0
3278	1	1	0	0
3279	0	1	0	0
3280	2	0	0	0
3281	0	2	0	0
3282	2	3	0	0
3283	1	1	0	0
3284	0	2	0	0
3285	1	2	0	0
3286	1	1	0	0
3287	1	3	0	0
3288	0	4	0	0
3289	1	1	0	0
3290	2	3	0	0
3291	1	2	0	0
3292	2	0	0	0
3293	1	2	0	0
3294	1	1	0	0
3295	2	1	0	0
3296	2	2	0	0
3297	0	2	0	0
3298	0	5	0	0
3299	1	0	0	0
3300	1	3	0	0
3301	1	2	0	0
3302	3	1	0	0
3303	3	0	0	0
3304	1	1	0	0
3305	1	0	0	0
3306	0	1	0	0
3307	1	0	0	0
3308	3	3	0	0
3309	0	3	0	0
3310	0	1	0	0
3311	0	1	0	0
3312	1	5	0	0
3313	2	0	0	0
3314	2	2	0	0
3315	1	2	0	0
3316	1	0	0	0
3317	1	1	0	0
3318	2	2	0	0
3319	2	0	0	0
3320	1	1	0	0
3321	0	0	0	0
3322	1	1	0	0
3323	1	0	0	0
3324	2	0	0	0
3325	0	0	0	0
3326	0	0	0	0
3327	2	2	0	0
3328	2	3	0	0
3329	0	3	0	0
3330	0	2	0	0
3331	2	1	0	0
3332	1	3	0	0
3333	1	2	0	0
3334	2	0	0	0
3335	2	2	0	0
3336	3	1	0	0
3337	1	4	0	0
3338	1	2	0	0
3339	0	2	0	0
3340	0	2	0	0
3341	1	1	0	0
3342	0	2	0	0
3343	0	1	0	0
3344	0	2	0	0
3345	2	1	0	0
3346	2	4	0	0
3347	1	1	0	0
3348	4	2	0	0
3349	1	1	0	0
3350	1	1	0	0
3351	1	5	0	0
3352	1	2	0	0
3353	3	3	0	0
3354	0	3	0	0
3355	4	1	0	0
3356	0	0	0	0
3357	1	0	0	0
3358	1	3	0	0
3359	0	1	0	0
3360	3	4	0	0
3361	2	1	0	0
3362	3	2	0	0
3363	0	0	0	0
3364	2	2	0	0
3365	1	0	0	0
3366	2	3	0	0
3367	3	3	0	0
3368	1	1	0	0
3369	3	2	0	0
3370	1	2	0	0
3371	0	2	0	0
3372	3	0	0	0
3373	2	3	0	0
3374	2	2	0	0
3375	1	3	0	0
3376	0	1	0	0
3377	1	1	0	0
3378	1	1	0	0
3379	1	0	0	0
3380	1	1	0	0
3381	1	0	0	0
3382	0	1	0	0
3383	0	3	0	0
3384	0	1	0	0
3385	1	0	0	0
3386	0	4	0	0
3387	1	2	0	0
3388	0	3	0	0
3389	0	0	0	0
3390	1	0	0	0
3391	0	0	0	0
3392	1	1	0	0
3393	4	2	0	0
3394	0	1	0	0
3395	1	0	0	0
3396	1	0	0	0
3397	0	2	0	0
3398	0	2	0	0
3399	0	1	0	0
3400	1	2	0	0
3401	0	0	0	0
3402	3	1	0	0
3403	2	1	0	0
3404	1	1	0	0
3405	0	3	0	0
3406	1	0	0	0
3407	1	0	0	0
3408	2	1	0	0
3409	2	1	0	0
3410	2	2	0	0
3411	2	4	0	0
3412	1	1	0	0
3413	2	0	0	0
3414	2	2	0	0
3415	1	2	0	0
3416	2	1	0	0
3417	0	4	0	0
3418	1	2	0	0
3419	1	5	0	0
3420	3	4	0	0
3421	0	0	0	0
3422	0	2	0	0
3423	3	1	0	0
3424	1	1	0	0
3425	0	1	0	0
3426	1	3	0	0
3427	2	0	0	0
3428	0	2	0	0
3429	2	1	0	0
3430	1	1	0	0
3431	0	3	0	0
3432	0	0	0	0
3433	1	1	0	0
3434	0	2	0	0
3435	0	0	0	0
3436	1	0	0	0
3437	0	0	0	0
3438	0	5	0	0
3439	0	0	0	0
3440	2	1	0	0
3441	0	3	0	0
3442	0	2	0	0
3443	3	0	0	0
3444	1	1	0	0
3445	1	2	0	0
3446	0	1	0	0
3447	0	2	0	0
3448	1	2	0	0
3449	0	0	0	0
3450	2	2	0	0
3451	2	1	0	0
3452	0	1	0	0
3453	2	0	0	0
3454	3	2	0	0
3455	2	1	0	0
3456	0	0	0	0
3457	2	3	0	0
3458	2	1	0	0
3459	2	2	0	0
3460	0	2	0	0
3461	2	1	0	0
3462	1	2	0	0
3463	1	3	0	0
3464	2	0	0	0
3465	0	3	0	0
3466	0	1	0	0
3467	3	2	0	0
3468	1	1	0	0
3469	0	1	0	0
3470	0	2	0	0
3471	1	0	0	0
3472	0	2	0	0
3473	0	2	0	0
3474	0	2	0	0
3475	2	2	0	0
3476	0	1	0	0
3477	0	1	0	0
3478	0	0	0	0
3479	2	2	0	0
3480	0	0	0	0
3481	0	2	0	0
3482	0	1	0	0
3483	2	1	0	0
3484	2	0	0	0
3485	0	1	0	0
3486	3	0	0	0
3487	2	0	0	0
3488	0	0	0	0
3489	0	0	0	0
3490	0	0	0	0
3491	0	2	0	0
3492	1	1	0	0
3493	2	0	0	0
3494	0	1	0	0
3495	0	0	0	0
3496	3	3	0	0
3497	2	3	0	0
3498	1	0	0	0
3499	0	3	0	0
3500	2	1	0	0
3501	1	1	0	0
3502	0	2	0	0
3503	0	0	0	0
3504	0	1	0	0
3505	1	1	0	0
3506	1	3	0	0
3507	0	0	0	0
3508	1	1	0	0
3509	0	0	0	0
3510	1	3	0	0
3511	0	0	0	0
3512	1	2	0	0
3513	0	1	0	0
3514	1	0	0	0
3515	3	0	0	0
3516	1	0	0	0
3517	1	1	0	0
3518	1	0	0	0
3519	1	3	0	0
3520	1	3	0	0
3521	0	1	0	0
3522	0	1	0	0
3523	0	1	0	0
3524	1	0	0	0
3525	0	0	0	0
3526	0	1	0	0
3527	0	1	0	0
3528	1	0	0	0
3529	2	2	0	0
3530	0	2	0	0
3531	0	2	0	0
3532	1	0	0	0
3533	0	1	0	0
3534	1	3	0	0
3535	1	2	0	0
3536	0	0	0	0
3537	0	1	0	0
3538	0	2	0	0
3539	0	0	0	0
3540	1	3	0	0
3541	0	0	0	0
3542	1	3	0	0
3543	0	1	0	0
3544	0	1	0	0
3545	0	3	0	0
3546	1	3	0	0
3547	1	2	0	0
3548	0	1	0	0
3549	0	4	0	0
3550	1	0	0	0
3551	0	0	0	0
3552	1	1	0	0
3553	0	0	0	0
3554	0	2	0	0
3555	0	2	0	0
3556	1	1	0	0
3557	2	3	0	0
3558	3	0	0	0
3559	1	3	0	0
3560	0	1	0	0
3561	0	1	0	0
3562	1	0	0	0
3563	0	0	0	0
3564	0	1	0	0
3565	1	2	0	0
3566	0	1	0	0
3567	1	0	0	0
3568	2	1	0	0
3569	0	0	0	0
3570	0	0	0	0
3571	0	0	0	0
3572	0	1	0	0
3573	0	1	0	0
3574	1	4	0	0
3575	0	1	0	0
3576	1	0	0	0
3577	1	0	0	0
3578	0	2	0	0
3579	0	1	0	0
3580	1	0	0	0
3581	0	1	0	0
3582	1	0	0	0
3583	1	0	0	0
3584	1	1	0	0
3585	0	0	0	0
3586	1	0	0	0
3587	1	2	0	0
3588	0	1	0	0
3589	1	2	0	0
3590	0	1	0	0
3591	0	1	0	0
3592	1	1	0	0
3593	1	1	0	0
3594	0	0	0	0
3595	2	1	0	0
3596	2	1	0	0
3597	1	1	0	0
3598	1	2	0	0
3599	0	3	0	0
3600	0	2	0	0
3601	0	3	0	0
3602	0	3	0	0
3603	0	1	0	0
3604	0	0	0	0
3605	2	2	0	0
3606	1	0	0	0
3607	1	0	0	0
3608	0	0	0	0
3609	1	1	0	0
3610	0	0	0	0
3611	0	1	0	0
3612	0	0	0	0
3613	1	1	0	0
3614	0	1	0	0
3615	0	2	0	0
3616	2	0	0	0
3617	1	1	0	0
3618	2	0	0	0
3619	1	1	0	0
3620	0	0	0	0
3621	0	2	0	0
3622	0	1	0	0
3623	0	1	0	0
3624	0	2	0	0
3625	2	1	0	0
3626	0	3	0	0
3627	1	2	0	0
3628	0	2	0	0
3629	0	1	0	0
3630	0	0	0	0
3631	1	2	0	0
3632	1	1	0	0
3633	0	0	0	0
3634	1	2	0	0
3635	1	1	0	0
3636	0	1	0	0
3637	1	1	0	0
3638	0	3	0	0
3639	1	0	0	0
3640	1	0	0	0
3641	0	1	0	0
3642	1	1	0	0
3643	0	2	0	0
3644	0	1	0	0
3645	2	2	0	0
3646	0	3	0	0
3647	2	0	0	0
3648	2	0	0	0
3649	2	0	0	0
3650	0	2	0	0
3651	1	0	0	0
3652	1	1	0	0
3653	0	0	0	0
3654	1	3	0	0
3655	1	4	0	0
3656	1	3	0	0
3657	1	4	0	0
3658	0	1	0	0
3659	1	3	0	0
3660	0	2	0	0
3661	1	1	0	0
3662	2	0	0	0
3663	1	1	0	0
3664	1	0	0	0
3665	0	5	0	0
3666	2	3	0	0
3667	1	0	0	0
3668	1	0	0	0
3669	2	1	0	0
3670	0	1	0	0
3671	0	0	0	0
3672	2	0	0	0
3673	2	1	0	0
3674	0	2	0	0
3675	1	0	0	0
3676	0	1	0	0
3677	2	3	0	0
3678	0	1	0	0
3679	0	2	0	0
3680	0	2	0	0
3681	2	0	0	0
3682	3	1	0	0
3683	0	1	0	0
3684	0	1	0	0
3685	2	0	0	0
3686	0	0	0	0
3687	0	1	0	0
3688	1	3	0	0
3689	1	2	0	0
3690	0	1	0	0
3691	1	1	0	0
3692	0	1	0	0
3693	0	4	0	0
3694	1	4	0	0
3695	2	3	0	0
3696	0	0	0	0
3697	1	0	0	0
3698	0	1	0	0
3699	1	0	0	0
3700	1	0	0	0
3701	1	0	0	0
3702	0	2	0	0
3703	2	1	0	0
3704	0	3	0	0
3705	1	0	0	0
3706	0	3	0	0
3707	0	0	0	0
3708	1	2	0	0
3709	0	1	0	0
3710	0	1	0	0
3711	1	1	0	0
3712	0	2	0	0
3713	0	1	0	0
3714	0	0	0	0
3715	1	4	0	0
3716	1	1	0	0
3717	1	1	0	0
3718	0	1	0	0
3719	1	1	0	0
3720	2	0	0	0
3721	0	2	0	0
3722	1	1	0	0
3723	0	0	0	0
3724	0	0	0	0
3725	1	0	0	0
3726	0	1	0	0
3727	1	2	0	0
3728	0	1	0	0
3729	2	0	0	0
3730	0	2	0	0
3731	0	2	0	0
3732	0	2	0	0
3733	1	1	0	0
3734	1	2	0	0
3735	0	1	0	0
3736	1	2	0	0
3737	0	1	0	0
3738	0	0	0	0
3739	1	0	0	0
3740	0	1	0	0
3741	0	0	0	0
3742	0	1	0	0
3743	0	2	0	0
3744	2	1	0	0
3745	0	0	0	0
3746	0	1	0	0
3747	4	1	0	0
3748	2	0	0	0
3749	0	0	0	0
3750	3	0	0	0
3751	3	0	0	0
3752	1	0	0	0
3753	1	1	0	0
3754	1	4	0	0
3755	0	1	0	0
3756	0	1	0	0
3757	2	4	0	0
3758	1	2	0	0
3759	0	4	0	0
3760	2	1	0	0
3761	1	2	0	0
3762	0	2	0	0
3763	0	1	0	0
3764	1	1	0	0
3765	0	1	0	0
3766	1	2	0	0
3767	1	1	0	0
3768	1	0	0	0
3769	1	3	0	0
3770	1	1	0	0
3771	1	1	0	0
3772	0	2	0	0
3773	0	0	0	0
3774	0	1	0	0
3775	1	2	0	0
3776	0	2	0	0
3777	0	2	0	0
3778	2	1	0	0
3779	0	2	0	0
3780	1	0	0	0
3781	1	2	0	0
3782	0	0	0	0
3783	0	0	0	0
3784	0	2	0	0
3785	0	0	0	0
3786	2	2	0	0
3787	0	1	0	0
3788	0	1	0	0
3789	2	1	0	0
3790	0	0	0	0
3791	1	0	0	0
3792	0	0	0	0
3793	0	4	0	0
3794	0	1	0	0
3795	0	0	0	0
3796	1	0	0	0
3797	2	1	0	0
3798	1	0	0	0
3799	0	1	0	0
3800	0	1	0	0
3801	1	0	0	0
3802	0	2	0	0
3803	1	0	0	0
3804	2	1	0	0
3805	1	0	0	0
3806	1	1	0	0
3807	0	0	0	0
3808	1	0	0	0
3809	0	1	0	0
3810	0	0	0	0
3811	0	0	0	0
3812	0	1	0	0
3813	2	1	0	0
3814	2	1	0	0
3815	0	1	0	0
3816	0	2	0	0
3817	1	0	0	0
3818	2	0	0	0
3819	2	0	0	0
3820	0	0	0	0
3821	0	2	0	0
3822	2	3	0	0
3823	0	0	0	0
3824	1	2	0	0
3825	0	2	0	0
3826	0	0	0	0
3827	1	1	0	0
3828	2	2	0	0
3829	0	0	0	0
3830	1	2	0	0
3831	1	0	0	0
3832	0	1	0	0
3833	0	0	0	0
3834	1	2	0	0
3835	1	0	0	0
3836	1	0	0	0
3837	1	1	0	0
3838	0	0	0	0
3839	2	0	0	0
3840	1	1	0	0
3841	1	2	0	0
3842	1	1	0	0
3843	0	1	0	0
3844	2	1	0	0
3845	1	1	0	0
3846	2	0	0	0
3847	1	3	0	0
3848	2	1	0	0
3849	0	1	0	0
3850	1	0	0	0
3851	1	0	0	0
3852	1	2	0	0
3853	0	2	0	0
3854	0	1	0	0
3855	2	1	0	0
3856	1	2	0	0
3857	1	3	0	0
3858	0	1	0	0
3859	2	0	0	0
3860	0	1	0	0
3861	0	0	0	0
3862	0	0	0	0
3863	0	0	0	0
3864	0	1	0	0
3865	1	0	0	0
3866	0	2	0	0
3867	2	2	0	0
3868	0	0	0	0
3869	1	1	0	0
3870	1	2	0	0
3871	2	1	0	0
3872	1	0	0	0
3873	2	0	0	0
3874	1	2	0	0
3875	0	1	0	0
3876	1	0	0	0
3877	1	0	0	0
3878	1	0	0	0
3879	0	2	0	0
3880	1	3	0	0
3881	0	2	0	0
3882	0	1	0	0
3883	0	2	0	0
3884	2	0	0	0
3885	1	1	0	0
3886	2	1	0	0
3887	0	0	0	0
3888	0	0	0	0
3889	0	0	0	0
3890	2	1	0	0
3891	1	3	0	0
3892	1	0	0	0
3893	0	0	0	0
3894	1	2	0	0
3895	3	1	0	0
3896	1	1	0	0
3897	0	0	0	0
3898	0	0	0	0
3899	1	0	0	0
3900	0	0	0	0
3901	0	0	0	0
3902	0	1	0	0
3903	0	4	0	0
3904	0	2	0	0
3905	2	2	0	0
3906	0	1	0	0
3907	0	0	0	0
3908	1	1	0	0
3909	1	2	0	0
3910	0	1	0	0
3911	0	2	0	0
3912	1	1	0	0
3913	1	1	0	0
3914	0	0	0	0
3915	0	0	0	0
3916	0	0	0	0
3917	0	0	0	0
3918	2	1	0	0
3919	1	1	0	0
3920	1	1	0	0
3921	1	0	0	0
3922	2	0	0	0
3923	0	2	0	0
3924	0	1	0	0
3925	1	0	0	0
3926	1	1	0	0
3927	1	1	0	0
3928	2	3	0	0
3929	1	0	0	0
3930	0	1	0	0
3931	1	0	0	0
3932	1	1	0	0
3933	0	0	0	0
3934	1	1	0	0
3935	0	1	0	0
3936	1	0	0	0
3937	0	0	0	0
3938	2	0	0	0
3939	0	2	0	0
3940	2	3	0	0
3941	1	1	0	0
3942	0	0	0	0
3943	0	0	0	0
3944	1	0	0	0
3945	1	1	0	0
3946	0	4	0	0
3947	0	0	0	0
3948	1	0	0	0
3949	2	0	0	0
3950	0	2	0	0
3951	0	1	0	0
3952	0	1	0	0
3953	0	0	0	0
3954	1	1	0	0
3955	0	1	0	0
3956	3	1	0	0
3957	1	1	0	0
3958	1	0	0	0
3959	0	2	0	0
3960	0	1	0	0
3961	0	1	0	0
3962	0	2	0	0
3963	0	1	0	0
3964	0	1	0	0
3965	1	0	0	0
3966	0	0	0	0
3967	3	1	0	0
3968	0	0	0	0
3969	1	0	0	0
3970	1	3	0	0
3971	3	1	0	0
3972	0	0	0	0
3973	0	1	0	0
3974	0	0	0	0
3975	2	2	0	0
3976	1	3	0	0
3977	0	3	0	0
3978	1	0	0	0
3979	2	3	0	0
3980	0	2	0	0
3981	0	0	0	0
3982	0	2	0	0
3983	1	0	0	0
3984	1	1	0	0
3985	0	2	0	0
3986	2	2	0	0
3987	1	1	0	0
3988	0	1	0	0
3989	0	0	0	0
3990	0	0	0	0
3991	0	1	0	0
3992	0	0	0	0
3993	1	1	0	0
3994	0	0	0	0
3995	1	0	0	0
3996	0	0	0	0
3997	1	0	0	0
3998	0	1	0	0
3999	1	0	0	0
4000	0	1	0	0
4001	1	0	0	0
4002	0	1	0	0
4003	0	1	0	0
4004	2	0	0	0
4005	0	0	0	0
4006	0	2	0	0
4007	1	2	0	0
4008	0	0	0	0
4009	1	0	0	0
4010	1	1	0	0
4011	0	0	0	0
4012	0	2	0	0
4013	0	0	0	0
4014	0	0	0	0
4015	2	1	0	0
4016	3	0	0	0
4017	1	2	0	0
4018	2	0	0	0
4019	0	0	0	0
4020	0	0	0	0
4021	1	1	0	0
4022	1	2	0	0
4023	2	1	0	0
4024	3	1	0	0
4025	0	2	0	0
4026	1	1	0	0
4027	0	0	0	0
4028	0	0	0	0
4029	0	1	0	0
4030	0	2	0	0
4031	1	0	0	0
4032	0	2	0	0
4033	2	2	0	0
4034	1	0	0	0
4035	1	1	0	0
4036	0	2	0	0
4037	2	0	0	0
4038	0	0	0	0
4039	1	0	0	0
4040	0	2	0	0
4041	0	0	0	0
4042	1	2	0	0
4043	2	1	0	0
4044	0	4	0	0
4045	1	1	0	0
4046	1	1	0	0
4047	1	2	0	0
4048	0	0	0	0
4049	0	0	0	0
4050	0	2	0	0
4051	1	0	0	0
4052	3	1	0	0
4053	0	0	0	0
4054	0	1	0	0
4055	0	1	0	0
4056	1	1	0	0
4057	1	2	0	0
4058	0	2	0	0
4059	1	1	0	0
4060	1	0	0	0
4061	1	0	0	0
4062	0	1	0	0
4063	3	1	0	0
4064	0	0	0	0
4065	2	0	0	0
4066	0	2	0	0
4067	1	2	0	0
4068	3	6	0	0
4069	1	2	0	0
4070	0	1	0	0
4071	0	2	0	0
4072	0	0	0	0
4073	0	0	0	0
4074	0	0	0	0
4075	0	0	0	0
4076	0	0	0	0
4077	0	0	0	0
4078	0	1	0	0
4079	0	1	0	0
4080	0	2	0	0
4081	1	1	0	0
4082	1	1	0	0
4083	0	1	0	0
4084	1	0	0	0
4085	0	0	0	0
4086	0	0	0	0
4087	1	1	0	0
4088	0	0	0	0
4089	3	0	0	0
4090	0	1	0	0
4091	0	1	0	0
4092	0	1	0	0
4093	1	1	0	0
4094	1	0	0	0
4095	0	2	0	0
4096	0	0	0	0