Chan	Prompt	Decay	Fit	Residuals
2	0	0	0	0
3	0	0	0	0
4	0	1	0	0
5	0	0	0	0
6	0	0	0	0
7	0	1	0	0
8	0	0	0	0
9	0	0	0	0
10	0	1	0	0
11	0	1	0	0
12	0	0	0	0
13	0	0	0	0
14	0	0	0	0
15	0	0	0	0
16	0	0	0	0
17	0	1	0	0
18	0	0	0	0
19	0	0	0	0
20	0	0	0	0
21	0	0	0	0
22	0	0	0	0
23	0	0	0	0
24	0	0	0	0
25	0	0	0	0
26	0	0	0	0
27	0	0	0	0
28	0	0	0	0
29	0	0	0	0
30	0	0	0	0
31	0	0	0	0
32	0	0	0	0
33	0	0	0	0
34	0	0	0	0
35	0	2	0	0
36	1	0	0	0
37	0	0	0	0
38	0	0	0	0
39	0	0	0	0
40	0	0	0	0
41	0	0	0	0
42	0	0	0	0
43	0	0	0	0
44	0	0	0	0
45	0	0	0	0
46	0	0	0	0
47	0	0	0	0
48	0	0	0	0
49	0	0	0	0
50	0	2	0	0
51	0	1	0	0
52	0	0	0	0
53	0	0	0	0
54	0	0	0	0
55	0	0	0	0
56	0	0	0	0
57	0	0	0	0
58	0	0	0	0
59	0	0	0	0
60	0	0	0	0
61	0	0	0	0
62	0	0	0	0
63	0	0	0	0
64	0	0	0	0
65	0	0	0	0
66	1	0	0	0
67	0	0	0	0
68	0	0	0	0
69	0	0	0	0
70	0	0	0	0
71	0	1	0	0
72	0	0	0	0
73	0	0	0	0
74	0	0	0	0
75	0	1	0	0
76	0	0	0	0
77	0	1	0	0
78	0	0	0	0
79	0	0	0	0
80	0	0	0	0
81	0	0	0	0
82	0	0	0	0
83	0	0	0	0
84	0	0	0	0
85	0	0	0	0
86	0	0	0	0
87	0	0	0	0
88	0	0	0	0
89	0	0	0	0
90	0	0	0	0
91	0	0	0	0
92	0	0	0	0
93	0	0	0	0
94	0	0	0	0
95	0	0	0	0
96	0	0	0	0
97	0	0	0	0
98	0	0	0	0
99	0	0	0	0
100	0	0	0	0
101	1	0	0	0
102	0	0	0	0
103	0	0	0	0
104	0	0	0	0
105	0	0	0	0
106	0	0	0	0
107	0	0	0	0
108	0	0	0	0
109	0	0	0	0
110	0	1	0	0
111	0	0	0	0
112	0	0	0	0
113	0	0	0	0
114	0	0	0	0
115	0	0	0	0
116	0	0	0	0
117	0	0	0	0
118	0	0	0	0
119	0	0	0	0
120	0	1	0	0
121	0	0	0	0
122	0	0	0	0
123	0	0	0	0
124	0	0	0	0
125	0	1	0	0
126	0	0	0	0
127	0	1	0	0
128	0	0	0	0
129	1	0	0	0
130	0	0	0	0
131	0	0	0	0
132	0	0	0	0
133	0	0	0	0
134	0	0	0	0
135	0	0	0	0
136	0	0	0	0
137	0	0	0	0
138	0	1	0	0
139	0	0	0	0
140	0	0	0	0
141	0	0	0	0
142	0	0	0	0
143	0	0	0	0
144	0	1	0	0
145	0	0	0	0
146	0	0	0	0
147	0	0	0	0
148	0	1	0	0
149	0	0	0	0
150	0	0	0	0
151	0	0	0	0
152	0	0	0	0
153	0	0	0	0
154	0	1	0	0
155	0	0	0	0
156	0	0	0	0
157	0	0	0	0
158	0	1	0	0
159	0	0	0	0
160	0	0	0	0
161	0	0	0	0
162	0	0	0	0
163	0	0	0	0
164	0	0	0	0
165	0	0	0	0
166	0	0	0	0
167	0	0	0	0
168	0	0	0	0
169	0	1	0	0
170	0	0	0	0
171	0	0	0	0
172	0	0	0	0
173	0	0	0	0
174	0	0	0	0
175	0	0	0	0
176	0	1	0	0
177	0	0	0	0
178	0	0	0	0
179	0	0	0	0
180	0	0	0	0
181	0	0	0	0
182	0	0	0	0
183	0	1	0	0
184	0	0	0	0
185	1	0	0	0
186	0	0	0	0
187	0	0	0	0
188	1	0	0	0
189	0	0	0	0
190	0	0	0	0
191	0	1	0	0
192	0	0	0	0
193	2	0	0	0
194	0	0	0	0
195	3	1	0	0
196	4	0	0	0
197	6	0	0	0
198	7	0	0	0
199	12	1	0	0
200	15	1	0	0
201	19	3	0	0
202	29	0	0	0
203	42	2	0	0
204	50	1	0	0
205	62	3	0	0
206	99	0	0	0
207	95	2	0	0
208	138	4	0	0
209	179	9	0	0
210	255	14	0	0
211	296	13	0	0
212	453	11	0	0
213	616	26	0	0
214	843	29	0	0
215	1217	27	0	0
216	1658	55	0	0
217	2168	94	0	0
218	2940	123	0	0
219	3704	176	0	0
220	4689	216	0	0
221	5758	268	0	0
222	6559	401	0	0
223	7274	509	0	0
224	7843	611	0	0
225	7876	766	0	0
226	8028	970	0	0
227	7576	1147	0	0
228	6986	1340	0	0
229	6074	1620	0	0
230	5115	1787	0	0
231	4285	1951	0	0
232	3419	2273	0	0
233	2826	2553	0	0
234	2093	2746	0	0
235	1627	3063	0	0
236	1168	3279	0	0
237	928	3569	0	0
238	659	3734	0	0
239	487	3959	0	0
240	347	4026	0	0
241	250	4207	0	0
242	157	4374	0	0
243	131	4521	0	0
244	86	4631	0	0
245	67	4773	0	0
246	53	4785	0	0
247	30	4836	0	0
248	27	4918	0	0
249	23	4862	0	0
250	13	5006	4944.452	0.7620661
251	9	4915	4935.707	-0.2590356
252	10	4918	4920.637	-3.297974E-02
253	0	4889	4900.854	-0.1487339
254	2	4855	4877.593	-0.2845935
255	2	4883	4852.922	0.3776549
256	1	4716	4826.596	-1.415991
257	2	4798	4799.616	-2.048756E-02
258	1	4577	4772.016	-2.539023
259	2	4588	4743.804	-2.025772
260	0	4690	4715.665	-0.3296155
261	1	4722	4687.469	0.4417975
262	0	4554	4659.099	-1.372206
263	3	4496	4630.846	-1.773254
264	1	4581	4602.754	-0.2830878
265	1	4457	4574.654	-1.55473
266	0	4508	4546.789	-0.509326
267	2	4583	4519.157	0.8305955
268	0	4445	4491.755	-0.6187779
269	1	4432	4464.582	-0.4319025
270	0	4516	4437.633	1.027993
271	1	4321	4410.906	-1.208802
272	2	4492	4384.4	1.415672
273	1	4485	4358.112	1.670897
274	0	4388	4332.039	0.7459735
275	0	4410	4306.178	1.380098
276	0	4385	4280.528	1.393154
277	0	4343	4255.087	1.178658
278	0	4465	4229.852	3.104243
279	0	4313	4204.82	1.456003
280	0	4158	4179.99	-0.302063
281	0	4238	4155.359	1.123209
282	0	4401	4130.925	3.594189
283	0	4134	4106.687	0.3764043
284	0	4116	4082.641	0.4608375
285	1	4182	4058.786	1.687116
286	0	3947	4035.12	-1.246054
287	0	3994	4011.64	-0.2478065
288	0	3994	3988.346	7.942636E-02
289	1	3945	3965.234	-0.2861967
290	0	3995	3942.303	0.7401682
291	0	4002	3919.551	1.156936
292	0	3857	3896.975	-0.5725588
293	0	3858	3874.575	-0.2373725
294	0	3790	3852.348	-0.9017278
295	0	3759	3830.293	-1.035803
296	0	3774	3808.407	-0.4987936
297	0	3751	3786.689	-0.5191354
298	0	3694	3765.137	-1.043583
299	0	3736	3743.75	-0.1129787
300	0	3570	3722.525	-2.280252
301	0	3504	3701.46	-2.982669
302	0	3737	3680.556	0.8227401
303	0	3792	3659.809	1.911296
304	0	3657	3639.217	0.2623317
305	0	3663	3618.781	0.6517364
306	0	3606	3598.496	0.1115588
307	0	3658	3578.364	1.174624
308	0	3637	3558.38	1.163337
309	0	3511	3538.545	-0.4156112
310	0	3534	3518.856	0.2276734
311	0	3419	3499.313	-1.229712
312	0	3443	3479.913	-0.5630126
313	0	3509	3460.655	0.7296861
314	0	3383	3441.538	-0.9015592
315	0	3397	3422.56	-0.3927654
316	0	3481	3403.72	1.17158
317	0	3426	3385.017	0.6267992
318	0	3453	3366.449	1.318004
319	0	3393	3348.014	0.6917087
320	0	3369	3329.713	0.6064633
321	0	3333	3311.542	0.3332123
322	0	3225	3293.501	-1.083206
323	0	3259	3275.589	-0.2608042
324	0	3375	3257.803	1.80734
325	0	3270	3240.145	0.4685128
326	0	3159	3222.61	-1.017392
327	0	3245	3205.2	0.6272218
328	0	3105	3187.911	-1.338737
329	0	3294	3170.744	1.926429
330	0	3165	3153.697	0.1805924
331	0	3151	3136.769	0.2279335
332	0	3202	3119.958	1.302456
333	0	3021	3103.264	-1.348464
334	0	3140	3086.686	0.855554
335	0	3108	3070.221	0.6096794
336	0	3057	3053.87	5.097583E-02
337	0	3034	3037.631	-5.937652E-02
338	0	3071	3021.503	0.8040642
339	0	2996	3005.485	-0.1561867
340	0	2874	2989.576	-1.947109
341	1	3005	2973.775	0.5133353
342	0	2987	2958.081	0.4769982
343	0	2955	2942.493	0.2075219
344	0	2875	2927.01	-0.8760421
345	0	2937	2911.63	0.4223519
346	0	2983	2896.354	1.430207
347	0	2918	2881.179	0.6151676
348	0	2841	2866.106	-0.4256554
349	0	2894	2851.133	0.7194341
350	0	2796	2836.259	-0.6885551
351	0	2860	2821.484	0.6506255
352	0	2873	2806.805	1.115394
353	0	2822	2792.224	0.5066895
354	0	2792	2777.738	0.2441223
355	0	2658	2763.346	-1.852345
356	0	2703	2749.049	-0.8022907
357	0	2789	2734.844	0.9274997
358	0	2617	2720.732	-1.83952
359	0	2643	2706.711	-1.123727
360	0	2672	2692.781	-0.3643443
361	0	2604	2678.94	-1.332564
362	0	2645	2665.188	-0.3559307
363	0	2807	2651.524	2.653388
364	0	2620	2637.948	-0.318085
365	0	2601	2624.459	-0.4174004
366	0	2707	2611.055	1.67027
367	0	2605	2597.736	0.1291425
368	0	2592	2584.501	0.133674
369	0	2517	2571.35	-0.9845415
370	0	2538	2558.282	-0.3657449
371	0	2605	2545.296	1.061413
372	0	2536	2532.392	6.509306E-02
373	0	2600	2519.568	1.431426
374	0	2444	2506.824	-1.156451
375	0	2505	2494.159	0.1968867
376	0	2382	2481.573	-1.858764
377	0	2366	2469.065	-1.931021
378	0	2482	2456.635	0.4630072
379	1	2405	2444.281	-0.7294369
380	0	2315	2432.002	-2.218289
381	0	2459	2419.8	0.719191
382	0	2359	2407.672	-0.9133773
383	0	2354	2395.618	-0.7819044
384	0	2437	2383.637	0.9838322
385	0	2433	2371.729	1.130635
386	0	2386	2359.894	0.4868861
387	0	2292	2348.13	-1.06998
388	0	2284	2336.437	-1.001486
389	0	2325	2324.814	3.509609E-03
390	0	2219	2313.262	-1.828758
391	0	2260	2301.779	-0.8025163
392	0	2370	2290.364	1.490678
393	0	2162	2279.018	-2.30253
394	0	2219	2267.739	-0.9455664
395	0	2245	2256.527	-0.222215
396	0	2092	2245.381	-3.072396
397	0	2223	2234.302	-0.2190488
398	0	2198	2223.288	-0.4931391
399	0	2163	2212.338	-0.9705771
400	0	2167	2201.454	-0.6770872
401	0	2150	2190.633	-0.8019409
402	0	2111	2179.875	-1.372902
403	0	2119	2169.181	-0.998211
404	0	2127	2158.548	-0.6262847
405	0	2088	2147.978	-1.202662
406	0	2138	2137.469	1.052161E-02
407	0	2085	2127.02	-0.843237
408	0	2088	2116.632	-0.5741319
409	0	2104	2106.304	-4.601277E-02
410	0	2090	2096.036	-0.1209632
411	0	2093	2085.826	0.1436624
412	0	2008	2075.675	-1.386025
413	0	1970	2065.582	-1.977918
414	0	1973	2055.547	-1.706767
415	0	2065	2045.569	0.3919762
416	0	2095	2035.648	1.187968
417	0	2087	2025.783	1.227838
418	0	1973	2015.974	-0.8885373
419	0	1990	2006.22	-0.3338195
420	0	1926	1996.521	-1.477254
421	0	1907	1986.877	-1.682225
422	0	1979	1977.288	3.534307E-02
423	0	2024	1967.752	1.147056
424	0	1995	1958.269	0.7549151
425	0	2035	1948.84	1.7519
426	0	2041	1939.463	2.061273
427	0	1972	1930.138	0.8657839
428	0	1948	1920.865	0.5649267
429	0	2000	1911.644	1.813498
430	0	1939	1902.474	0.7623624
431	0	1939	1893.354	0.9527008
432	0	1962	1884.285	1.611731
433	0	1870	1875.265	-0.1120687
434	0	1889	1866.296	0.4806132
435	0	1936	1857.375	1.642398
436	0	1812	1848.504	-0.7902637
437	0	1898	1839.681	1.231354
438	0	1936	1830.906	2.195323
439	0	1785	1822.178	-0.811413
440	0	1802	1813.499	-0.2496779
441	0	1928	1804.866	2.577911
442	0	1765	1796.28	-0.6868486
443	0	1838	1787.741	1.079725
444	0	1798	1779.248	0.4076589
445	0	1781	1770.801	0.2228634
446	0	1781	1762.399	0.4064521
447	0	1764	1754.042	0.218712
448	0	1810	1745.731	1.392192
449	0	1728	1737.464	-0.2101849
450	0	1827	1729.241	2.106998
451	0	1787	1721.062	1.438226
452	0	1757	1712.926	0.9701335
453	0	1703	1704.834	-4.105588E-02
454	0	1692	1696.785	-0.1074883
455	0	1771	1688.779	1.802096
456	0	1726	1680.815	1.004176
457	0	1738	1672.893	1.441522
458	0	1701	1665.013	0.8060627
459	0	1664	1657.175	0.1546929
460	0	1612	1649.378	-0.8617644
461	0	1655	1641.622	0.3041068
462	0	1673	1633.907	0.8834998
463	0	1684	1626.232	1.300954
464	0	1601	1618.597	-0.4071996
465	0	1587	1611.002	-0.5580485
466	0	1557	1603.447	-1.091007
467	0	1540	1595.932	-1.321548
468	0	1594	1588.455	0.1286139
469	0	1606	1581.017	0.5771439
470	0	1542	1573.618	-0.7465512
471	0	1598	1566.257	0.735275
472	0	1550	1558.935	-0.2103792
473	0	1519	1551.65	-0.777153
474	0	1508	1544.403	-0.869862
475	0	1476	1537.193	-1.47914
476	0	1434	1530.021	-2.35713
477	1	1514	1522.885	-0.2118482
478	0	1426	1515.785	-2.210678
479	0	1482	1508.723	-0.644529
480	0	1436	1501.696	-1.61152
481	1	1539	1494.705	1.046952
482	0	1461	1487.75	-0.6501511
483	0	1438	1480.831	-1.049856
484	1	1417	1473.947	-1.40689
485	0	1447	1467.098	-0.4909807
486	0	1488	1460.283	0.6670613
487	0	1444	1453.503	-0.2324256
488	1	1419	1446.758	-0.6852492
489	0	1368	1440.046	-1.813743
490	0	1406	1433.369	-0.678989
491	0	1394	1426.725	-0.8155989
492	0	1414	1420.115	-0.1512474
493	0	1440	1413.538	0.6481361
494	0	1454	1406.994	1.145379
495	1	1368	1400.484	-0.8177616
496	0	1476	1394.005	1.98195
497	0	1474	1387.559	2.090931
498	0	1427	1381.146	1.128582
499	1	1441	1374.765	1.621726
500	0	1393	1368.415	0.612952
501	0	1422	1362.097	1.477131
502	0	1407	1355.811	1.269445
503	0	1394	1349.556	1.107657
504	0	1444	1343.332	2.462042
505	0	1388	1337.139	1.270512
506	0	1344	1330.977	0.3309727
507	0	1381	1324.845	1.406555
508	1	1350	1318.744	0.7924597
509	0	1338	1312.672	0.64521
510	0	1387	1306.631	2.00839
511	0	1343	1300.62	1.077468
512	0	1303	1294.638	0.2160472
513	0	1275	1288.686	-0.357738
514	0	1289	1282.763	0.1620799
515	0	1320	1276.869	1.106713
516	0	1262	1271.005	-0.2366581
517	0	1159	1265.168	-2.919754
518	0	1303	1259.361	1.127534
519	0	1219	1253.582	-0.9258338
520	0	1227	1247.831	-0.5557565
521	0	1182	1242.108	-1.63586
522	0	1147	1236.414	-2.472629
523	1	1177	1230.747	-1.466028
524	0	1147	1225.107	-2.159967
525	1	1216	1219.496	-9.370795E-02
526	1	1220	1213.911	0.1629445
527	0	1184	1208.354	-0.6621921
528	0	1170	1202.823	-0.8981531
529	0	1095	1197.32	-2.90015
530	0	1094	1191.843	-2.774602
531	1	1182	1186.392	-0.1195348
532	1	1107	1180.968	-2.084455
533	1	1099	1175.57	-2.166114
534	1	1159	1170.198	-0.3079715
535	0	1165	1164.853	4.040877E-03
536	0	1081	1159.533	-2.241194
537	0	1133	1154.238	-0.591163
538	0	1184	1148.969	0.9525104
539	0	1111	1143.726	-0.9204594
540	0	1114	1138.507	-0.6883149
541	1	1102	1133.314	-0.8845622
542	0	1160	1128.146	0.875634
543	0	1140	1123.002	0.4715998
544	1	1133	1117.883	0.4207895
545	0	1090	1112.788	-0.6474815
546	0	1080	1107.718	-0.7914153
547	0	1053	1102.672	-1.43744
548	0	1140	1097.65	1.174953
549	0	1094	1092.652	3.822002E-02
550	0	1095	1087.678	0.2075288
551	0	1128	1082.728	1.263112
552	1	1063	1077.801	-0.426178
553	0	1070	1072.898	-8.314238E-02
554	1	1069	1068.018	2.820331E-02
555	0	1082	1063.161	0.5373803
556	1	1120	1058.327	1.727232
557	0	1078	1053.516	0.6997683
558	0	1050	1048.728	3.687189E-02
559	0	1092	1043.962	1.363568
560	1	1078	1039.219	1.108369
561	0	1102	1034.499	1.90679
562	0	1047	1029.801	0.4992316
563	0	1008	1025.125	-0.5071781
564	1	1004	1020.471	-0.4888416
565	1	1005	1015.839	-0.3215216
566	0	1058	1011.229	1.35009
567	0	1026	1006.641	0.5680047
568	1	993	1002.074	-0.2708764
569	0	1040	997.5285	1.237189
570	0	1011	993.0046	0.532122
571	3	1002	988.5019	0.4010325
572	0	1011	984.0203	0.797785
573	0	993	979.5598	0.4012247
574	0	949	975.1202	-0.7986884
575	1	1032	970.7014	1.792946
576	0	1021	966.3033	1.608959
577	0	986	961.9257	0.7213778
578	0	990	957.5687	0.9697111
579	0	955	953.2321	5.387926E-02
580	2	942	948.9156	-0.2122927
581	0	933	944.6194	-0.3585026
582	0	967	940.3432	0.8070329
583	0	955	936.087	0.5763869
584	0	942	931.8506	0.3115609
585	0	945	927.6339	0.5321985
586	0	938	923.4368	0.4480592
587	0	862	919.2593	-1.842094
588	0	915	915.1013	-3.156502E-03
589	0	869	910.9625	-1.344229
590	0	910	906.843	9.869825E-02
591	0	921	902.7427	0.5671741
592	0	919	898.6613	0.6325592
593	0	879	894.5988	-0.4966837
594	1	953	890.5553	1.905155
595	0	854	886.5304	-1.051699
596	1	901	882.5242	0.5806583
597	0	947	878.5366	2.095773
598	0	891	874.5673	0.5195016
599	0	878	870.6165	0.2352397
600	0	866	866.684	-2.195002E-02
601	0	862	862.7695	-2.475664E-02
602	0	847	858.8732	-0.3855267
603	1	881	854.9949	0.8270392
604	2	813	851.1344	-1.265278
605	1	845	847.2917	-7.450686E-02
606	0	846	843.4667	8.230741E-02
607	0	814	839.6594	-0.8508118
608	0	783	835.8696	-1.789271
609	0	830	832.0973	-6.883194E-02
610	0	848	828.3423	0.637897
611	2	816	824.6046	-0.2849405
612	0	850	820.884	0.9436459
613	1	836	817.1806	0.6153013
614	0	793	813.4941	-0.6889654
615	0	813	809.8246	0.1053564
616	0	841	806.172	1.135128
617	2	855	802.5361	1.695098
618	0	821	798.9168	0.7289361
619	1	809	795.3142	0.4552684
620	1	691	791.728	-3.640481
621	0	792	788.1583	0.129234
622	1	754	784.605	-1.056544
623	3	817	781.0679	1.189128
624	1	770	777.5469	-0.2576704
625	2	784	774.042	0.3367833
626	1	761	770.5532	-0.3281966
627	0	755	767.0803	-0.4167459
628	0	746	763.6234	-0.6118158
629	0	699	760.1821	-2.1979
630	1	767	756.7565	0.3504606
631	1	719	753.3466	-1.215714
632	0	774	749.9522	0.8188195
633	0	752	746.5733	0.1876022
634	1	754	743.2098	0.3724976
635	0	763	739.8618	0.7938069
636	1	780	736.5289	1.474173
637	1	779	733.2111	1.553821
638	0	733	729.9084	0.1083257
639	1	732	726.6208	0.1886152
640	2	769	723.3481	1.559742
641	0	675	720.0904	-1.649804
642	1	716	716.8474	-3.006055E-02
643	0	708	713.6191	-0.2005076
644	1	660	710.4055	-1.866148
645	1	763	707.2065	1.914114
646	0	718	704.022	0.4951213
647	1	690	700.852	-0.3925075
648	2	710	697.6963	0.4383876
649	2	696	694.5549	5.203209E-02
650	1	659	691.4277	-1.201517
651	0	679	688.3148	-0.3397631
652	0	661	685.2159	-0.8958277
653	0	706	682.1311	0.8529888
654	0	687	679.0602	0.2878321
655	1	669	676.0033	-0.2574454
656	0	697	672.9601	0.8649061
657	0	675	669.9307	0.1854787
658	0	668	666.915	3.991513E-02
659	0	662	663.913	-7.071302E-02
660	2	691	660.9245	1.086979
661	0	669	657.9496	0.4062199
662	2	642	654.988	-0.4878737
663	2	713	652.0399	2.167234
664	1	631	649.105	-0.6862701
665	1	627	646.1834	-0.7295746
666	1	616	643.275	-1.046969
667	0	634	640.3797	-0.2412226
668	1	660	637.4974	0.8331054
669	4	630	634.6282	-0.175577
670	0	653	631.7719	0.7903298
671	1	670	628.9284	1.508634
672	0	673	626.0978	1.71877
673	1	655	623.2798	1.179058
674	0	646	620.4747	0.9556996
675	1	666	617.6821	1.780389
676	0	632	614.9021	0.6475592
677	0	599	612.1346	-0.5116212
678	0	610	609.3795	2.394009E-02
679	1	589	606.6369	-0.6930749
680	1	632	603.9066	1.064
681	1	618	601.1885	0.6442282
682	2	589	598.4827	-0.3726391
683	1	578	595.7889	-0.7059767
684	1	605	593.1074	0.4608345
685	1	604	590.4378	0.5259843
686	2	582	587.7803	-0.2285716
687	0	607	585.1346	0.8458104
688	1	609	582.5009	1.023292
689	1	570	579.879	-0.3949269
690	1	653	577.2688	2.819493
691	3	612	574.6703	1.437825
692	1	596	572.0835	0.9340519
693	2	568	569.5084	-6.040999E-02
694	3	565	566.9446	-7.809889E-02
695	0	585	564.3925	0.8127013
696	2	550	561.8518	-0.4827211
697	1	568	559.3224	0.3475389
698	0	576	556.8044	0.7631845
699	1	539	554.2977	-0.6296794
700	1	545	551.8021	-0.2783736
701	2	582	549.3177	1.292367
702	1	528	546.8445	-0.7840704
703	2	518	544.3823	-1.108705
704	0	537	541.9312	-0.203372
705	2	547	539.491	0.3067161
706	1	492	537.0618	-1.945246
707	1	549	534.6432	0.585303
708	0	502	532.2357	-1.291606
709	0	546	529.8388	0.6607559
710	0	545	527.4527	0.7181147
711	1	490	525.0772	-1.517447
712	0	571	522.7123	1.928605
713	1	538	520.358	0.7268795
714	0	509	518.0142	-0.3822982
715	0	575	515.6809	2.360568
716	2	485	513.358	-1.233348
717	2	489	511.0455	-0.9547071
718	0	524	508.7433	0.6373163
719	1	501	506.4513	-0.2331104
720	1	501	504.1696	-0.1355391
721	1	478	501.898	-1.047277
722	2	492	499.6366	-0.3296613
723	2	522	497.3853	1.030277
724	0	488	495.144	-0.3097108
725	3	485	492.9128	-0.3441416
726	0	502	490.6914	0.4830801
727	0	502	488.4799	0.5775503
728	2	491	486.2784	0.2040412
729	2	480	484.0866	-0.1786959
730	2	475	481.9046	-0.3035724
731	3	482	479.7323	9.894628E-02
732	0	490	477.5697	0.5377383
733	1	419	475.4167	-2.64774
734	1	491	473.2733	0.7660479
735	1	477	471.1394	0.257109
736	3	426	469.015	-2.001465
737	2	460	466.9001	-0.3084856
738	3	443	464.7946	-0.9936623
739	0	445	462.6984	-0.8050219
740	2	432	460.6116	-1.321637
741	0	470	458.5341	0.5069029
742	0	452	456.4658	-0.2014872
743	0	463	454.4068	0.382884
744	0	441	452.3568	-0.5190024
745	1	446	450.316	-0.1960868
746	1	414	448.2842	-1.619091
747	0	414	446.2616	-1.523569
748	2	407	444.2479	-1.774702
749	0	457	442.2431	0.6619962
750	1	457	440.2472	0.7515315
751	3	377	438.2602	-3.037119
752	1	433	436.282	-0.1514217
753	1	431	434.3127	-0.1532037
754	0	402	432.352	-1.455456
755	2	414	430.4001	-0.7745012
756	0	388	428.4568	-1.976035
757	0	401	426.5221	-1.225435
758	1	422	424.5961	-0.1213874
759	1	447	422.6786	1.103694
760	0	419	420.7696	-8.305025E-02
761	0	412	418.8691	-0.325213
762	0	429	416.977	0.5573854
763	2	414	415.0934	-5.163418E-02
764	0	380	413.218	-1.640105
765	1	429	411.351	0.8182071
766	2	399	409.4922	-0.5050911
767	3	431	407.6418	1.08027
768	0	415	405.7995	0.4339527
769	0	393	403.9654	-0.532038
770	0	387	402.1395	-0.7404495
771	2	417	400.3216	0.7846971
772	2	394	398.5117	-0.2186197
773	0	377	396.71	-0.9771698
774	0	376	394.9161	-0.9391055
775	0	355	393.1303	-1.950254
776	1	389	391.3523	-0.1147415
777	1	401	389.5822	0.5482222
778	0	439	387.82	2.344446
779	1	368	386.0656	-0.9069359
780	0	412	384.3189	1.310549
781	0	379	382.58	-0.1769999
782	1	398	380.8488	0.8267279
783	0	400	379.1252	1.003595
784	0	407	377.4093	1.409869
785	0	405	375.701	1.399547
786	1	360	374.0002	-0.7109008
787	1	373	372.307	3.454738E-02
788	1	409	370.6213	1.823931
789	1	370	368.943	5.291547E-02
790	0	387	367.2722	0.9648606
791	2	364	365.6087	-8.121829E-02
792	1	375	363.9526	0.5492125
793	0	384	362.3039	1.065421
794	0	361	360.6624	1.711875E-02
795	0	352	359.0282	-0.3610546
796	1	345	357.4012	-0.6437465
797	1	376	355.7815	1.003764
798	0	323	354.1688	-1.674105
799	0	353	352.5634	2.239863E-02
800	1	331	350.965	-1.058847
801	0	356	349.3737	0.3384231
802	0	363	347.7894	0.7690434
803	0	366	346.2121	0.9962114
804	1	341	344.6418	-0.1901927
805	1	335	343.0785	-0.4257871
806	1	323	341.522	-0.9948348
807	1	319	339.9724	-1.133733
808	0	338	338.4297	-2.254462E-02
809	0	313	336.8938	-1.304404
810	1	352	335.3647	0.8545963
811	0	323	333.8424	-0.5823537
812	0	330	332.3268	-0.1235947
813	0	328	330.8178	-0.1501489
814	0	353	329.3156	1.214941
815	2	344	327.82	0.8411658
816	3	328	326.331	8.893576E-02
817	1	304	324.8485	-1.155454
818	1	311	323.3726	-0.6776847
819	0	330	321.9033	0.4300835
820	0	328	320.4404	0.4028184
821	0	313	318.984	-0.3266755
822	0	316	317.534	-8.332973E-02
823	0	321	316.0904	0.264548
824	0	289	314.6532	-1.459391
825	0	278	313.2223	-2.044323
826	0	344	311.7978	1.674128
827	0	326	310.3795	0.8349864
828	1	309	308.9675	1.786135E-03
829	0	305	307.5617	-0.1417341
830	1	347	306.1622	2.113546
831	0	326	304.7688	1.134903
832	0	274	303.3816	-1.718129
833	0	279	302.0005	-1.332491
834	0	258	300.6255	-2.57115
835	0	338	299.2566	2.032626
836	0	274	297.8937	-1.397214
837	0	289	296.5368	-0.4287618
838	0	288	295.1859	-0.4095322
839	0	284	293.8409	-0.5649124
840	0	310	292.5019	0.9600183
841	0	280	291.1689	-0.6458523
842	0	293	289.8416	0.1784072
843	0	287	288.5203	-8.679745E-02
844	0	268	287.2047	-1.135925
845	0	312	285.895	1.427477
846	0	262	284.5911	-1.351915
847	1	291	283.2928	0.4368956
848	2	263	282.0004	-1.134806
849	1	274	280.7136	-0.3925861
850	0	312	279.4325	1.780859
851	2	290	278.157	0.6725366
852	1	294	276.8872	0.9649459
853	0	278	275.623	0.1379632
854	0	273	274.3643	-7.993098E-02
855	2	254	273.1112	-1.162102
856	0	248	271.8636	-1.469071
857	1	287	270.6215	0.9351076
858	0	268	269.3849	-8.191713E-02
859	0	270	268.1538	0.1087825
860	0	253	266.928	-0.8486511
861	0	273	265.7077	0.4272318
862	0	265	264.4928	3.017476E-02
863	0	260	263.2832	-0.1972544
864	0	236	262.0789	-1.646992
865	0	254	260.88	-0.4183549
866	1	232	259.6863	-1.76396
867	0	230	258.4979	-1.823778
868	1	272	257.3147	0.8619928
869	0	270	256.1368	0.8168445
870	0	249	254.964	-0.3663903
871	2	264	253.7964	0.6082222
872	1	226	252.6339	-1.71995
873	0	234	251.4766	-1.108567
874	0	272	250.3244	1.27231
875	1	247	249.1772	-0.1343131
876	1	246	248.0351	-0.1258094
877	2	237	246.8981	-0.623743
878	0	210	245.766	-2.398571
879	0	270	244.6389	1.494318
880	1	233	243.5168	-0.668568
881	1	233	242.3996	-0.5975477
882	1	258	241.2874	1.008097
883	0	236	240.18	-0.2639855
884	0	248	239.0776	0.5492755
885	0	267	237.9799	1.719796
886	1	224	236.8872	-0.8360354
887	0	247	235.7992	0.6909713
888	0	238	234.716	0.2064975
889	0	240	233.6376	0.3983485
890	0	232	232.5639	-3.593055E-02
891	0	211	231.495	-1.371102
892	0	245	230.4308	0.902539
893	1	227	229.3713	-0.1527824
894	0	250	228.3164	1.329356
895	0	228	227.2661	4.717711E-02
896	0	210	226.2205	-1.087796
897	0	221	225.1795	-0.2730282
898	0	221	224.1431	-0.2053229
899	0	256	223.1113	1.991809
900	1	213	222.084	-0.6047696
901	1	255	221.0611	2.059557
902	0	219	220.0429	-6.844431E-02
903	0	219	219.0291	-1.907768E-03
904	0	213	218.0197	-0.3341915
905	0	223	217.0148	0.3891733
906	0	221	216.0143	0.3256892
907	0	225	215.0183	0.646067
908	1	217	214.0266	0.1960722
909	0	221	213.0392	0.5200365
910	0	223	212.0563	0.7115943
911	0	220	211.0776	0.584216
912	0	222	210.1033	0.7753502
913	0	215	209.1332	0.3887125
914	0	252	208.1674	2.676224
915	1	219	207.2059	0.7740622
916	0	206	206.2486	-1.683617E-02
917	0	215	205.2955	0.6429873
918	0	209	204.3466	0.312839
919	0	204	203.4019	4.071543E-02
920	0	222	202.4613	1.273405
921	1	187	201.5249	-1.033887
922	0	181	200.5926	-1.418145
923	0	206	199.6644	0.4291078
924	0	212	198.7402	0.8849153
925	1	221	197.8202	1.514222
926	0	208	196.9042	0.7477875
927	1	183	195.9922	-0.9351103
928	0	190	195.0842	-0.358952
929	0	185	194.1803	-0.6570713
930	0	204	193.2802	0.729689
931	0	180	192.3842	-0.8989438
932	0	207	191.4921	1.047724
933	0	251	190.6039	3.695083
934	0	192	189.7197	0.1601302
935	0	212	188.8393	1.545672
936	1	181	187.9628	-0.50398
937	0	196	187.0901	0.6190836
938	0	195	186.2213	0.6115723
939	0	202	185.3563	1.138677
940	1	183	184.4951	-0.107613
941	0	182	183.6378	-0.1182091
942	0	178	182.7841	-0.3492664
943	0	149	181.9342	-2.63378
944	0	185	181.0881	0.2799906
945	0	182	180.2457	0.1266201
946	1	188	179.407	0.6099818
947	0	183	178.572	0.3187051
948	0	174	177.7406	-0.2762887
949	0	174	176.9129	-0.2151528
950	0	185	176.0889	0.6378071
951	0	155	175.2684	-1.588449
952	0	152	174.4516	-1.777246
953	0	187	173.6384	0.9510843
954	0	167	172.8288	-0.4396808
955	0	172	172.0227	-1.685863E-03
956	1	166	171.2202	-0.3949845
957	0	172	170.4211	0.1173109
958	0	175	169.6256	0.3957928
959	0	184	168.8336	1.088549
960	1	181	168.0451	0.9377
961	0	171	167.26	0.2787126
962	0	179	166.4784	0.911516
963	0	170	165.7003	0.3213944
964	0	144	164.9255	-1.702922
965	0	158	164.1542	-0.4775933
966	0	182	163.3862	1.343497
967	0	138	162.6216	-2.047821
968	0	135	161.8604	-2.259278
969	0	165	161.1026	0.2958138
970	0	143	160.348	-1.41683
971	0	155	159.5968	-0.3602562
972	0	152	158.8489	-0.5421516
973	0	165	158.1043	0.5233852
974	0	165	157.3629	0.5796535
975	0	157	156.6248	2.921085E-02
976	0	144	155.89	-0.9676082
977	0	172	155.1584	1.251341
978	0	162	154.4299	0.5799953
979	0	173	153.7047	1.42939
980	0	166	152.9827	0.9849546
981	0	124	152.2639	-2.482877
982	0	148	151.5482	-0.2847338
983	0	161	150.8357	0.7812341
984	0	145	150.1263	-0.4157043
985	0	147	149.42	-0.1948739
986	0	156	148.7168	0.5689092
987	0	146	148.0167	-0.1629682
988	0	158	147.3197	0.8288409
989	0	122	146.6258	-2.181326
990	0	148	145.9349	0.1657188
991	0	169	145.247	1.78085
992	0	166	144.5622	1.622099
993	0	161	143.8804	1.315825
994	0	148	143.2015	0.3850634
995	0	147	142.5257	0.3602989
996	0	132	141.8528	-0.8383144
997	0	150	141.1829	0.7027013
998	1	134	140.5159	-0.5501524
999	0	133	139.8519	-0.5807375
1000	0	137	139.1907	-0.1828859
1001	0	150	0	0
1002	0	146	0	0
1003	0	139	0	0
1004	0	129	0	0
1005	0	143	0	0
1006	0	139	0	0
1007	0	145	0	0
1008	0	146	0	0
1009	0	152	0	0
1010	0	131	0	0
1011	0	139	0	0
1012	0	149	0	0
1013	1	127	0	0
1014	0	141	0	0
1015	0	144	0	0
1016	0	119	0	0
1017	0	135	0	0
1018	0	129	0	0
1019	0	129	0	0
1020	0	139	0	0
1021	0	134	0	0
1022	0	133	0	0
1023	0	124	0	0
1024	0	117	0	0
1025	0	134	0	0
1026	0	140	0	0
1027	0	116	0	0
1028	0	115	0	0
1029	2	111	0	0
1030	1	129	0	0
1031	0	137	0	0
1032	1	134	0	0
1033	0	144	0	0
1034	0	124	0	0
1035	0	119	0	0
1036	0	128	0	0
1037	0	117	0	0
1038	0	124	0	0
1039	0	116	0	0
1040	0	122	0	0
1041	0	104	0	0
1042	0	114	0	0
1043	1	121	0	0
1044	0	106	0	0
1045	1	132	0	0
1046	0	111	0	0
1047	0	88	0	0
1048	0	118	0	0
1049	0	103	0	0
1050	0	117	0	0
1051	0	101	0	0
1052	0	93	0	0
1053	0	100	0	0
1054	0	107	0	0
1055	1	102	0	0
1056	0	105	0	0
1057	0	109	0	0
1058	0	124	0	0
1059	0	96	0	0
1060	0	96	0	0
1061	0	116	0	0
1062	0	108	0	0
1063	0	107	0	0
1064	0	104	0	0
1065	0	103	0	0
1066	1	101	0	0
1067	0	93	0	0
1068	0	113	0	0
1069	0	99	0	0
1070	0	114	0	0
1071	0	88	0	0
1072	0	84	0	0
1073	0	84	0	0
1074	1	96	0	0
1075	0	112	0	0
1076	0	74	0	0
1077	0	93	0	0
1078	0	77	0	0
1079	0	97	0	0
1080	1	99	0	0
1081	0	75	0	0
1082	1	87	0	0
1083	0	115	0	0
1084	0	86	0	0
1085	0	84	0	0
1086	0	106	0	0
1087	1	92	0	0
1088	0	90	0	0
1089	0	93	0	0
1090	1	92	0	0
1091	0	97	0	0
1092	0	105	0	0
1093	0	88	0	0
1094	0	100	0	0
1095	1	87	0	0
1096	0	106	0	0
1097	0	77	0	0
1098	0	102	0	0
1099	0	81	0	0
1100	0	83	0	0
1101	1	64	0	0
1102	0	78	0	0
1103	0	83	0	0
1104	0	94	0	0
1105	0	91	0	0
1106	0	95	0	0
1107	0	93	0	0
1108	0	90	0	0
1109	0	83	0	0
1110	0	93	0	0
1111	0	88	0	0
1112	0	87	0	0
1113	0	88	0	0
1114	0	93	0	0
1115	0	90	0	0
1116	0	62	0	0
1117	0	76	0	0
1118	1	92	0	0
1119	0	86	0	0
1120	0	78	0	0
1121	0	72	0	0
1122	0	80	0	0
1123	0	94	0	0
1124	0	65	0	0
1125	1	87	0	0
1126	0	82	0	0
1127	0	105	0	0
1128	0	81	0	0
1129	0	88	0	0
1130	0	78	0	0
1131	1	81	0	0
1132	1	90	0	0
1133	0	84	0	0
1134	0	81	0	0
1135	0	77	0	0
1136	0	84	0	0
1137	0	85	0	0
1138	0	73	0	0
1139	0	78	0	0
1140	1	80	0	0
1141	0	75	0	0
1142	0	81	0	0
1143	1	89	0	0
1144	0	69	0	0
1145	0	77	0	0
1146	0	78	0	0
1147	0	67	0	0
1148	0	87	0	0
1149	1	53	0	0
1150	1	75	0	0
1151	0	75	0	0
1152	0	69	0	0
1153	0	70	0	0
1154	0	76	0	0
1155	1	80	0	0
1156	0	83	0	0
1157	1	62	0	0
1158	0	63	0	0
1159	1	66	0	0
1160	0	72	0	0
1161	0	69	0	0
1162	1	89	0	0
1163	1	79	0	0
1164	0	85	0	0
1165	1	56	0	0
1166	1	65	0	0
1167	0	74	0	0
1168	0	63	0	0
1169	0	71	0	0
1170	0	56	0	0
1171	0	58	0	0
1172	0	60	0	0
1173	0	59	0	0
1174	0	48	0	0
1175	0	70	0	0
1176	1	69	0	0
1177	0	56	0	0
1178	0	69	0	0
1179	0	60	0	0
1180	0	59	0	0
1181	0	57	0	0
1182	0	62	0	0
1183	0	61	0	0
1184	0	60	0	0
1185	0	57	0	0
1186	1	54	0	0
1187	0	56	0	0
1188	0	59	0	0
1189	0	61	0	0
1190	0	60	0	0
1191	0	70	0	0
1192	1	61	0	0
1193	0	59	0	0
1194	1	66	0	0
1195	1	51	0	0
1196	1	68	0	0
1197	0	45	0	0
1198	0	50	0	0
1199	0	58	0	0
1200	0	49	0	0
1201	0	49	0	0
1202	0	53	0	0
1203	1	58	0	0
1204	0	58	0	0
1205	0	50	0	0
1206	1	44	0	0
1207	0	63	0	0
1208	0	40	0	0
1209	0	61	0	0
1210	0	55	0	0
1211	2	47	0	0
1212	1	53	0	0
1213	0	50	0	0
1214	0	33	0	0
1215	1	42	0	0
1216	0	54	0	0
1217	0	49	0	0
1218	2	66	0	0
1219	1	49	0	0
1220	0	55	0	0
1221	1	54	0	0
1222	1	43	0	0
1223	1	47	0	0
1224	0	58	0	0
1225	0	48	0	0
1226	0	51	0	0
1227	0	51	0	0
1228	0	42	0	0
1229	0	47	0	0
1230	0	48	0	0
1231	0	63	0	0
1232	0	46	0	0
1233	0	53	0	0
1234	0	40	0	0
1235	0	40	0	0
1236	1	38	0	0
1237	0	46	0	0
1238	1	47	0	0
1239	0	49	0	0
1240	1	57	0	0
1241	0	50	0	0
1242	0	46	0	0
1243	0	55	0	0
1244	0	48	0	0
1245	1	57	0	0
1246	0	40	0	0
1247	0	50	0	0
1248	1	44	0	0
1249	0	39	0	0
1250	1	36	0	0
1251	0	51	0	0
1252	1	53	0	0
1253	0	46	0	0
1254	1	47	0	0
1255	0	48	0	0
1256	0	49	0	0
1257	1	44	0	0
1258	0	39	0	0
1259	1	42	0	0
1260	0	39	0	0
1261	1	43	0	0
1262	0	42	0	0
1263	0	36	0	0
1264	0	39	0	0
1265	1	57	0	0
1266	0	42	0	0
1267	0	44	0	0
1268	1	43	0	0
1269	1	26	0	0
1270	0	27	0	0
1271	0	46	0	0
1272	1	37	0	0
1273	0	43	0	0
1274	1	28	0	0
1275	1	39	0	0
1276	1	51	0	0
1277	1	42	0	0
1278	1	54	0	0
1279	0	48	0	0
1280	0	46	0	0
1281	0	43	0	0
1282	0	38	0	0
1283	2	31	0	0
1284	0	45	0	0
1285	0	36	0	0
1286	0	37	0	0
1287	0	37	0	0
1288	2	38	0	0
1289	0	44	0	0
1290	0	29	0	0
1291	0	32	0	0
1292	1	41	0	0
1293	0	35	0	0
1294	1	38	0	0
1295	1	32	0	0
1296	0	38	0	0
1297	0	35	0	0
1298	1	41	0	0
1299	0	29	0	0
1300	0	35	0	0
1301	0	30	0	0
1302	2	30	0	0
1303	2	48	0	0
1304	2	37	0	0
1305	1	34	0	0
1306	0	29	0	0
1307	0	42	0	0
1308	0	38	0	0
1309	0	29	0	0
1310	1	36	0	0
1311	0	41	0	0
1312	0	23	0	0
1313	0	33	0	0
1314	1	42	0	0
1315	0	35	0	0
1316	0	27	0	0
1317	2	39	0	0
1318	0	39	0	0
1319	0	41	0	0
1320	2	30	0	0
1321	0	40	0	0
1322	0	35	0	0
1323	1	28	0	0
1324	1	40	0	0
1325	2	27	0	0
1326	0	20	0	0
1327	2	28	0	0
1328	1	24	0	0
1329	0	33	0	0
1330	2	39	0	0
1331	0	32	0	0
1332	2	34	0	0
1333	0	32	0	0
1334	0	25	0	0
1335	0	36	0	0
1336	2	36	0	0
1337	0	40	0	0
1338	1	35	0	0
1339	1	39	0	0
1340	1	24	0	0
1341	0	32	0	0
1342	0	41	0	0
1343	0	36	0	0
1344	1	28	0	0
1345	2	27	0	0
1346	2	26	0	0
1347	1	34	0	0
1348	2	33	0	0
1349	0	37	0	0
1350	0	30	0	0
1351	0	30	0	0
1352	0	34	0	0
1353	0	31	0	0
1354	0	26	0	0
1355	0	41	0	0
1356	0	28	0	0
1357	2	31	0	0
1358	0	33	0	0
1359	1	34	0	0
1360	1	24	0	0
1361	0	26	0	0
1362	1	34	0	0
1363	1	25	0	0
1364	0	32	0	0
1365	0	29	0	0
1366	1	38	0	0
1367	1	31	0	0
1368	0	24	0	0
1369	1	29	0	0
1370	1	36	0	0
1371	0	22	0	0
1372	1	21	0	0
1373	0	32	0	0
1374	2	16	0	0
1375	1	28	0	0
1376	0	30	0	0
1377	0	18	0	0
1378	1	28	0	0
1379	1	28	0	0
1380	0	31	0	0
1381	0	23	0	0
1382	1	28	0	0
1383	0	35	0	0
1384	0	26	0	0
1385	2	21	0	0
1386	2	18	0	0
1387	3	20	0	0
1388	1	33	0	0
1389	1	24	0	0
1390	1	28	0	0
1391	1	26	0	0
1392	1	17	0	0
1393	0	31	0	0
1394	0	20	0	0
1395	1	33	0	0
1396	1	27	0	0
1397	1	21	0	0
1398	0	22	0	0
1399	1	23	0	0
1400	0	22	0	0
1401	0	20	0	0
1402	1	26	0	0
1403	0	26	0	0
1404	2	20	0	0
1405	4	23	0	0
1406	1	25	0	0
1407	2	23	0	0
1408	0	19	0	0
1409	1	19	0	0
1410	0	25	0	0
1411	0	13	0	0
1412	1	27	0	0
1413	4	36	0	0
1414	0	21	0	0
1415	0	26	0	0
1416	0	27	0	0
1417	1	27	0	0
1418	1	20	0	0
1419	0	21	0	0
1420	0	16	0	0
1421	1	24	0	0
1422	2	16	0	0
1423	0	20	0	0
1424	2	22	0	0
1425	0	24	0	0
1426	2	21	0	0
1427	1	15	0	0
1428	2	26	0	0
1429	0	23	0	0
1430	1	18	0	0
1431	0	18	0	0
1432	1	18	0	0
1433	0	17	0	0
1434	0	20	0	0
1435	2	22	0	0
1436	1	19	0	0
1437	0	24	0	0
1438	0	19	0	0
1439	0	18	0	0
1440	0	14	0	0
1441	0	10	0	0
1442	0	26	0	0
1443	0	20	0	0
1444	1	20	0	0
1445	1	12	0	0
1446	2	11	0	0
1447	0	20	0	0
1448	0	13	0	0
1449	2	18	0	0
1450	0	23	0	0
1451	1	24	0	0
1452	0	15	0	0
1453	1	16	0	0
1454	0	17	0	0
1455	0	14	0	0
1456	2	19	0	0
1457	0	26	0	0
1458	0	23	0	0
1459	1	25	0	0
1460	0	22	0	0
1461	1	19	0	0
1462	0	24	0	0
1463	0	13	0	0
1464	1	18	0	0
1465	0	20	0	0
1466	1	18	0	0
1467	0	16	0	0
1468	0	15	0	0
1469	0	26	0	0
1470	1	22	0	0
1471	1	22	0	0
1472	1	20	0	0
1473	0	19	0	0
1474	1	13	0	0
1475	0	18	0	0
1476	0	16	0	0
1477	0	16	0	0
1478	1	14	0	0
1479	0	16	0	0
1480	1	18	0	0
1481	1	12	0	0
1482	1	17	0	0
1483	1	12	0	0
1484	1	12	0	0
1485	3	18	0	0
1486	1	11	0	0
1487	0	13	0	0
1488	1	19	0	0
1489	0	18	0	0
1490	2	19	0	0
1491	0	24	0	0
1492	0	15	0	0
1493	0	8	0	0
1494	1	12	0	0
1495	0	10	0	0
1496	3	17	0	0
1497	0	15	0	0
1498	2	21	0	0
1499	1	18	0	0
1500	0	23	0	0
1501	1	17	0	0
1502	0	12	0	0
1503	0	12	0	0
1504	2	14	0	0
1505	0	16	0	0
1506	1	13	0	0
1507	2	15	0	0
1508	0	7	0	0
1509	0	20	0	0
1510	1	18	0	0
1511	0	15	0	0
1512	2	18	0	0
1513	1	12	0	0
1514	0	10	0	0
1515	1	14	0	0
1516	0	14	0	0
1517	1	20	0	0
1518	0	15	0	0
1519	1	20	0	0
1520	0	15	0	0
1521	0	12	0	0
1522	0	11	0	0
1523	0	11	0	0
1524	1	19	0	0
1525	2	20	0	0
1526	0	8	0	0
1527	0	16	0	0
1528	2	9	0	0
1529	0	9	0	0
1530	0	11	0	0
1531	1	13	0	0
1532	0	19	0	0
1533	1	16	0	0
1534	0	13	0	0
1535	0	17	0	0
1536	3	13	0	0
1537	0	10	0	0
1538	2	8	0	0
1539	1	10	0	0
1540	1	11	0	0
1541	1	18	0	0
1542	1	8	0	0
1543	1	9	0	0
1544	0	18	0	0
1545	2	9	0	0
1546	2	15	0	0
1547	1	15	0	0
1548	2	19	0	0
1549	0	14	0	0
1550	2	10	0	0
1551	1	13	0	0
1552	0	16	0	0
1553	0	10	0	0
1554	1	9	0	0
1555	0	11	0	0
1556	1	12	0	0
1557	1	19	0	0
1558	1	13	0	0
1559	1	10	0	0
1560	1	12	0	0
1561	1	8	0	0
1562	2	10	0	0
1563	2	10	0	0
1564	3	16	0	0
1565	1	12	0	0
1566	1	10	0	0
1567	0	15	0	0
1568	1	7	0	0
1569	2	15	0	0
1570	0	10	0	0
1571	1	12	0	0
1572	1	14	0	0
1573	1	14	0	0
1574	1	12	0	0
1575	1	17	0	0
1576	0	16	0	0
1577	0	10	0	0
1578	0	11	0	0
1579	2	9	0	0
1580	2	10	0	0
1581	0	12	0	0
1582	0	6	0	0
1583	2	11	0	0
1584	0	12	0	0
1585	0	11	0	0
1586	0	13	0	0
1587	1	13	0	0
1588	2	16	0	0
1589	0	9	0	0
1590	1	11	0	0
1591	0	11	0	0
1592	1	11	0	0
1593	3	5	0	0
1594	0	8	0	0
1595	1	13	0	0
1596	1	10	0	0
1597	1	14	0	0
1598	3	8	0	0
1599	1	12	0	0
1600	0	14	0	0
1601	1	10	0	0
1602	0	10	0	0
1603	2	8	0	0
1604	2	7	0	0
1605	0	13	0	0
1606	1	8	0	0
1607	3	14	0	0
1608	1	10	0	0
1609	1	6	0	0
1610	0	9	0	0
1611	2	11	0	0
1612	1	8	0	0
1613	1	4	0	0
1614	1	12	0	0
1615	2	7	0	0
1616	0	7	0	0
1617	1	11	0	0
1618	1	9	0	0
1619	0	9	0	0
1620	0	14	0	0
1621	2	12	0	0
1622	1	6	0	0
1623	3	8	0	0
1624	3	7	0	0
1625	1	8	0	0
1626	0	10	0	0
1627	0	9	0	0
1628	0	15	0	0
1629	2	18	0	0
1630	0	15	0	0
1631	0	9	0	0
1632	1	9	0	0
1633	2	9	0	0
1634	1	11	0	0
1635	0	7	0	0
1636	1	6	0	0
1637	1	9	0	0
1638	2	7	0	0
1639	0	9	0	0
1640	1	8	0	0
1641	0	6	0	0
1642	0	8	0	0
1643	0	13	0	0
1644	0	7	0	0
1645	0	8	0	0
1646	0	8	0	0
1647	1	10	0	0
1648	1	8	0	0
1649	1	3	0	0
1650	1	6	0	0
1651	0	10	0	0
1652	2	9	0	0
1653	5	9	0	0
1654	2	5	0	0
1655	3	7	0	0
1656	1	3	0	0
1657	1	10	0	0
1658	1	6	0	0
1659	2	6	0	0
1660	1	5	0	0
1661	2	9	0	0
1662	1	5	0	0
1663	3	6	0	0
1664	0	11	0	0
1665	1	9	0	0
1666	0	9	0	0
1667	1	10	0	0
1668	0	8	0	0
1669	1	5	0	0
1670	0	5	0	0
1671	2	5	0	0
1672	1	10	0	0
1673	3	9	0	0
1674	2	8	0	0
1675	0	9	0	0
1676	1	12	0	0
1677	2	8	0	0
1678	1	7	0	0
1679	0	5	0	0
1680	1	5	0	0
1681	1	14	0	0
1682	3	8	0	0
1683	0	11	0	0
1684	2	7	0	0
1685	2	6	0	0
1686	0	7	0	0
1687	3	12	0	0
1688	2	12	0	0
1689	1	10	0	0
1690	0	11	0	0
1691	1	7	0	0
1692	0	5	0	0
1693	1	8	0	0
1694	1	9	0	0
1695	0	7	0	0
1696	1	10	0	0
1697	0	8	0	0
1698	2	9	0	0
1699	0	7	0	0
1700	1	12	0	0
1701	0	4	0	0
1702	0	6	0	0
1703	1	9	0	0
1704	3	4	0	0
1705	1	8	0	0
1706	1	11	0	0
1707	2	8	0	0
1708	1	5	0	0
1709	1	6	0	0
1710	0	8	0	0
1711	1	13	0	0
1712	0	6	0	0
1713	0	2	0	0
1714	0	6	0	0
1715	0	4	0	0
1716	0	8	0	0
1717	1	10	0	0
1718	1	5	0	0
1719	2	7	0	0
1720	2	9	0	0
1721	0	4	0	0
1722	0	6	0	0
1723	0	4	0	0
1724	0	6	0	0
1725	1	9	0	0
1726	2	6	0	0
1727	2	7	0	0
1728	0	9	0	0
1729	0	7	0	0
1730	2	9	0	0
1731	0	6	0	0
1732	1	8	0	0
1733	1	10	0	0
1734	0	5	0	0
1735	2	4	0	0
1736	1	8	0	0
1737	1	11	0	0
1738	3	7	0	0
1739	3	10	0	0
1740	1	5	0	0
1741	0	4	0	0
1742	2	6	0	0
1743	3	5	0	0
1744	1	5	0	0
1745	1	5	0	0
1746	2	9	0	0
1747	0	3	0	0
1748	1	7	0	0
1749	0	3	0	0
1750	0	8	0	0
1751	1	11	0	0
1752	0	3	0	0
1753	1	7	0	0
1754	2	6	0	0
1755	0	6	0	0
1756	1	4	0	0
1757	3	4	0	0
1758	1	6	0	0
1759	1	2	0	0
1760	0	7	0	0
1761	3	6	0	0
1762	4	9	0	0
1763	2	4	0	0
1764	1	6	0	0
1765	0	9	0	0
1766	0	9	0	0
1767	3	8	0	0
1768	1	3	0	0
1769	1	1	0	0
1770	1	7	0	0
1771	0	3	0	0
1772	2	6	0	0
1773	1	3	0	0
1774	1	6	0	0
1775	0	7	0	0
1776	0	5	0	0
1777	1	11	0	0
1778	0	2	0	0
1779	1	6	0	0
1780	1	4	0	0
1781	1	7	0	0
1782	1	6	0	0
1783	0	8	0	0
1784	0	5	0	0
1785	0	4	0	0
1786	1	8	0	0
1787	0	7	0	0
1788	1	5	0	0
1789	1	9	0	0
1790	0	7	0	0
1791	1	5	0	0
1792	1	9	0	0
1793	1	5	0	0
1794	0	5	0	0
1795	2	6	0	0
1796	0	10	0	0
1797	1	4	0	0
1798	0	3	0	0
1799	1	5	0	0
1800	2	3	0	0
1801	4	5	0	0
1802	1	5	0	0
1803	1	2	0	0
1804	2	9	0	0
1805	0	3	0	0
1806	0	5	0	0
1807	1	7	0	0
1808	0	11	0	0
1809	1	8	0	0
1810	0	2	0	0
1811	1	4	0	0
1812	1	7	0	0
1813	2	6	0	0
1814	3	4	0	0
1815	3	1	0	0
1816	1	3	0	0
1817	3	4	0	0
1818	2	7	0	0
1819	0	1	0	0
1820	1	3	0	0
1821	0	3	0	0
1822	0	5	0	0
1823	0	5	0	0
1824	0	6	0	0
1825	0	8	0	0
1826	1	8	0	0
1827	0	3	0	0
1828	0	6	0	0
1829	0	2	0	0
1830	1	5	0	0
1831	0	3	0	0
1832	0	4	0	0
1833	1	6	0	0
1834	1	5	0	0
1835	1	12	0	0
1836	1	7	0	0
1837	0	5	0	0
1838	0	2	0	0
1839	3	11	0	0
1840	1	4	0	0
1841	3	2	0	0
1842	2	6	0	0
1843	0	3	0	0
1844	1	7	0	0
1845	0	1	0	0
1846	2	4	0	0
1847	0	2	0	0
1848	1	2	0	0
1849	1	8	0	0
1850	3	6	0	0
1851	1	2	0	0
1852	2	4	0	0
1853	2	5	0	0
1854	1	5	0	0
1855	3	7	0	0
1856	0	0	0	0
1857	1	7	0	0
1858	2	3	0	0
1859	3	2	0	0
1860	1	7	0	0
1861	0	5	0	0
1862	0	3	0	0
1863	2	3	0	0
1864	0	8	0	0
1865	2	7	0	0
1866	3	4	0	0
1867	0	2	0	0
1868	0	7	0	0
1869	1	4	0	0
1870	1	4	0	0
1871	2	10	0	0
1872	0	12	0	0
1873	1	7	0	0
1874	0	5	0	0
1875	1	7	0	0
1876	2	5	0	0
1877	1	6	0	0
1878	1	2	0	0
1879	0	5	0	0
1880	1	7	0	0
1881	1	3	0	0
1882	2	4	0	0
1883	4	5	0	0
1884	1	5	0	0
1885	2	4	0	0
1886	1	4	0	0
1887	0	4	0	0
1888	1	5	0	0
1889	1	3	0	0
1890	2	6	0	0
1891	1	7	0	0
1892	0	7	0	0
1893	3	5	0	0
1894	1	7	0	0
1895	0	4	0	0
1896	1	0	0	0
1897	3	6	0	0
1898	0	2	0	0
1899	3	6	0	0
1900	2	6	0	0
1901	2	4	0	0
1902	0	8	0	0
1903	1	5	0	0
1904	2	2	0	0
1905	0	6	0	0
1906	1	2	0	0
1907	1	1	0	0
1908	3	5	0	0
1909	1	7	0	0
1910	4	5	0	0
1911	1	5	0	0
1912	3	5	0	0
1913	1	2	0	0
1914	2	3	0	0
1915	0	6	0	0
1916	1	5	0	0
1917	2	2	0	0
1918	2	4	0	0
1919	1	3	0	0
1920	0	4	0	0
1921	2	2	0	0
1922	3	5	0	0
1923	0	3	0	0
1924	1	4	0	0
1925	1	4	0	0
1926	1	5	0	0
1927	0	5	0	0
1928	2	4	0	0
1929	1	6	0	0
1930	0	5	0	0
1931	1	2	0	0
1932	1	4	0	0
1933	3	4	0	0
1934	0	2	0	0
1935	1	2	0	0
1936	1	2	0	0
1937	0	5	0	0
1938	3	3	0	0
1939	1	2	0	0
1940	2	4	0	0
1941	1	4	0	0
1942	1	2	0	0
1943	1	2	0	0
1944	1	1	0	0
1945	2	6	0	0
1946	2	5	0	0
1947	1	3	0	0
1948	1	3	0	0
1949	0	3	0	0
1950	1	6	0	0
1951	1	6	0	0
1952	1	4	0	0
1953	2	5	0	0
1954	2	3	0	0
1955	1	3	0	0
1956	0	7	0	0
1957	2	4	0	0
1958	1	4	0	0
1959	0	2	0	0
1960	2	4	0	0
1961	2	4	0	0
1962	2	5	0	0
1963	0	1	0	0
1964	0	1	0	0
1965	2	4	0	0
1966	1	3	0	0
1967	4	4	0	0
1968	0	5	0	0
1969	1	4	0	0
1970	0	3	0	0
1971	2	1	0	0
1972	3	1	0	0
1973	1	3	0	0
1974	0	5	0	0
1975	2	1	0	0
1976	1	3	0	0
1977	0	6	0	0
1978	2	0	0	0
1979	1	3	0	0
1980	1	4	0	0
1981	1	3	0	0
1982	0	5	0	0
1983	1	3	0	0
1984	0	4	0	0
1985	2	2	0	0
1986	1	1	0	0
1987	0	6	0	0
1988	1	2	0	0
1989	1	6	0	0
1990	5	1	0	0
1991	1	2	0	0
1992	3	2	0	0
1993	1	1	0	0
1994	1	3	0	0
1995	1	4	0	0
1996	2	4	0	0
1997	2	2	0	0
1998	1	3	0	0
1999	1	3	0	0
2000	1	4	0	0
2001	0	3	0	0
2002	5	4	0	0
2003	1	4	0	0
2004	3	5	0	0
2005	2	4	0	0
2006	2	6	0	0
2007	2	2	0	0
2008	1	4	0	0
2009	1	4	0	0
2010	5	7	0	0
2011	4	6	0	0
2012	2	3	0	0
2013	3	4	0	0
2014	0	4	0	0
2015	1	4	0	0
2016	0	1	0	0
2017	1	3	0	0
2018	2	4	0	0
2019	4	5	0	0
2020	1	4	0	0
2021	2	3	0	0
2022	2	3	0	0
2023	2	6	0	0
2024	1	3	0	0
2025	2	3	0	0
2026	4	3	0	0
2027	3	5	0	0
2028	3	5	0	0
2029	1	4	0	0
2030	1	3	0	0
2031	0	5	0	0
2032	0	4	0	0
2033	2	4	0	0
2034	0	3	0	0
2035	2	4	0	0
2036	1	7	0	0
2037	1	1	0	0
2038	2	4	0	0
2039	3	1	0	0
2040	1	4	0	0
2041	1	2	0	0
2042	2	1	0	0
2043	4	2	0	0
2044	0	3	0	0
2045	1	4	0	0
2046	2	3	0	0
2047	2	6	0	0
2048	2	6	0	0
2049	1	3	0	0
2050	0	1	0	0
2051	1	6	0	0
2052	0	3	0	0
2053	1	5	0	0
2054	1	1	0	0
2055	0	2	0	0
2056	0	9	0	0
2057	1	4	0	0
2058	0	2	0	0
2059	0	1	0	0
2060	1	6	0	0
2061	1	7	0	0
2062	3	4	0	0
2063	2	3	0	0
2064	5	1	0	0
2065	2	2	0	0
2066	0	2	0	0
2067	1	5	0	0
2068	2	7	0	0
2069	1	6	0	0
2070	1	4	0	0
2071	0	5	0	0
2072	1	5	0	0
2073	0	2	0	0
2074	0	4	0	0
2075	1	4	0	0
2076	2	3	0	0
2077	1	2	0	0
2078	2	4	0	0
2079	2	5	0	0
2080	1	4	0	0
2081	3	3	0	0
2082	4	4	0	0
2083	3	2	0	0
2084	3	4	0	0
2085	3	1	0	0
2086	4	3	0	0
2087	0	3	0	0
2088	0	4	0	0
2089	1	0	0	0
2090	2	4	0	0
2091	0	1	0	0
2092	1	2	0	0
2093	0	2	0	0
2094	2	2	0	0
2095	2	3	0	0
2096	1	2	0	0
2097	3	1	0	0
2098	3	1	0	0
2099	3	2	0	0
2100	2	2	0	0
2101	2	7	0	0
2102	3	3	0	0
2103	1	3	0	0
2104	2	4	0	0
2105	2	0	0	0
2106	2	5	0	0
2107	1	3	0	0
2108	2	1	0	0
2109	0	0	0	0
2110	2	1	0	0
2111	0	5	0	0
2112	1	2	0	0
2113	1	2	0	0
2114	1	4	0	0
2115	2	4	0	0
2116	1	3	0	0
2117	1	6	0	0
2118	0	1	0	0
2119	2	3	0	0
2120	2	3	0	0
2121	2	3	0	0
2122	0	1	0	0
2123	3	2	0	0
2124	0	3	0	0
2125	2	2	0	0
2126	2	3	0	0
2127	2	1	0	0
2128	2	0	0	0
2129	2	4	0	0
2130	1	4	0	0
2131	4	1	0	0
2132	1	1	0	0
2133	1	4	0	0
2134	0	4	0	0
2135	1	1	0	0
2136	3	4	0	0
2137	3	6	0	0
2138	2	5	0	0
2139	3	2	0	0
2140	0	4	0	0
2141	6	0	0	0
2142	1	3	0	0
2143	1	1	0	0
2144	2	4	0	0
2145	1	2	0	0
2146	3	3	0	0
2147	3	2	0	0
2148	1	4	0	0
2149	0	1	0	0
2150	1	4	0	0
2151	0	4	0	0
2152	0	4	0	0
2153	2	3	0	0
2154	1	4	0	0
2155	1	5	0	0
2156	2	7	0	0
2157	2	4	0	0
2158	1	1	0	0
2159	3	3	0	0
2160	3	6	0	0
2161	1	5	0	0
2162	2	3	0	0
2163	2	6	0	0
2164	4	2	0	0
2165	2	5	0	0
2166	4	4	0	0
2167	2	3	0	0
2168	2	1	0	0
2169	1	5	0	0
2170	0	3	0	0
2171	1	3	0	0
2172	1	3	0	0
2173	1	7	0	0
2174	2	2	0	0
2175	0	2	0	0
2176	2	3	0	0
2177	2	3	0	0
2178	1	0	0	0
2179	2	3	0	0
2180	1	3	0	0
2181	3	4	0	0
2182	0	2	0	0
2183	1	5	0	0
2184	4	1	0	0
2185	1	3	0	0
2186	2	4	0	0
2187	0	3	0	0
2188	2	1	0	0
2189	1	3	0	0
2190	0	1	0	0
2191	1	4	0	0
2192	1	6	0	0
2193	5	2	0	0
2194	3	3	0	0
2195	2	3	0	0
2196	0	4	0	0
2197	1	3	0	0
2198	2	6	0	0
2199	3	2	0	0
2200	2	3	0	0
2201	0	0	0	0
2202	0	4	0	0
2203	2	3	0	0
2204	1	5	0	0
2205	0	3	0	0
2206	2	5	0	0
2207	2	2	0	0
2208	1	5	0	0
2209	1	2	0	0
2210	4	0	0	0
2211	1	2	0	0
2212	0	4	0	0
2213	1	7	0	0
2214	1	5	0	0
2215	2	5	0	0
2216	1	2	0	0
2217	2	2	0	0
2218	2	4	0	0
2219	1	0	0	0
2220	1	4	0	0
2221	1	1	0	0
2222	0	2	0	0
2223	4	2	0	0
2224	0	5	0	0
2225	2	1	0	0
2226	3	2	0	0
2227	2	3	0	0
2228	1	4	0	0
2229	3	4	0	0
2230	2	1	0	0
2231	4	1	0	0
2232	0	8	0	0
2233	3	8	0	0
2234	2	4	0	0
2235	0	5	0	0
2236	2	5	0	0
2237	1	0	0	0
2238	2	1	0	0
2239	1	3	0	0
2240	1	2	0	0
2241	0	3	0	0
2242	0	2	0	0
2243	0	2	0	0
2244	1	5	0	0
2245	3	1	0	0
2246	0	2	0	0
2247	3	5	0	0
2248	2	1	0	0
2249	2	2	0	0
2250	0	6	0	0
2251	1	5	0	0
2252	0	5	0	0
2253	0	3	0	0
2254	2	6	0	0
2255	0	3	0	0
2256	0	2	0	0
2257	0	3	0	0
2258	2	3	0	0
2259	0	5	0	0
2260	3	3	0	0
2261	3	2	0	0
2262	2	2	0	0
2263	2	0	0	0
2264	1	5	0	0
2265	2	4	0	0
2266	2	3	0	0
2267	1	3	0	0
2268	0	2	0	0
2269	1	3	0	0
2270	0	1	0	0
2271	3	4	0	0
2272	0	4	0	0
2273	0	3	0	0
2274	0	3	0	0
2275	0	5	0	0
2276	1	4	0	0
2277	0	4	0	0
2278	3	2	0	0
2279	1	4	0	0
2280	2	5	0	0
2281	2	3	0	0
2282	1	6	0	0
2283	0	2	0	0
2284	1	2	0	0
2285	1	2	0	0
2286	1	5	0	0
2287	1	3	0	0
2288	2	4	0	0
2289	2	1	0	0
2290	1	6	0	0
2291	1	0	0	0
2292	1	4	0	0
2293	0	1	0	0
2294	1	2	0	0
2295	4	2	0	0
2296	1	2	0	0
2297	0	6	0	0
2298	1	4	0	0
2299	2	2	0	0
2300	1	0	0	0
2301	0	4	0	0
2302	0	3	0	0
2303	4	4	0	0
2304	3	2	0	0
2305	3	4	0	0
2306	4	4	0	0
2307	1	4	0	0
2308	0	4	0	0
2309	1	2	0	0
2310	2	2	0	0
2311	4	3	0	0
2312	1	3	0	0
2313	3	2	0	0
2314	0	2	0	0
2315	1	4	0	0
2316	1	4	0	0
2317	1	5	0	0
2318	1	2	0	0
2319	0	3	0	0
2320	2	1	0	0
2321	1	2	0	0
2322	6	5	0	0
2323	4	4	0	0
2324	1	4	0	0
2325	3	6	0	0
2326	2	6	0	0
2327	2	4	0	0
2328	2	2	0	0
2329	0	4	0	0
2330	1	4	0	0
2331	1	4	0	0
2332	0	3	0	0
2333	1	2	0	0
2334	0	1	0	0
2335	2	3	0	0
2336	0	3	0	0
2337	1	1	0	0
2338	1	4	0	0
2339	1	0	0	0
2340	2	1	0	0
2341	1	5	0	0
2342	1	1	0	0
2343	1	3	0	0
2344	1	3	0	0
2345	3	4	0	0
2346	1	2	0	0
2347	3	3	0	0
2348	4	5	0	0
2349	2	5	0	0
2350	1	3	0	0
2351	1	2	0	0
2352	0	5	0	0
2353	0	1	0	0
2354	2	3	0	0
2355	1	2	0	0
2356	2	5	0	0
2357	2	2	0	0
2358	1	4	0	0
2359	1	2	0	0
2360	2	6	0	0
2361	0	4	0	0
2362	1	4	0	0
2363	3	2	0	0
2364	1	3	0	0
2365	0	3	0	0
2366	2	1	0	0
2367	2	3	0	0
2368	1	0	0	0
2369	2	4	0	0
2370	0	1	0	0
2371	1	0	0	0
2372	0	5	0	0
2373	3	3	0	0
2374	1	3	0	0
2375	1	2	0	0
2376	1	5	0	0
2377	0	3	0	0
2378	0	5	0	0
2379	2	4	0	0
2380	0	5	0	0
2381	2	1	0	0
2382	1	2	0	0
2383	1	4	0	0
2384	1	5	0	0
2385	1	2	0	0
2386	0	3	0	0
2387	1	2	0	0
2388	0	4	0	0
2389	0	5	0	0
2390	1	4	0	0
2391	1	3	0	0
2392	0	2	0	0
2393	3	1	0	0
2394	1	3	0	0
2395	0	3	0	0
2396	3	1	0	0
2397	1	4	0	0
2398	1	4	0	0
2399	4	2	0	0
2400	0	4	0	0
2401	1	3	0	0
2402	5	3	0	0
2403	1	5	0	0
2404	1	1	0	0
2405	1	5	0	0
2406	4	7	0	0
2407	1	0	0	0
2408	3	2	0	0
2409	1	1	0	0
2410	2	2	0	0
2411	2	0	0	0
2412	2	3	0	0
2413	1	3	0	0
2414	1	1	0	0
2415	4	3	0	0
2416	2	5	0	0
2417	1	2	0	0
2418	0	2	0	0
2419	0	5	0	0
2420	3	4	0	0
2421	1	4	0	0
2422	2	4	0	0
2423	1	2	0	0
2424	3	2	0	0
2425	2	4	0	0
2426	1	3	0	0
2427	0	2	0	0
2428	0	3	0	0
2429	1	0	0	0
2430	0	5	0	0
2431	2	4	0	0
2432	1	4	0	0
2433	0	4	0	0
2434	0	9	0	0
2435	0	0	0	0
2436	0	3	0	0
2437	0	3	0	0
2438	0	3	0	0
2439	2	2	0	0
2440	0	2	0	0
2441	1	1	0	0
2442	2	3	0	0
2443	2	2	0	0
2444	4	3	0	0
2445	2	2	0	0
2446	0	2	0	0
2447	1	3	0	0
2448	1	2	0	0
2449	1	2	0	0
2450	0	0	0	0
2451	1	0	0	0
2452	1	0	0	0
2453	2	2	0	0
2454	1	1	0	0
2455	4	8	0	0
2456	1	2	0	0
2457	1	3	0	0
2458	1	4	0	0
2459	3	4	0	0
2460	1	0	0	0
2461	3	2	0	0
2462	3	4	0	0
2463	1	3	0	0
2464	1	1	0	0
2465	0	2	0	0
2466	2	6	0	0
2467	0	7	0	0
2468	1	3	0	0
2469	1	4	0	0
2470	4	5	0	0
2471	3	2	0	0
2472	2	1	0	0
2473	2	3	0	0
2474	1	1	0	0
2475	1	5	0	0
2476	0	2	0	0
2477	1	3	0	0
2478	0	4	0	0
2479	0	2	0	0
2480	1	2	0	0
2481	1	5	0	0
2482	2	3	0	0
2483	1	3	0	0
2484	0	3	0	0
2485	1	3	0	0
2486	0	3	0	0
2487	1	2	0	0
2488	1	5	0	0
2489	1	1	0	0
2490	0	2	0	0
2491	2	4	0	0
2492	0	1	0	0
2493	4	3	0	0
2494	0	5	0	0
2495	1	6	0	0
2496	0	4	0	0
2497	2	4	0	0
2498	0	3	0	0
2499	2	0	0	0
2500	1	6	0	0
2501	1	0	0	0
2502	5	5	0	0
2503	0	1	0	0
2504	0	6	0	0
2505	1	5	0	0
2506	2	4	0	0
2507	1	5	0	0
2508	2	3	0	0
2509	3	3	0	0
2510	2	4	0	0
2511	4	4	0	0
2512	0	2	0	0
2513	0	6	0	0
2514	2	7	0	0
2515	1	4	0	0
2516	1	2	0	0
2517	2	2	0	0
2518	1	1	0	0
2519	1	3	0	0
2520	0	5	0	0
2521	3	3	0	0
2522	0	3	0	0
2523	3	1	0	0
2524	0	1	0	0
2525	1	1	0	0
2526	1	4	0	0
2527	1	3	0	0
2528	1	5	0	0
2529	2	0	0	0
2530	0	6	0	0
2531	3	3	0	0
2532	1	7	0	0
2533	1	3	0	0
2534	2	1	0	0
2535	1	0	0	0
2536	2	3	0	0
2537	1	4	0	0
2538	3	1	0	0
2539	1	5	0	0
2540	1	2	0	0
2541	1	2	0	0
2542	1	3	0	0
2543	0	3	0	0
2544	0	2	0	0
2545	3	2	0	0
2546	1	2	0	0
2547	2	3	0	0
2548	2	1	0	0
2549	1	6	0	0
2550	0	2	0	0
2551	2	2	0	0
2552	0	2	0	0
2553	1	3	0	0
2554	0	3	0	0
2555	6	5	0	0
2556	6	5	0	0
2557	0	3	0	0
2558	1	6	0	0
2559	2	1	0	0
2560	5	2	0	0
2561	0	4	0	0
2562	2	4	0	0
2563	0	5	0	0
2564	0	0	0	0
2565	0	7	0	0
2566	0	2	0	0
2567	0	3	0	0
2568	0	1	0	0
2569	1	1	0	0
2570	1	5	0	0
2571	1	3	0	0
2572	2	1	0	0
2573	1	2	0	0
2574	2	5	0	0
2575	2	3	0	0
2576	1	1	0	0
2577	2	1	0	0
2578	0	3	0	0
2579	1	3	0	0
2580	0	3	0	0
2581	0	2	0	0
2582	3	2	0	0
2583	1	1	0	0
2584	2	4	0	0
2585	1	6	0	0
2586	2	2	0	0
2587	1	2	0	0
2588	0	2	0	0
2589	3	2	0	0
2590	1	5	0	0
2591	0	4	0	0
2592	2	6	0	0
2593	0	4	0	0
2594	3	7	0	0
2595	2	3	0	0
2596	1	3	0	0
2597	1	1	0	0
2598	3	2	0	0
2599	2	4	0	0
2600	0	3	0	0
2601	0	1	0	0
2602	1	3	0	0
2603	1	2	0	0
2604	0	1	0	0
2605	1	2	0	0
2606	2	2	0	0
2607	0	3	0	0
2608	0	6	0	0
2609	0	2	0	0
2610	0	5	0	0
2611	2	2	0	0
2612	2	2	0	0
2613	1	2	0	0
2614	2	2	0	0
2615	4	2	0	0
2616	0	2	0	0
2617	1	6	0	0
2618	2	1	0	0
2619	0	3	0	0
2620	1	2	0	0
2621	2	2	0	0
2622	0	1	0	0
2623	1	7	0	0
2624	3	6	0	0
2625	2	3	0	0
2626	2	2	0	0
2627	2	1	0	0
2628	2	4	0	0
2629	2	7	0	0
2630	1	2	0	0
2631	0	4	0	0
2632	2	4	0	0
2633	0	4	0	0
2634	1	4	0	0
2635	3	1	0	0
2636	2	6	0	0
2637	1	3	0	0
2638	4	1	0	0
2639	0	4	0	0
2640	3	7	0	0
2641	2	4	0	0
2642	1	3	0	0
2643	0	2	0	0
2644	1	3	0	0
2645	1	3	0	0
2646	2	2	0	0
2647	1	1	0	0
2648	0	5	0	0
2649	2	2	0	0
2650	2	3	0	0
2651	2	1	0	0
2652	3	1	0	0
2653	1	3	0	0
2654	1	5	0	0
2655	2	6	0	0
2656	0	6	0	0
2657	0	6	0	0
2658	2	3	0	0
2659	0	1	0	0
2660	0	1	0	0
2661	0	2	0	0
2662	2	6	0	0
2663	2	5	0	0
2664	3	2	0	0
2665	3	2	0	0
2666	0	3	0	0
2667	1	2	0	0
2668	5	7	0	0
2669	1	1	0	0
2670	2	2	0	0
2671	0	5	0	0
2672	0	2	0	0
2673	3	2	0	0
2674	1	0	0	0
2675	1	2	0	0
2676	0	4	0	0
2677	1	4	0	0
2678	2	2	0	0
2679	2	2	0	0
2680	0	1	0	0
2681	1	1	0	0
2682	4	0	0	0
2683	2	1	0	0
2684	1	4	0	0
2685	4	3	0	0
2686	0	4	0	0
2687	3	6	0	0
2688	2	4	0	0
2689	1	3	0	0
2690	0	5	0	0
2691	3	4	0	0
2692	1	3	0	0
2693	3	5	0	0
2694	1	3	0	0
2695	0	6	0	0
2696	4	3	0	0
2697	0	3	0	0
2698	0	2	0	0
2699	3	2	0	0
2700	1	3	0	0
2701	0	5	0	0
2702	2	4	0	0
2703	1	2	0	0
2704	1	4	0	0
2705	0	0	0	0
2706	0	3	0	0
2707	2	4	0	0
2708	0	2	0	0
2709	1	8	0	0
2710	1	8	0	0
2711	0	1	0	0
2712	4	6	0	0
2713	3	1	0	0
2714	0	1	0	0
2715	0	5	0	0
2716	2	5	0	0
2717	1	2	0	0
2718	2	4	0	0
2719	0	4	0	0
2720	2	5	0	0
2721	1	5	0	0
2722	3	2	0	0
2723	1	4	0	0
2724	0	3	0	0
2725	3	5	0	0
2726	1	3	0	0
2727	2	1	0	0
2728	3	0	0	0
2729	3	5	0	0
2730	2	2	0	0
2731	2	6	0	0
2732	0	3	0	0
2733	0	3	0	0
2734	3	3	0	0
2735	1	5	0	0
2736	0	2	0	0
2737	0	1	0	0
2738	0	5	0	0
2739	1	2	0	0
2740	1	5	0	0
2741	1	3	0	0
2742	5	5	0	0
2743	2	5	0	0
2744	0	2	0	0
2745	0	4	0	0
2746	1	0	0	0
2747	1	2	0	0
2748	1	2	0	0
2749	0	3	0	0
2750	5	1	0	0
2751	2	2	0	0
2752	0	4	0	0
2753	2	2	0	0
2754	0	3	0	0
2755	2	3	0	0
2756	3	3	0	0
2757	3	3	0	0
2758	1	3	0	0
2759	2	4	0	0
2760	1	0	0	0
2761	0	3	0	0
2762	3	3	0	0
2763	3	2	0	0
2764	3	5	0	0
2765	0	2	0	0
2766	1	2	0	0
2767	2	1	0	0
2768	1	6	0	0
2769	1	4	0	0
2770	2	6	0	0
2771	1	3	0	0
2772	4	2	0	0
2773	2	4	0	0
2774	0	4	0	0
2775	1	3	0	0
2776	2	5	0	0
2777	3	2	0	0
2778	0	3	0	0
2779	1	4	0	0
2780	4	4	0	0
2781	3	5	0	0
2782	2	1	0	0
2783	0	4	0	0
2784	1	4	0	0
2785	3	3	0	0
2786	2	1	0	0
2787	0	1	0	0
2788	1	1	0	0
2789	2	3	0	0
2790	1	2	0	0
2791	0	4	0	0
2792	2	3	0	0
2793	4	2	0	0
2794	1	3	0	0
2795	0	2	0	0
2796	3	5	0	0
2797	1	3	0	0
2798	0	1	0	0
2799	1	2	0	0
2800	2	5	0	0
2801	1	2	0	0
2802	2	3	0	0
2803	4	1	0	0
2804	1	1	0	0
2805	0	4	0	0
2806	2	2	0	0
2807	1	3	0	0
2808	1	2	0	0
2809	2	0	0	0
2810	2	1	0	0
2811	1	5	0	0
2812	2	2	0	0
2813	3	5	0	0
2814	1	1	0	0
2815	0	2	0	0
2816	1	2	0	0
2817	2	3	0	0
2818	1	3	0	0
2819	1	3	0	0
2820	2	4	0	0
2821	2	3	0	0
2822	1	1	0	0
2823	2	2	0	0
2824	1	3	0	0
2825	1	5	0	0
2826	2	3	0	0
2827	1	2	0	0
2828	0	2	0	0
2829	0	0	0	0
2830	2	2	0	0
2831	2	2	0	0
2832	2	4	0	0
2833	3	2	0	0
2834	1	2	0	0
2835	3	3	0	0
2836	0	3	0	0
2837	1	2	0	0
2838	1	2	0	0
2839	2	2	0	0
2840	0	3	0	0
2841	4	3	0	0
2842	3	1	0	0
2843	2	2	0	0
2844	2	3	0	0
2845	2	2	0	0
2846	1	2	0	0
2847	2	2	0	0
2848	1	4	0	0
2849	1	7	0	0
2850	3	4	0	0
2851	0	2	0	0
2852	1	5	0	0
2853	3	3	0	0
2854	2	1	0	0
2855	3	4	0	0
2856	2	3	0	0
2857	1	5	0	0
2858	3	2	0	0
2859	3	2	0	0
2860	2	2	0	0
2861	1	5	0	0
2862	1	2	0	0
2863	1	6	0	0
2864	1	4	0	0
2865	3	4	0	0
2866	1	5	0	0
2867	3	1	0	0
2868	1	1	0	0
2869	0	1	0	0
2870	2	5	0	0
2871	0	2	0	0
2872	2	6	0	0
2873	2	1	0	0
2874	1	1	0	0
2875	0	3	0	0
2876	0	4	0	0
2877	3	1	0	0
2878	2	3	0	0
2879	2	4	0	0
2880	4	3	0	0
2881	2	5	0	0
2882	2	4	0	0
2883	2	2	0	0
2884	1	2	0	0
2885	0	6	0	0
2886	2	2	0	0
2887	1	1	0	0
2888	0	1	0	0
2889	1	4	0	0
2890	0	4	0	0
2891	2	0	0	0
2892	1	2	0	0
2893	1	3	0	0
2894	1	3	0	0
2895	1	4	0	0
2896	3	3	0	0
2897	2	6	0	0
2898	1	4	0	0
2899	0	4	0	0
2900	1	1	0	0
2901	0	1	0	0
2902	1	6	0	0
2903	1	1	0	0
2904	2	4	0	0
2905	2	3	0	0
2906	0	4	0	0
2907	0	6	0	0
2908	0	1	0	0
2909	2	3	0	0
2910	2	2	0	0
2911	2	4	0	0
2912	0	2	0	0
2913	1	1	0	0
2914	0	5	0	0
2915	2	4	0	0
2916	0	3	0	0
2917	0	2	0	0
2918	1	2	0	0
2919	4	3	0	0
2920	1	3	0	0
2921	0	2	0	0
2922	2	3	0	0
2923	0	2	0	0
2924	1	1	0	0
2925	2	3	0	0
2926	1	4	0	0
2927	3	4	0	0
2928	2	5	0	0
2929	2	1	0	0
2930	0	1	0	0
2931	0	3	0	0
2932	1	1	0	0
2933	4	2	0	0
2934	1	1	0	0
2935	0	1	0	0
2936	1	1	0	0
2937	2	1	0	0
2938	2	3	0	0
2939	2	2	0	0
2940	2	1	0	0
2941	0	1	0	0
2942	0	1	0	0
2943	3	4	0	0
2944	2	5	0	0
2945	0	2	0	0
2946	3	5	0	0
2947	2	1	0	0
2948	2	2	0	0
2949	2	1	0	0
2950	1	4	0	0
2951	1	2	0	0
2952	0	1	0	0
2953	1	5	0	0
2954	0	4	0	0
2955	1	3	0	0
2956	0	3	0	0
2957	0	4	0	0
2958	1	5	0	0
2959	0	4	0	0
2960	1	3	0	0
2961	0	6	0	0
2962	0	1	0	0
2963	1	4	0	0
2964	1	1	0	0
2965	0	5	0	0
2966	3	0	0	0
2967	1	5	0	0
2968	2	1	0	0
2969	0	3	0	0
2970	2	1	0	0
2971	5	3	0	0
2972	3	4	0	0
2973	0	5	0	0
2974	2	2	0	0
2975	0	3	0	0
2976	0	3	0	0
2977	1	0	0	0
2978	2	1	0	0
2979	3	1	0	0
2980	3	3	0	0
2981	2	2	0	0
2982	0	3	0	0
2983	2	5	0	0
2984	0	3	0	0
2985	1	0	0	0
2986	1	3	0	0
2987	2	1	0	0
2988	2	4	0	0
2989	0	6	0	0
2990	1	3	0	0
2991	1	2	0	0
2992	2	2	0	0
2993	0	0	0	0
2994	0	3	0	0
2995	1	2	0	0
2996	0	3	0	0
2997	0	2	0	0
2998	0	3	0	0
2999	1	1	0	0
3000	1	5	0	0
3001	3	2	0	0
3002	2	3	0	0
3003	1	2	0	0
3004	0	3	0	0
3005	0	2	0	0
3006	0	3	0	0
3007	1	4	0	0
3008	2	1	0	0
3009	2	0	0	0
3010	2	4	0	0
3011	3	1	0	0
3012	1	4	0	0
3013	2	1	0	0
3014	4	1	0	0
3015	1	2	0	0
3016	1	5	0	0
3017	0	5	0	0
3018	1	5	0	0
3019	0	1	0	0
3020	0	1	0	0
3021	1	3	0	0
3022	0	1	0	0
3023	0	2	0	0
3024	0	5	0	0
3025	0	4	0	0
3026	1	3	0	0
3027	2	2	0	0
3028	2	4	0	0
3029	1	1	0	0
3030	0	2	0	0
3031	2	6	0	0
3032	2	5	0	0
3033	0	1	0	0
3034	1	5	0	0
3035	0	5	0	0
3036	1	1	0	0
3037	3	3	0	0
3038	1	2	0	0
3039	1	5	0	0
3040	1	4	0	0
3041	1	0	0	0
3042	0	3	0	0
3043	2	1	0	0
3044	1	3	0	0
3045	3	2	0	0
3046	1	1	0	0
3047	2	4	0	0
3048	2	4	0	0
3049	1	1	0	0
3050	1	6	0	0
3051	4	4	0	0
3052	1	2	0	0
3053	0	3	0	0
3054	3	4	0	0
3055	2	3	0	0
3056	1	3	0	0
3057	2	3	0	0
3058	1	3	0	0
3059	2	5	0	0
3060	4	6	0	0
3061	1	2	0	0
3062	3	4	0	0
3063	0	2	0	0
3064	1	2	0	0
3065	0	2	0	0
3066	1	3	0	0
3067	1	4	0	0
3068	0	2	0	0
3069	1	1	0	0
3070	2	3	0	0
3071	2	3	0	0
3072	1	7	0	0
3073	2	5	0	0
3074	1	1	0	0
3075	1	0	0	0
3076	1	3	0	0
3077	1	3	0	0
3078	1	6	0	0
3079	0	6	0	0
3080	1	0	0	0
3081	2	3	0	0
3082	3	2	0	0
3083	0	2	0	0
3084	3	3	0	0
3085	2	3	0	0
3086	0	3	0	0
3087	0	2	0	0
3088	1	3	0	0
3089	2	0	0	0
3090	1	1	0	0
3091	1	0	0	0
3092	0	3	0	0
3093	2	4	0	0
3094	0	2	0	0
3095	1	4	0	0
3096	1	9	0	0
3097	2	3	0	0
3098	1	2	0	0
3099	1	3	0	0
3100	1	4	0	0
3101	0	3	0	0
3102	0	0	0	0
3103	2	1	0	0
3104	1	2	0	0
3105	1	5	0	0
3106	0	3	0	0
3107	2	3	0	0
3108	2	5	0	0
3109	1	2	0	0
3110	3	0	0	0
3111	0	3	0	0
3112	4	4	0	0
3113	1	1	0	0
3114	1	5	0	0
3115	3	3	0	0
3116	0	5	0	0
3117	4	4	0	0
3118	2	1	0	0
3119	1	2	0	0
3120	1	3	0	0
3121	1	3	0	0
3122	0	5	0	0
3123	1	4	0	0
3124	1	7	0	0
3125	2	2	0	0
3126	0	3	0	0
3127	0	2	0	0
3128	3	3	0	0
3129	1	1	0	0
3130	1	0	0	0
3131	0	3	0	0
3132	1	3	0	0
3133	0	4	0	0
3134	1	3	0	0
3135	0	4	0	0
3136	2	3	0	0
3137	0	0	0	0
3138	1	3	0	0
3139	0	2	0	0
3140	1	3	0	0
3141	1	2	0	0
3142	1	1	0	0
3143	3	5	0	0
3144	1	4	0	0
3145	1	5	0	0
3146	2	2	0	0
3147	1	0	0	0
3148	1	7	0	0
3149	2	4	0	0
3150	0	1	0	0
3151	0	1	0	0
3152	2	3	0	0
3153	1	2	0	0
3154	1	2	0	0
3155	1	0	0	0
3156	0	2	0	0
3157	0	2	0	0
3158	0	0	0	0
3159	0	0	0	0
3160	0	3	0	0
3161	3	3	0	0
3162	1	0	0	0
3163	0	2	0	0
3164	1	4	0	0
3165	0	4	0	0
3166	3	3	0	0
3167	1	2	0	0
3168	0	2	0	0
3169	1	3	0	0
3170	3	2	0	0
3171	0	0	0	0
3172	0	1	0	0
3173	0	4	0	0
3174	3	3	0	0
3175	0	5	0	0
3176	1	3	0	0
3177	1	1	0	0
3178	0	3	0	0
3179	1	0	0	0
3180	1	1	0	0
3181	2	3	0	0
3182	0	1	0	0
3183	3	0	0	0
3184	0	4	0	0
3185	0	2	0	0
3186	0	1	0	0
3187	2	1	0	0
3188	2	4	0	0
3189	2	2	0	0
3190	1	1	0	0
3191	2	2	0	0
3192	0	4	0	0
3193	0	5	0	0
3194	3	2	0	0
3195	2	5	0	0
3196	1	2	0	0
3197	0	2	0	0
3198	0	5	0	0
3199	0	2	0	0
3200	2	3	0	0
3201	1	1	0	0
3202	0	3	0	0
3203	0	4	0	0
3204	1	1	0	0
3205	0	0	0	0
3206	0	4	0	0
3207	1	0	0	0
3208	0	1	0	0
3209	1	6	0	0
3210	0	4	0	0
3211	0	4	0	0
3212	1	4	0	0
3213	2	3	0	0
3214	0	1	0	0
3215	1	1	0	0
3216	1	0	0	0
3217	0	3	0	0
3218	1	2	0	0
3219	0	5	0	0
3220	1	2	0	0
3221	0	3	0	0
3222	1	3	0	0
3223	1	4	0	0
3224	0	2	0	0
3225	1	0	0	0
3226	1	6	0	0
3227	2	1	0	0
3228	1	4	0	0
3229	2	1	0	0
3230	0	0	0	0
3231	0	5	0	0
3232	1	1	0	0
3233	0	1	0	0
3234	2	3	0	0
3235	5	2	0	0
3236	0	6	0	0
3237	1	3	0	0
3238	1	2	0	0
3239	2	5	0	0
3240	1	2	0	0
3241	2	1	0	0
3242	0	2	0	0
3243	2	3	0	0
3244	0	2	0	0
3245	1	2	0	0
3246	2	4	0	0
3247	0	3	0	0
3248	0	1	0	0
3249	1	3	0	0
3250	3	1	0	0
3251	1	3	0	0
3252	2	0	0	0
3253	3	3	0	0
3254	0	0	0	0
3255	3	0	0	0
3256	0	4	0	0
3257	1	0	0	0
3258	1	3	0	0
3259	2	3	0	0
3260	1	2	0	0
3261	1	2	0	0
3262	1	3	0	0
3263	1	3	0	0
3264	0	5	0	0
3265	3	0	0	0
3266	3	5	0	0
3267	0	1	0	0
3268	1	3	0	0
3269	0	3	0	0
3270	0	0	0	0
3271	2	1	0	0
3272	0	2	0	0
3273	1	2	0	0
3274	0	2	0	0
3275	1	3	0	0
3276	1	3	0	0
3277	3	6	0	0
3278	1	2	0	0
3279	0	3	0	0
3280	2	1	0	0
3281	0	4	0	0
3282	2	0	0	0
3283	1	4	0	0
3284	0	4	0	0
3285	1	3	0	0
3286	1	8	0	0
3287	1	0	0	0
3288	0	4	0	0
3289	1	3	0	0
3290	2	1	0	0
3291	1	0	0	0
3292	2	2	0	0
3293	1	4	0	0
3294	1	3	0	0
3295	2	1	0	0
3296	2	3	0	0
3297	0	3	0	0
3298	0	2	0	0
3299	1	5	0	0
3300	1	4	0	0
3301	1	3	0	0
3302	3	0	0	0
3303	3	2	0	0
3304	1	2	0	0
3305	1	3	0	0
3306	0	1	0	0
3307	1	2	0	0
3308	3	2	0	0
3309	0	2	0	0
3310	0	1	0	0
3311	0	0	0	0
3312	1	2	0	0
3313	2	4	0	0
3314	2	0	0	0
3315	1	1	0	0
3316	1	3	0	0
3317	1	4	0	0
3318	2	3	0	0
3319	2	4	0	0
3320	1	6	0	0
3321	0	4	0	0
3322	1	1	0	0
3323	1	3	0	0
3324	2	3	0	0
3325	0	2	0	0
3326	0	5	0	0
3327	2	3	0	0
3328	2	1	0	0
3329	0	4	0	0
3330	0	3	0	0
3331	2	4	0	0
3332	1	3	0	0
3333	1	2	0	0
3334	2	3	0	0
3335	2	0	0	0
3336	3	3	0	0
3337	1	1	0	0
3338	1	2	0	0
3339	0	2	0	0
3340	0	1	0	0
3341	1	3	0	0
3342	0	2	0	0
3343	0	2	0	0
3344	0	1	0	0
3345	2	3	0	0
3346	2	6	0	0
3347	1	3	0	0
3348	4	3	0	0
3349	1	2	0	0
3350	1	2	0	0
3351	1	3	0	0
3352	1	3	0	0
3353	3	3	0	0
3354	0	1	0	0
3355	4	1	0	0
3356	0	1	0	0
3357	1	1	0	0
3358	1	2	0	0
3359	0	0	0	0
3360	3	6	0	0
3361	2	3	0	0
3362	3	2	0	0
3363	0	4	0	0
3364	2	1	0	0
3365	1	2	0	0
3366	2	2	0	0
3367	3	0	0	0
3368	1	4	0	0
3369	3	3	0	0
3370	1	2	0	0
3371	0	3	0	0
3372	3	3	0	0
3373	2	1	0	0
3374	2	4	0	0
3375	1	1	0	0
3376	0	5	0	0
3377	1	5	0	0
3378	1	2	0	0
3379	1	0	0	0
3380	1	3	0	0
3381	1	2	0	0
3382	0	1	0	0
3383	0	3	0	0
3384	0	1	0	0
3385	1	5	0	0
3386	0	3	0	0
3387	1	0	0	0
3388	0	1	0	0
3389	0	0	0	0
3390	1	2	0	0
3391	0	1	0	0
3392	1	3	0	0
3393	4	2	0	0
3394	0	4	0	0
3395	1	2	0	0
3396	1	1	0	0
3397	0	1	0	0
3398	0	2	0	0
3399	0	3	0	0
3400	1	1	0	0
3401	0	4	0	0
3402	3	2	0	0
3403	2	0	0	0
3404	1	5	0	0
3405	0	3	0	0
3406	1	2	0	0
3407	1	1	0	0
3408	2	1	0	0
3409	2	3	0	0
3410	2	5	0	0
3411	2	3	0	0
3412	1	0	0	0
3413	2	4	0	0
3414	2	3	0	0
3415	1	2	0	0
3416	2	0	0	0
3417	0	1	0	0
3418	1	1	0	0
3419	1	1	0	0
3420	3	2	0	0
3421	0	4	0	0
3422	0	2	0	0
3423	3	2	0	0
3424	1	3	0	0
3425	0	4	0	0
3426	1	1	0	0
3427	2	1	0	0
3428	0	0	0	0
3429	2	3	0	0
3430	1	1	0	0
3431	0	3	0	0
3432	0	4	0	0
3433	1	0	0	0
3434	0	1	0	0
3435	0	1	0	0
3436	1	3	0	0
3437	0	3	0	0
3438	0	2	0	0
3439	0	1	0	0
3440	2	1	0	0
3441	0	2	0	0
3442	0	3	0	0
3443	3	2	0	0
3444	1	2	0	0
3445	1	1	0	0
3446	0	3	0	0
3447	0	4	0	0
3448	1	4	0	0
3449	0	8	0	0
3450	2	4	0	0
3451	2	2	0	0
3452	0	6	0	0
3453	2	0	0	0
3454	3	6	0	0
3455	2	2	0	0
3456	0	2	0	0
3457	2	5	0	0
3458	2	1	0	0
3459	2	1	0	0
3460	0	4	0	0
3461	2	1	0	0
3462	1	3	0	0
3463	1	2	0	0
3464	2	1	0	0
3465	0	2	0	0
3466	0	3	0	0
3467	3	3	0	0
3468	1	1	0	0
3469	0	2	0	0
3470	0	1	0	0
3471	1	1	0	0
3472	0	4	0	0
3473	0	3	0	0
3474	0	5	0	0
3475	2	4	0	0
3476	0	1	0	0
3477	0	5	0	0
3478	0	3	0	0
3479	2	3	0	0
3480	0	1	0	0
3481	0	1	0	0
3482	0	1	0	0
3483	2	3	0	0
3484	2	2	0	0
3485	0	2	0	0
3486	3	1	0	0
3487	2	3	0	0
3488	0	3	0	0
3489	0	3	0	0
3490	0	2	0	0
3491	0	2	0	0
3492	1	3	0	0
3493	2	2	0	0
3494	0	2	0	0
3495	0	1	0	0
3496	3	5	0	0
3497	2	2	0	0
3498	1	3	0	0
3499	0	1	0	0
3500	2	2	0	0
3501	1	2	0	0
3502	0	1	0	0
3503	0	2	0	0
3504	0	0	0	0
3505	1	0	0	0
3506	1	5	0	0
3507	0	2	0	0
3508	1	3	0	0
3509	0	3	0	0
3510	1	2	0	0
3511	0	0	0	0
3512	1	2	0	0
3513	0	5	0	0
3514	1	1	0	0
3515	3	1	0	0
3516	1	1	0	0
3517	1	2	0	0
3518	1	0	0	0
3519	1	4	0	0
3520	1	0	0	0
3521	0	1	0	0
3522	0	3	0	0
3523	0	1	0	0
3524	1	2	0	0
3525	0	2	0	0
3526	0	2	0	0
3527	0	3	0	0
3528	1	1	0	0
3529	2	0	0	0
3530	0	1	0	0
3531	0	1	0	0
3532	1	1	0	0
3533	0	1	0	0
3534	1	1	0	0
3535	1	2	0	0
3536	0	1	0	0
3537	0	0	0	0
3538	0	1	0	0
3539	0	4	0	0
3540	1	4	0	0
3541	0	3	0	0
3542	1	2	0	0
3543	0	0	0	0
3544	0	3	0	0
3545	0	1	0	0
3546	1	1	0	0
3547	1	6	0	0
3548	0	4	0	0
3549	0	3	0	0
3550	1	6	0	0
3551	0	0	0	0
3552	1	2	0	0
3553	0	2	0	0
3554	0	3	0	0
3555	0	3	0	0
3556	1	2	0	0
3557	2	1	0	0
3558	3	4	0	0
3559	1	4	0	0
3560	0	2	0	0
3561	0	0	0	0
3562	1	1	0	0
3563	0	1	0	0
3564	0	0	0	0
3565	1	3	0	0
3566	0	0	0	0
3567	1	3	0	0
3568	2	4	0	0
3569	0	0	0	0
3570	0	1	0	0
3571	0	3	0	0
3572	0	1	0	0
3573	0	5	0	0
3574	1	5	0	0
3575	0	2	0	0
3576	1	1	0	0
3577	1	0	0	0
3578	0	3	0	0
3579	0	1	0	0
3580	1	1	0	0
3581	0	0	0	0
3582	1	1	0	0
3583	1	0	0	0
3584	1	0	0	0
3585	0	1	0	0
3586	1	3	0	0
3587	1	3	0	0
3588	0	3	0	0
3589	1	3	0	0
3590	0	1	0	0
3591	0	0	0	0
3592	1	1	0	0
3593	1	2	0	0
3594	0	1	0	0
3595	2	3	0	0
3596	2	1	0	0
3597	1	1	0	0
3598	1	3	0	0
3599	0	2	0	0
3600	0	1	0	0
3601	0	1	0	0
3602	0	1	0	0
3603	0	0	0	0
3604	0	2	0	0
3605	2	2	0	0
3606	1	1	0	0
3607	1	2	0	0
3608	0	3	0	0
3609	1	2	0	0
3610	0	0	0	0
3611	0	3	0	0
3612	0	2	0	0
3613	1	2	0	0
3614	0	4	0	0
3615	0	1	0	0
3616	2	2	0	0
3617	1	0	0	0
3618	2	1	0	0
3619	1	2	0	0
3620	0	3	0	0
3621	0	0	0	0
3622	0	1	0	0
3623	0	1	0	0
3624	0	3	0	0
3625	2	1	0	0
3626	0	0	0	0
3627	1	1	0	0
3628	0	1	0	0
3629	0	1	0	0
3630	0	4	0	0
3631	1	3	0	0
3632	1	2	0	0
3633	0	3	0	0
3634	1	3	0	0
3635	1	3	0	0
3636	0	1	0	0
3637	1	6	0	0
3638	0	3	0	0
3639	1	2	0	0
3640	1	2	0	0
3641	0	1	0	0
3642	1	5	0	0
3643	0	2	0	0
3644	0	0	0	0
3645	2	0	0	0
3646	0	1	0	0
3647	2	2	0	0
3648	2	2	0	0
3649	2	3	0	0
3650	0	4	0	0
3651	1	0	0	0
3652	1	1	0	0
3653	0	4	0	0
3654	1	6	0	0
3655	1	3	0	0
3656	1	2	0	0
3657	1	4	0	0
3658	0	2	0	0
3659	1	2	0	0
3660	0	2	0	0
3661	1	2	0	0
3662	2	2	0	0
3663	1	1	0	0
3664	1	1	0	0
3665	0	3	0	0
3666	2	1	0	0
3667	1	3	0	0
3668	1	6	0	0
3669	2	1	0	0
3670	0	1	0	0
3671	0	2	0	0
3672	2	0	0	0
3673	2	1	0	0
3674	0	0	0	0
3675	1	2	0	0
3676	0	5	0	0
3677	2	1	0	0
3678	0	2	0	0
3679	0	1	0	0
3680	0	1	0	0
3681	2	2	0	0
3682	3	3	0	0
3683	0	3	0	0
3684	0	2	0	0
3685	2	3	0	0
3686	0	1	0	0
3687	0	3	0	0
3688	1	2	0	0
3689	1	6	0	0
3690	0	1	0	0
3691	1	5	0	0
3692	0	4	0	0
3693	0	3	0	0
3694	1	6	0	0
3695	2	4	0	0
3696	0	2	0	0
3697	1	3	0	0
3698	0	2	0	0
3699	1	2	0	0
3700	1	2	0	0
3701	1	3	0	0
3702	0	4	0	0
3703	2	2	0	0
3704	0	2	0	0
3705	1	3	0	0
3706	0	1	0	0
3707	0	3	0	0
3708	1	1	0	0
3709	0	0	0	0
3710	0	5	0	0
3711	1	2	0	0
3712	0	2	0	0
3713	0	0	0	0
3714	0	1	0	0
3715	1	2	0	0
3716	1	1	0	0
3717	1	2	0	0
3718	0	0	0	0
3719	1	0	0	0
3720	2	1	0	0
3721	0	1	0	0
3722	1	2	0	0
3723	0	0	0	0
3724	0	1	0	0
3725	1	3	0	0
3726	0	0	0	0
3727	1	0	0	0
3728	0	1	0	0
3729	2	1	0	0
3730	0	2	0	0
3731	0	1	0	0
3732	0	3	0	0
3733	1	1	0	0
3734	1	2	0	0
3735	0	0	0	0
3736	1	4	0	0
3737	0	4	0	0
3738	0	0	0	0
3739	1	0	0	0
3740	0	3	0	0
3741	0	0	0	0
3742	0	1	0	0
3743	0	1	0	0
3744	2	0	0	0
3745	0	1	0	0
3746	0	2	0	0
3747	4	3	0	0
3748	2	2	0	0
3749	0	2	0	0
3750	3	0	0	0
3751	3	1	0	0
3752	1	2	0	0
3753	1	3	0	0
3754	1	0	0	0
3755	0	2	0	0
3756	0	4	0	0
3757	2	4	0	0
3758	1	3	0	0
3759	0	1	0	0
3760	2	1	0	0
3761	1	3	0	0
3762	0	3	0	0
3763	0	2	0	0
3764	1	6	0	0
3765	0	0	0	0
3766	1	4	0	0
3767	1	0	0	0
3768	1	1	0	0
3769	1	1	0	0
3770	1	0	0	0
3771	1	2	0	0
3772	0	0	0	0
3773	0	1	0	0
3774	0	0	0	0
3775	1	2	0	0
3776	0	0	0	0
3777	0	0	0	0
3778	2	0	0	0
3779	0	3	0	0
3780	1	2	0	0
3781	1	1	0	0
3782	0	3	0	0
3783	0	1	0	0
3784	0	4	0	0
3785	0	1	0	0
3786	2	2	0	0
3787	0	0	0	0
3788	0	1	0	0
3789	2	0	0	0
3790	0	1	0	0
3791	1	3	0	0
3792	0	1	0	0
3793	0	3	0	0
3794	0	1	0	0
3795	0	2	0	0
3796	1	1	0	0
3797	2	4	0	0
3798	1	3	0	0
3799	0	1	0	0
3800	0	0	0	0
3801	1	3	0	0
3802	0	2	0	0
3803	1	0	0	0
3804	2	3	0	0
3805	1	1	0	0
3806	1	1	0	0
3807	0	3	0	0
3808	1	2	0	0
3809	0	2	0	0
3810	0	0	0	0
3811	0	1	0	0
3812	0	2	0	0
3813	2	1	0	0
3814	2	1	0	0
3815	0	1	0	0
3816	0	3	0	0
3817	1	2	0	0
3818	2	4	0	0
3819	2	1	0	0
3820	0	1	0	0
3821	0	3	0	0
3822	2	0	0	0
3823	0	2	0	0
3824	1	3	0	0
3825	0	3	0	0
3826	0	1	0	0
3827	1	1	0	0
3828	2	2	0	0
3829	0	1	0	0
3830	1	1	0	0
3831	1	5	0	0
3832	0	4	0	0
3833	0	1	0	0
3834	1	0	0	0
3835	1	0	0	0
3836	1	1	0	0
3837	1	1	0	0
3838	0	3	0	0
3839	2	0	0	0
3840	1	4	0	0
3841	1	2	0	0
3842	1	0	0	0
3843	0	1	0	0
3844	2	1	0	0
3845	1	1	0	0
3846	2	4	0	0
3847	1	0	0	0
3848	2	1	0	0
3849	0	0	0	0
3850	1	4	0	0
3851	1	2	0	0
3852	1	1	0	0
3853	0	0	0	0
3854	0	2	0	0
3855	2	2	0	0
3856	1	0	0	0
3857	1	1	0	0
3858	0	0	0	0
3859	2	1	0	0
3860	0	2	0	0
3861	0	1	0	0
3862	0	2	0	0
3863	0	1	0	0
3864	0	5	0	0
3865	1	0	0	0
3866	0	2	0	0
3867	2	0	0	0
3868	0	0	0	0
3869	1	2	0	0
3870	1	1	0	0
3871	2	1	0	0
3872	1	1	0	0
3873	2	2	0	0
3874	1	0	0	0
3875	0	3	0	0
3876	1	2	0	0
3877	1	2	0	0
3878	1	0	0	0
3879	0	1	0	0
3880	1	3	0	0
3881	0	0	0	0
3882	0	3	0	0
3883	0	2	0	0
3884	2	0	0	0
3885	1	1	0	0
3886	2	2	0	0
3887	0	2	0	0
3888	0	0	0	0
3889	0	0	0	0
3890	2	3	0	0
3891	1	4	0	0
3892	1	2	0	0
3893	0	2	0	0
3894	1	1	0	0
3895	3	0	0	0
3896	1	2	0	0
3897	0	5	0	0
3898	0	2	0	0
3899	1	1	0	0
3900	0	1	0	0
3901	0	3	0	0
3902	0	2	0	0
3903	0	1	0	0
3904	0	2	0	0
3905	2	2	0	0
3906	0	0	0	0
3907	0	2	0	0
3908	1	0	0	0
3909	1	3	0	0
3910	0	1	0	0
3911	0	2	0	0
3912	1	2	0	0
3913	1	1	0	0
3914	0	2	0	0
3915	0	1	0	0
3916	0	1	0	0
3917	0	1	0	0
3918	2	3	0	0
3919	1	2	0	0
3920	1	1	0	0
3921	1	1	0	0
3922	2	1	0	0
3923	0	0	0	0
3924	0	1	0	0
3925	1	0	0	0
3926	1	0	0	0
3927	1	1	0	0
3928	2	1	0	0
3929	1	0	0	0
3930	0	2	0	0
3931	1	1	0	0
3932	1	3	0	0
3933	0	3	0	0
3934	1	2	0	0
3935	0	0	0	0
3936	1	0	0	0
3937	0	5	0	0
3938	2	3	0	0
3939	0	2	0	0
3940	2	1	0	0
3941	1	4	0	0
3942	0	3	0	0
3943	0	2	0	0
3944	1	2	0	0
3945	1	0	0	0
3946	0	0	0	0
3947	0	5	0	0
3948	1	0	0	0
3949	2	2	0	0
3950	0	1	0	0
3951	0	1	0	0
3952	0	0	0	0
3953	0	2	0	0
3954	1	1	0	0
3955	0	3	0	0
3956	3	1	0	0
3957	1	1	0	0
3958	1	0	0	0
3959	0	3	0	0
3960	0	0	0	0
3961	0	2	0	0
3962	0	2	0	0
3963	0	2	0	0
3964	0	2	0	0
3965	1	2	0	0
3966	0	1	0	0
3967	3	1	0	0
3968	0	1	0	0
3969	1	1	0	0
3970	1	0	0	0
3971	3	3	0	0
3972	0	2	0	0
3973	0	0	0	0
3974	0	1	0	0
3975	2	1	0	0
3976	1	0	0	0
3977	0	1	0	0
3978	1	1	0	0
3979	2	2	0	0
3980	0	4	0	0
3981	0	3	0	0
3982	0	2	0	0
3983	1	1	0	0
3984	1	1	0	0
3985	0	2	0	0
3986	2	1	0	0
3987	1	3	0	0
3988	0	0	0	0
3989	0	0	0	0
3990	0	1	0	0
3991	0	2	0	0
3992	0	2	0	0
3993	1	3	0	0
3994	0	3	0	0
3995	1	1	0	0
3996	0	0	0	0
3997	1	2	0	0
3998	0	2	0	0
3999	1	4	0	0
4000	0	1	0	0
4001	1	4	0	0
4002	0	2	0	0
4003	0	2	0	0
4004	2	3	0	0
4005	0	1	0	0
4006	0	0	0	0
4007	1	1	0	0
4008	0	0	0	0
4009	1	0	0	0
4010	1	3	0	0
4011	0	1	0	0
4012	0	1	0	0
4013	0	1	0	0
4014	0	0	0	0
4015	2	0	0	0
4016	3	1	0	0
4017	1	1	0	0
4018	2	1	0	0
4019	0	3	0	0
4020	0	1	0	0
4021	1	3	0	0
4022	1	3	0	0
4023	2	2	0	0
4024	3	1	0	0
4025	0	3	0	0
4026	1	1	0	0
4027	0	2	0	0
4028	0	2	0	0
4029	0	0	0	0
4030	0	1	0	0
4031	1	0	0	0
4032	0	1	0	0
4033	2	1	0	0
4034	1	1	0	0
4035	1	0	0	0
4036	0	0	0	0
4037	2	2	0	0
4038	0	3	0	0
4039	1	1	0	0
4040	0	1	0	0
4041	0	1	0	0
4042	1	1	0	0
4043	2	1	0	0
4044	0	3	0	0
4045	1	0	0	0
4046	1	0	0	0
4047	1	1	0	0
4048	0	6	0	0
4049	0	3	0	0
4050	0	3	0	0
4051	1	3	0	0
4052	3	1	0	0
4053	0	0	0	0
4054	0	2	0	0
4055	0	1	0	0
4056	1	2	0	0
4057	1	1	0	0
4058	0	0	0	0
4059	1	0	0	0
4060	1	0	0	0
4061	1	1	0	0
4062	0	3	0	0
4063	3	1	0	0
4064	0	0	0	0
4065	2	5	0	0
4066	0	0	0	0
4067	1	1	0	0
4068	3	5	0	0
4069	1	0	0	0
4070	0	3	0	0
4071	0	1	0	0
4072	0	2	0	0
4073	0	0	0	0
4074	0	0	0	0
4075	0	2	0	0
4076	0	3	0	0
4077	0	4	0	0
4078	0	3	0	0
4079	0	0	0	0
4080	0	2	0	0
4081	1	1	0	0
4082	1	1	0	0
4083	0	0	0	0
4084	1	1	0	0
4085	0	1	0	0
4086	0	2	0	0
4087	1	1	0	0
4088	0	2	0	0
4089	3	1	0	0
4090	0	1	0	0
4091	0	2	0	0
4092	0	1	0	0
4093	1	3	0	0
4094	1	0	0	0
4095	0	3	0	0
4096	0	0	0	0