Chan	Prompt	Decay	Fit	Residuals
2	0	0	0	0
3	0	0	0	0
4	0	0	0	0
5	0	0	0	0
6	0	0	0	0
7	0	0	0	0
8	0	0	0	0
9	0	0	0	0
10	0	0	0	0
11	0	0	0	0
12	0	0	0	0
13	0	0	0	0
14	0	0	0	0
15	0	0	0	0
16	0	0	0	0
17	0	0	0	0
18	0	0	0	0
19	0	0	0	0
20	0	0	0	0
21	0	0	0	0
22	0	1	0	0
23	0	0	0	0
24	0	0	0	0
25	0	0	0	0
26	0	0	0	0
27	0	0	0	0
28	0	0	0	0
29	0	0	0	0
30	0	0	0	0
31	0	0	0	0
32	0	0	0	0
33	0	0	0	0
34	0	0	0	0
35	0	0	0	0
36	1	1	0	0
37	0	0	0	0
38	0	0	0	0
39	0	0	0	0
40	0	0	0	0
41	0	0	0	0
42	0	0	0	0
43	0	0	0	0
44	0	0	0	0
45	0	0	0	0
46	0	0	0	0
47	0	0	0	0
48	0	0	0	0
49	0	0	0	0
50	0	0	0	0
51	0	1	0	0
52	0	0	0	0
53	0	0	0	0
54	0	0	0	0
55	0	0	0	0
56	0	0	0	0
57	0	0	0	0
58	0	0	0	0
59	0	0	0	0
60	0	0	0	0
61	0	0	0	0
62	0	0	0	0
63	0	0	0	0
64	0	0	0	0
65	0	0	0	0
66	1	0	0	0
67	0	0	0	0
68	0	0	0	0
69	0	1	0	0
70	0	0	0	0
71	0	1	0	0
72	0	0	0	0
73	0	0	0	0
74	0	0	0	0
75	0	0	0	0
76	0	0	0	0
77	0	0	0	0
78	0	0	0	0
79	0	0	0	0
80	0	0	0	0
81	0	0	0	0
82	0	0	0	0
83	0	0	0	0
84	0	0	0	0
85	0	0	0	0
86	0	1	0	0
87	0	0	0	0
88	0	0	0	0
89	0	0	0	0
90	0	0	0	0
91	0	0	0	0
92	0	1	0	0
93	0	0	0	0
94	0	0	0	0
95	0	0	0	0
96	0	0	0	0
97	0	0	0	0
98	0	0	0	0
99	0	0	0	0
100	0	0	0	0
101	1	0	0	0
102	0	0	0	0
103	0	0	0	0
104	0	0	0	0
105	0	0	0	0
106	0	1	0	0
107	0	0	0	0
108	0	0	0	0
109	0	0	0	0
110	0	0	0	0
111	0	0	0	0
112	0	0	0	0
113	0	1	0	0
114	0	0	0	0
115	0	1	0	0
116	0	0	0	0
117	0	1	0	0
118	0	0	0	0
119	0	0	0	0
120	0	1	0	0
121	0	0	0	0
122	0	0	0	0
123	0	0	0	0
124	0	0	0	0
125	0	0	0	0
126	0	0	0	0
127	0	0	0	0
128	0	0	0	0
129	1	0	0	0
130	0	0	0	0
131	0	0	0	0
132	0	0	0	0
133	0	1	0	0
134	0	0	0	0
135	0	1	0	0
136	0	0	0	0
137	0	0	0	0
138	0	0	0	0
139	0	0	0	0
140	0	0	0	0
141	0	0	0	0
142	0	0	0	0
143	0	1	0	0
144	0	0	0	0
145	0	0	0	0
146	0	1	0	0
147	0	0	0	0
148	0	0	0	0
149	0	0	0	0
150	0	0	0	0
151	0	1	0	0
152	0	0	0	0
153	0	0	0	0
154	0	0	0	0
155	0	0	0	0
156	0	0	0	0
157	0	0	0	0
158	0	0	0	0
159	0	0	0	0
160	0	0	0	0
161	0	0	0	0
162	0	0	0	0
163	0	1	0	0
164	0	0	0	0
165	0	1	0	0
166	0	0	0	0
167	0	0	0	0
168	0	0	0	0
169	0	0	0	0
170	0	0	0	0
171	0	0	0	0
172	0	0	0	0
173	0	0	0	0
174	0	0	0	0
175	0	0	0	0
176	0	0	0	0
177	0	0	0	0
178	0	0	0	0
179	0	0	0	0
180	0	0	0	0
181	0	0	0	0
182	0	0	0	0
183	0	0	0	0
184	0	0	0	0
185	1	0	0	0
186	0	0	0	0
187	0	0	0	0
188	1	0	0	0
189	0	0	0	0
190	0	1	0	0
191	0	0	0	0
192	0	0	0	0
193	2	0	0	0
194	0	0	0	0
195	3	0	0	0
196	4	0	0	0
197	6	0	0	0
198	7	0	0	0
199	12	2	0	0
200	15	2	0	0
201	19	1	0	0
202	29	0	0	0
203	42	0	0	0
204	50	2	0	0
205	62	0	0	0
206	99	1	0	0
207	95	1	0	0
208	138	4	0	0
209	179	4	0	0
210	255	6	0	0
211	296	13	0	0
212	453	13	0	0
213	616	15	0	0
214	843	32	0	0
215	1217	44	0	0
216	1658	55	0	0
217	2168	75	0	0
218	2940	112	0	0
219	3704	137	0	0
220	4689	201	0	0
221	5758	273	0	0
222	6559	361	0	0
223	7274	445	0	0
224	7843	541	0	0
225	7876	692	0	0
226	8028	882	0	0
227	7576	1047	0	0
228	6986	1305	0	0
229	6074	1489	0	0
230	5115	1730	0	0
231	4285	1924	0	0
232	3419	2181	0	0
233	2826	2429	0	0
234	2093	2562	0	0
235	1627	2947	0	0
236	1168	3093	0	0
237	928	3291	0	0
238	659	3534	0	0
239	487	3719	0	0
240	347	3949	0	0
241	250	4140	0	0
242	157	4362	0	0
243	131	4347	0	0
244	86	4504	0	0
245	67	4759	0	0
246	53	4770	0	0
247	30	4792	0	0
248	27	5002	0	0
249	23	4896	0	0
250	13	4932	4757.066	2.184153
251	9	4972	4831.747	1.743222
252	10	4729	4882.679	-1.964555
253	0	4862	4913.577	-0.6491546
254	2	4834	4931.785	-1.234739
255	2	4708	4937.833	-2.945411
256	1	4799	4935.675	-1.732857
257	2	4900	4927.134	-0.3400285
258	1	4763	4913.813	-1.920188
259	2	4658	4896.898	-3.079956
260	0	4662	4878.472	-2.789488
261	1	4577	4858.272	-3.662036
262	0	4612	4837.296	-2.920773
263	3	4660	4815.586	-2.005382
264	1	4716	4793.134	-0.9875698
265	1	4701	4770.633	-0.8931258
266	0	4622	4747.955	-1.630924
267	2	4700	4724.981	-0.3204535
268	0	4690	4702.002	-0.1541408
269	1	4676	4679.069	-3.948548E-02
270	0	4750	4656.009	1.198558
271	1	4664	4633.068	0.3984996
272	2	4703	4610.245	1.189403
273	1	4647	4587.54	0.7675927
274	0	4390	4564.952	-2.331543
275	0	4567	4542.481	0.3196117
276	0	4824	4520.126	3.841497
277	0	4568	4497.885	0.9138688
278	0	4549	4475.76	0.9568285
279	0	4774	4453.749	4.072257
280	0	4472	4431.851	0.5295503
281	0	4479	4410.066	0.9084219
282	0	4441	4388.393	0.69657
283	0	4483	4366.832	1.530112
284	0	4383	4345.382	0.5017747
285	1	4423	4324.042	1.313283
286	0	4418	4302.812	1.529639
287	0	4283	4281.692	1.767456E-02
288	0	4386	4260.68	1.670956
289	1	4335	4239.776	1.277986
290	0	4290	4218.98	0.9587183
291	0	4153	4198.291	-0.6225588
292	0	4235	4177.708	0.7789861
293	0	4120	4157.23	-0.5140397
294	0	4174	4136.859	0.5090997
295	0	4217	4116.592	1.368473
296	0	3988	4096.429	-1.524446
297	0	4056	4076.369	-0.2837012
298	0	4153	4056.413	1.327659
299	0	3987	4036.559	-0.6968699
300	0	3955	4016.807	-0.872997
301	0	3978	3997.156	-0.2697057
302	0	4065	3977.607	1.215695
303	0	3925	3958.157	-0.4703199
304	0	3825	3938.808	-1.6376
305	0	3959	3919.557	0.5567992
306	0	3820	3900.406	-1.157811
307	0	3929	3881.352	0.6754767
308	0	3872	3862.396	0.1372531
309	0	3834	3843.538	-0.1370665
310	0	3848	3824.776	0.3330662
311	0	3743	3806.11	-0.9190838
312	0	3709	3787.54	-1.149591
313	0	3867	3769.064	1.400696
314	0	3834	3750.684	1.197286
315	0	3777	3732.397	0.6463077
316	0	3658	3714.205	-0.829008
317	0	3782	3696.105	1.243742
318	0	3678	3678.097	-1.428888E-03
319	0	3779	3660.182	1.721214
320	0	3542	3642.358	-1.506912
321	0	3649	3624.626	0.3600035
322	0	3538	3606.984	-1.036466
323	0	3639	3589.433	0.7332222
324	0	3553	3571.97	-0.2843591
325	0	3578	3554.598	0.3494291
326	0	3556	3537.314	0.2799686
327	0	3527	3520.118	0.1035794
328	0	3484	3503.01	-0.2880592
329	0	3641	3485.989	2.292289
330	0	3466	3469.056	-4.643532E-02
331	0	3505	3452.208	0.7973051
332	0	3628	3435.447	2.85311
333	0	3480	3418.771	0.9283978
334	0	3609	3402.18	3.073432
335	0	3435	3385.673	0.7533218
336	0	3419	3369.251	0.7617342
337	0	3342	3352.912	-0.1691994
338	0	3474	3336.657	2.084472
339	0	3242	3320.484	-1.237484
340	0	3232	3304.394	-1.143401
341	1	3201	3288.386	-1.387529
342	0	3362	3272.459	1.383801
343	0	3329	3256.613	1.124799
344	0	3279	3240.848	0.5978027
345	0	3317	3225.163	1.429875
346	0	3099	3209.558	-1.787031
347	0	3251	3194.032	0.896862
348	0	3314	3178.585	2.109425
349	0	3199	3163.216	0.5683767
350	0	3263	3147.926	1.807959
351	0	3205	3132.713	1.146997
352	0	3100	3117.578	-0.2840709
353	0	3148	3102.519	0.728826
354	0	3100	3087.537	0.2014158
355	0	3128	3072.631	0.8904045
356	0	3008	3057.8	-0.8182597
357	0	3078	3043.045	0.5671237
358	0	3003	3028.365	-0.4171407
359	0	3006	3013.759	-0.1275258
360	0	3047	2999.227	0.7794152
361	0	3037	2984.768	0.8536963
362	0	3019	2970.383	0.7972116
363	0	3129	2956.071	2.780411
364	0	2921	2941.832	-0.3478401
365	0	2861	2927.664	-1.125886
366	0	2904	2913.568	-0.1602786
367	0	2907	2899.544	0.124828
368	0	2908	2885.59	0.3751082
369	0	2984	2871.708	1.853195
370	0	2885	2857.895	0.4556863
371	0	2821	2844.152	-0.39404
372	0	2847	2830.479	0.2797778
373	0	2868	2816.875	0.8622995
374	0	2672	2803.339	-2.302765
375	0	2818	2789.872	0.479011
376	0	2769	2776.473	-0.1284902
377	0	2687	2763.142	-1.330908
378	0	2740	2749.878	-0.1708203
379	1	2762	2736.68	0.4359527
380	0	2737	2723.55	0.232737
381	0	2626	2710.486	-1.495417
382	0	2586	2697.488	-1.98997
383	0	2671	2684.555	-0.2377026
384	0	2692	2671.687	0.3546932
385	0	2707	2658.885	0.8376237
386	0	2545	2646.146	-1.821208
387	0	2613	2633.472	-0.3633499
388	0	2586	2620.862	-0.6222664
389	0	2540	2608.316	-1.231392
390	0	2470	2595.832	-2.302967
391	0	2627	2583.411	0.7713672
392	0	2588	2571.053	0.3023598
393	0	2495	2558.757	-1.160486
394	0	2518	2546.523	-0.5165734
395	0	2542	2534.35	0.1378305
396	0	2488	2522.239	-0.6241633
397	0	2527	2510.188	0.3038779
398	0	2433	2498.199	-1.203118
399	0	2370	2486.269	-2.1764
400	0	2371	2474.399	-1.935049
401	0	2355	2462.589	-2.020895
402	0	2373	2450.838	-1.456022
403	0	2352	2439.146	-1.638043
404	0	2391	2427.513	-0.6801982
405	0	2292	2415.938	-2.362581
406	0	2398	2404.421	-0.1194335
407	0	2383	2392.962	-0.1859237
408	0	2331	2381.56	-0.9550053
409	0	2409	2370.216	0.7195639
410	0	2381	2358.928	0.4121183
411	0	2297	2347.697	-0.965271
412	0	2297	2336.522	-0.7525027
413	0	2255	2325.403	-1.353992
414	0	2215	2314.34	-1.929166
415	0	2258	2303.332	-0.8711932
416	0	2245	2292.379	-0.9133959
417	0	2239	2281.481	-0.8201626
418	0	2273	2270.638	4.523582E-02
419	0	2253	2259.848	-0.1317713
420	0	2240	2249.113	-0.1758933
421	0	2229	2238.431	-0.1825304
422	0	2296	2227.803	1.298783
423	0	2250	2217.228	0.6310385
424	0	2220	2206.705	0.257869
425	0	2304	2196.235	2.048451
426	0	2284	2185.817	1.875174
427	0	2224	2175.452	0.9407261
428	0	2156	2165.138	-0.1800718
429	0	2160	2154.875	0.1008942
430	0	2073	2144.664	-1.442618
431	0	2257	2134.503	2.354717
432	0	2183	2124.393	1.147158
433	0	2159	2114.334	0.8795508
434	0	2096	2104.324	-0.1665707
435	0	2287	2094.365	3.676489
436	0	2013	2084.455	-1.461464
437	0	2085	2074.594	0.2088226
438	0	2160	2064.782	1.874521
439	0	2073	2055.019	0.3619582
440	0	2038	2045.305	-0.1484157
441	0	1994	2035.639	-0.8560241
442	0	2138	2026.021	2.216767
443	0	2092	2016.451	1.513333
444	0	2072	2006.928	1.310261
445	0	2007	1997.453	0.1955834
446	0	2028	1988.025	0.8143389
447	0	2047	1978.643	1.385484
448	0	1995	1969.308	0.5280377
449	0	1914	1960.02	-0.9672585
450	0	2040	1950.777	1.811771
451	0	1983	1941.58	0.8540713
452	0	1940	1932.429	0.157973
453	0	1952	1923.323	0.5963683
454	0	1918	1914.263	7.846374E-02
455	0	1878	1905.247	-0.5785884
456	0	1974	1896.276	1.606615
457	0	1928	1887.349	0.8510677
458	0	1892	1878.466	0.2862388
459	0	1925	1869.628	1.160244
460	0	1894	1860.833	0.7010924
461	0	1849	1852.081	-6.598092E-02
462	0	1823	1843.373	-0.4396155
463	0	1845	1834.708	0.220655
464	0	1865	1826.086	0.8294553
465	0	1796	1817.506	-0.4678085
466	0	1846	1808.968	0.7936973
467	0	1813	1800.473	0.2711127
468	0	1765	1792.02	-0.5932975
469	0	1820	1783.608	0.7859736
470	0	1785	1775.238	0.2130484
471	0	1803	1766.909	0.783424
472	0	1845	1758.622	1.851884
473	0	1738	1750.375	-0.273988
474	0	1774	1742.168	0.6970378
475	0	1723	1734.003	-0.244746
476	0	1744	1725.877	0.4005135
477	1	1715	1717.791	-6.224849E-02
478	0	1679	1709.746	-0.6935057
479	0	1726	1701.739	0.5391617
480	0	1693	1693.772	-1.734617E-02
481	1	1618	1685.845	-1.561071
482	0	1595	1677.956	-1.923506
483	0	1584	1670.106	-2.003982
484	1	1654	1662.295	-0.1886123
485	0	1547	1654.522	-2.534341
486	0	1631	1646.787	-0.3616917
487	0	1629	1639.09	-0.2313239
488	1	1544	1631.431	-2.06294
489	0	1576	1623.81	-1.11572
490	0	1561	1616.225	-1.295415
491	0	1533	1608.679	-1.792501
492	0	1530	1601.169	-1.687453
493	0	1508	1593.696	-2.047737
494	0	1608	1586.259	0.501914
495	1	1541	1578.859	-0.8942206
496	0	1562	1571.495	-0.2226517
497	0	1560	1564.168	-9.779239E-02
498	0	1585	1556.876	0.6543257
499	1	1451	1549.62	-2.405706
500	0	1566	1542.399	0.5526602
501	0	1607	1535.213	1.657836
502	0	1552	1528.063	0.5632313
503	0	1563	1520.948	0.9857352
504	0	1624	1513.867	2.529066
505	0	1545	1506.821	0.9005216
506	0	1580	1499.809	1.868842
507	0	1541	1492.832	1.137712
508	1	1495	1485.889	0.218729
509	0	1488	1478.979	0.2171028
510	0	1453	1472.104	-0.4656641
511	0	1457	1465.261	-0.2010812
512	0	1424	1458.452	-0.8489172
513	0	1493	1451.677	0.992745
514	0	1459	1444.934	0.3421157
515	0	1432	1438.224	-0.1529051
516	0	1403	1431.547	-0.7090195
517	0	1346	1424.902	-2.003618
518	0	1487	1418.29	1.654244
519	0	1462	1411.71	1.221824
520	0	1392	1405.161	-0.328267
521	0	1360	1398.645	-0.9759323
522	0	1374	1392.16	-0.4561138
523	1	1427	1385.707	1.016323
524	0	1445	1379.285	1.606593
525	1	1358	1372.895	-0.3764408
526	1	1338	1366.535	-0.7269174
527	0	1344	1360.206	-0.4118584
528	0	1323	1353.908	-0.7921245
529	0	1287	1347.64	-1.577173
530	0	1220	1341.403	-3.248811
531	1	1320	1335.196	-0.3899303
532	1	1210	1329.019	-3.199012
533	1	1264	1322.872	-1.545988
534	1	1271	1316.755	-1.198001
535	0	1266	1310.668	-1.171985
536	0	1253	1304.61	-1.361597
537	0	1246	1298.581	-1.391368
538	0	1213	1292.581	-2.136166
539	0	1276	1286.61	-0.2772271
540	0	1293	1280.668	0.3199316
541	1	1262	1274.755	-0.3352386
542	0	1229	1268.871	-1.062795
543	0	1244	1263.015	-0.5035907
544	1	1270	1257.187	0.3356265
545	0	1234	1251.387	-0.4624676
546	0	1231	1245.615	-0.3892486
547	0	1194	1239.871	-1.241702
548	0	1272	1234.155	0.9904667
549	0	1311	1228.466	2.125525
550	0	1175	1222.805	-1.305144
551	0	1260	1217.171	1.126587
552	1	1278	1211.564	1.734381
553	0	1240	1205.984	0.9024204
554	1	1240	1200.431	1.049742
555	0	1160	1194.905	-0.9594889
556	1	1248	1189.405	1.549181
557	0	1170	1183.932	-0.3812227
558	0	1179	1178.485	1.404183E-02
559	0	1172	1173.064	-2.908718E-02
560	1	1197	1167.669	0.792906
561	0	1193	1162.3	0.8313884
562	0	1219	1156.957	1.661027
563	0	1183	1151.64	0.8530962
564	1	1185	1146.347	1.050518
565	1	1180	1141.081	1.060144
566	0	1097	1135.839	-1.099798
567	0	1185	1130.623	1.477879
568	1	1200	1125.432	2.013126
569	0	1174	1120.265	1.46769
570	0	1206	1115.124	2.446891
571	3	1080	1110.007	-0.8567595
572	0	1131	1104.914	0.7267828
573	0	1111	1099.846	0.3137313
574	0	1062	1094.802	-0.944956
575	1	1131	1089.782	1.148386
576	0	1085	1084.786	6.101892E-03
577	0	1057	1079.814	-0.6588698
578	0	1060	1074.865	-0.4286762
579	0	1038	1069.941	-0.9313777
580	2	1067	1065.039	5.633993E-02
581	0	1066	1060.162	0.167858
582	0	1154	1055.307	2.720417
583	0	1052	1050.476	4.413306E-02
584	0	1030	1045.667	-0.4587285
585	0	1077	1040.882	1.032787
586	0	1019	1036.119	-0.5040969
587	0	1014	1031.379	-0.5130855
588	0	1080	1026.661	1.522941
589	0	1041	1021.966	0.5541628
590	0	1037	1017.294	0.5749236
591	0	999	1012.643	-0.4059873
592	0	1059	1008.015	1.470999
593	0	996	1003.408	-0.2208048
594	1	980	998.8239	-0.5658764
595	0	997	994.2611	8.158916E-02
596	1	904	989.7199	-2.689286
597	0	1045	985.2004	1.73753
598	0	943	980.7022	-1.156712
599	0	1023	976.2254	1.374496
600	0	978	971.7698	0.1874918
601	0	957	967.3354	-0.3146293
602	0	960	962.9219	-8.880221E-02
603	1	952	958.5293	-0.1993161
604	2	935	954.1576	-0.5904132
605	1	934	949.8065	-0.4874111
606	0	941	945.476	-0.1374774
607	0	986	941.1659	1.343439
608	0	930	936.8762	-0.2125183
609	0	958	932.6068	0.7725909
610	0	931	928.3576	8.162016E-02
611	2	929	924.1284	0.1506481
612	0	946	919.9192	0.7988214
613	1	888	915.7299	-0.8782128
614	0	846	911.5603	-2.130097
615	0	921	907.4103	0.4221705
616	0	880	903.28	-0.7408172
617	2	871	899.1691	-0.9012763
618	0	873	895.0776	-0.7055232
619	1	834	891.0054	-1.866149
620	1	890	886.9523	9.640788E-02
621	0	939	882.9182	1.724473
622	1	855	878.9031	-0.7723051
623	3	864	874.907	-0.3504603
624	1	828	870.9296	-1.410721
625	2	815	866.9709	-1.722135
626	1	803	863.0309	-2.004822
627	0	801	859.1093	-1.943197
628	0	805	855.2061	-1.674511
629	0	823	851.3212	-0.933647
630	1	823	847.4545	-0.8061762
631	1	826	843.606	-0.5792937
632	0	829	839.7756	-0.3538735
633	0	855	835.963	0.6150808
634	1	804	832.1683	-0.9401073
635	0	824	828.3915	-0.1446783
636	1	828	824.6322	0.11067
637	1	818	820.8906	-9.559787E-02
638	0	880	817.1664	1.999492
639	1	817	813.4597	0.1171632
640	2	862	809.7702	1.680288
641	0	797	806.0981	-0.305047
642	1	811	802.4431	0.2842833
643	0	832	798.8051	1.088059
644	1	757	795.1841	-1.315441
645	1	769	791.58	-0.7714692
646	0	768	787.9928	-0.6835422
647	1	776	784.4223	-0.2863874
648	2	785	780.8683	0.1396402
649	2	791	777.331	0.4601318
650	1	802	773.8101	0.9420637
651	0	752	770.3057	-0.6328311
652	0	760	766.8175	-0.2343744
653	0	744	763.3456	-0.6725538
654	0	757	759.8898	-0.0995524
655	1	788	756.45	1.064176
656	0	792	753.0263	1.311076
657	0	809	749.6185	1.975373
658	0	762	746.2264	0.5415192
659	0	710	742.8502	-1.170468
660	2	780	739.4896	1.373772
661	0	735	736.1446	-4.004748E-02
662	2	706	732.8151	-0.9582742
663	2	789	729.501	2.005553
664	1	734	726.2023	0.2730256
665	1	692	722.9188	-1.11661
666	1	729	719.6506	0.3285342
667	0	704	716.3975	-0.4437036
668	1	692	713.1594	-0.7641569
669	4	701	709.9363	-0.320547
670	0	722	706.7281	0.5393735
671	1	732	703.5347	0.9980986
672	0	698	700.3561	-8.470543E-02
673	1	732	697.1922	1.220491
674	0	732	694.0428	1.330919
675	1	687	690.9081	-0.1416758
676	0	730	687.7877	1.48225
677	0	687	684.6818	8.404074E-02
678	0	681	681.5902	-2.149503E-02
679	1	652	678.5128	-0.9878705
680	1	675	675.4496	-1.644978E-02
681	1	678	672.4005	0.2044046
682	2	677	669.3654	0.2789092
683	1	659	666.3443	-0.272122
684	1	696	663.3371	1.176032
685	1	660	660.3436	-1.272203E-02
686	2	648	657.364	-0.3500324
687	0	709	654.3981	1.946936
688	1	661	651.4457	0.3534436
689	1	629	648.507	-0.7406429
690	1	679	645.5816	1.218954
691	3	640	642.6697	-0.1004484
692	1	628	639.7712	-0.4473048
693	2	707	636.886	2.503762
694	3	653	634.014	0.7068548
695	0	653	631.1551	0.8132918
696	2	669	628.3093	1.495816
697	1	639	625.4764	0.5092382
698	0	631	622.6566	0.3162563
699	1	618	619.8497	-7.088053E-02
700	1	607	617.0556	-0.3889776
701	2	613	614.2742	-4.903748E-02
702	1	619	611.5056	0.2869465
703	2	618	608.7496	0.3544798
704	0	651	606.0062	1.677827
705	2	620	603.2753	0.6398163
706	1	593	600.5569	-0.2959122
707	1	589	597.8508	-0.3478099
708	0	622	595.157	1.025169
709	0	563	592.4756	-1.185967
710	0	562	589.8063	-1.119844
711	1	575	587.1492	-0.4834715
712	0	540	584.5043	-1.830103
713	1	595	581.8713	0.5131891
714	0	570	579.2502	-0.3697927
715	0	585	576.6411	0.329651
716	2	596	574.0439	0.8574896
717	2	567	571.4584	-0.1787252
718	0	535	568.8847	-1.40019
719	1	546	566.3227	-0.8309003
720	1	607	563.7722	1.672166
721	1	560	561.2333	-4.976281E-02
722	2	565	558.7059	0.2527765
723	2	533	556.19	-0.9601375
724	0	528	553.6855	-1.068703
725	3	539	551.1923	-0.5018578
726	0	527	548.7104	-0.9042047
727	0	528	546.2397	-0.7589039
728	2	512	543.7802	-1.343689
729	2	506	541.3317	-1.503066
730	2	541	538.8944	8.650243E-02
731	3	548	536.468	0.4705894
732	0	524	534.0526	-0.4199253
733	1	484	531.6481	-2.074544
734	1	488	529.2545	-1.788486
735	1	514	526.8716	-0.5431172
736	3	510	524.4995	-0.6143034
737	2	510	522.1381	-0.5142553
738	3	509	519.7873	-0.4574952
739	0	509	517.447	-0.358243
740	2	512	515.1174	-0.1318048
741	0	500	512.7981	-0.5478477
742	0	539	510.4893	1.173551
743	0	527	508.1909	0.783371
744	0	479	505.9028	-1.177671
745	1	550	503.625	1.888843
746	1	492	501.3574	-0.4039426
747	0	546	499.0999	1.917525
748	2	472	496.8526	-1.0963
749	0	488	494.6154	-0.2867935
750	1	554	492.3882	2.499951
751	3	465	490.1709	-1.119013
752	1	529	487.9636	1.705727
753	1	488	485.7662	9.684192E-02
754	0	468	483.5786	-0.6902552
755	2	455	481.4008	-1.187045
756	0	433	479.2327	-2.133029
757	0	474	477.0743	-0.1353143
758	1	457	474.9255	-0.8041388
759	1	478	472.7863	0.2284779
760	0	436	470.6567	-1.59322
761	0	455	468.5365	-0.608637
762	0	495	466.4259	1.229598
763	2	475	464.3246	0.4693626
764	0	433	462.2327	-1.348703
765	1	463	460.1501	0.1269821
766	2	511	458.0768	2.239918
767	3	498	456.0126	1.801113
768	0	438	453.9577	-0.7318553
769	0	418	451.9119	-1.593526
770	0	437	449.8752	-0.5911865
771	2	451	447.8475	0.1423958
772	2	452	445.8289	0.2784259
773	0	461	443.8192	0.7672422
774	0	481	441.8185	1.711455
775	0	427	439.8265	-0.5960847
776	1	421	437.8435	-0.7885417
777	1	445	435.8692	0.4153204
778	0	436	433.9037	9.637205E-02
779	1	435	431.9468	0.1405275
780	0	442	429.9986	0.5478129
781	0	440	428.0591	0.5463406
782	1	441	426.1281	0.679643
783	0	451	424.2056	1.210294
784	0	405	422.2917	-0.8259856
785	0	403	420.3861	-0.8326352
786	1	425	418.489	0.3033215
787	1	468	416.6003	2.277415
788	1	416	414.7199	6.030175E-02
789	1	402	412.8478	-0.5201803
790	0	445	410.9839	1.547238
791	2	415	409.1283	0.2769469
792	1	420	407.2808	0.596197
793	0	381	405.4415	-1.205128
794	0	415	403.6102	0.5372141
795	0	385	401.787	-0.8232379
796	1	358	399.9718	-2.137397
797	1	436	398.1646	1.739349
798	0	427	396.3653	1.423678
799	0	361	394.574	-1.702362
800	1	423	392.7904	1.410807
801	0	387	391.0147	-0.1963537
802	0	379	389.2468	-0.506617
803	0	403	387.4866	0.7429467
804	1	399	385.7342	0.6386101
805	1	390	383.9894	0.2927936
806	1	392	382.2523	0.4735824
807	1	373	380.5227	-0.375025
808	0	381	378.8007	0.1084407
809	0	398	377.0862	1.008089
810	1	364	375.3793	-0.5745139
811	0	405	373.6798	1.496098
812	0	390	371.9877	0.8774324
813	0	367	370.303	-0.1660519
814	0	378	368.6256	0.4641196
815	2	370	366.9555	0.1524108
816	3	396	365.2928	1.48403
817	1	345	363.6373	-0.9674574
818	1	366	361.9889	0.2019359
819	0	374	360.3478	0.6796504
820	0	360	358.7138	6.531002E-02
821	0	361	357.0869	0.1984138
822	0	379	355.4671	1.163503
823	0	352	353.8543	-9.525894E-02
824	0	366	352.2485	0.6923127
825	0	390	350.6497	1.91687
826	0	307	349.0578	-2.319099
827	0	365	347.4728	0.8836493
828	1	373	345.8947	1.351264
829	0	325	344.3235	-1.03457
830	1	370	342.759	1.363727
831	0	298	341.2013	-2.419065
832	0	354	339.6504	0.7350162
833	0	310	338.1061	-1.542021
834	0	351	336.5685	0.7424737
835	0	312	335.0376	-1.259746
836	0	309	333.5133	-1.347153
837	0	339	331.9956	0.3669152
838	0	336	330.4844	0.2902577
839	0	321	328.9798	-0.4299797
840	0	356	327.4816	1.456511
841	0	335	325.9899	0.4748922
842	0	329	324.5046	0.2391645
843	0	337	323.0257	0.73427
844	0	302	321.5532	-1.087365
845	0	318	320.087	-0.1130015
846	0	314	318.6271	-0.2521852
847	1	297	317.1735	-1.131584
848	2	346	315.7262	1.569155
849	1	321	314.285	0.3618292
850	0	340	312.85	1.420045
851	2	339	311.4213	1.444673
852	1	311	309.9986	5.484815E-02
853	0	303	308.582	-0.3098908
854	0	315	307.1715	0.4259636
855	2	306	305.7671	1.286451E-02
856	0	277	304.3686	-1.591447
857	1	300	302.9762	-0.166076
858	0	308	301.5897	0.3528771
859	0	315	300.2091	0.8048047
860	0	294	298.8344	-0.2726004
861	0	264	297.4656	-1.994841
862	0	299	296.1027	0.1619565
863	0	302	294.7455	0.4034272
864	0	272	293.3942	-1.255792
865	0	281	292.0486	-0.6377246
866	1	293	290.7088	0.1294243
867	0	281	289.3746	-0.4833811
868	1	302	288.0462	0.7759823
869	0	277	286.7234	-0.5653997
870	0	303	285.4062	0.9767342
871	2	272	284.0946	-0.7099281
872	1	292	282.7887	0.5212387
873	0	301	281.4882	1.086927
874	0	262	280.1933	-1.088738
875	1	276	278.9039	-0.1691714
876	1	283	277.6199	0.3094036
877	2	267	276.3414	-0.5535929
878	0	267	275.0683	-0.4781477
879	0	277	273.8006	0.186039
880	1	298	272.5383	1.425733
881	1	290	271.2813	1.062995
882	1	289	270.0297	1.079209
883	0	264	268.7833	-0.2851259
884	0	261	267.5422	-0.3922775
885	0	249	266.3064	-1.063193
886	1	283	265.0757	1.030805
887	0	245	263.8503	-1.167746
888	0	253	262.63	-0.5867689
889	0	272	261.415	0.6213172
890	0	254	260.205	-0.3773088
891	0	255	259.0001	-0.2427429
892	0	259	257.8003	7.222158E-02
893	1	271	256.6055	0.8465305
894	0	260	255.4158	0.275417
895	0	263	254.2311	0.523728
896	0	248	253.0513	-0.3109666
897	0	249	251.8766	-0.1767182
898	0	258	250.7067	0.4399259
899	0	255	249.5418	0.3312276
900	1	232	248.3817	-1.043719
901	1	228	247.2266	-1.235985
902	0	267	246.0762	1.239991
903	0	254	244.9307	0.5514787
904	0	262	243.79	1.089738
905	0	239	242.6541	-0.229275
906	0	240	241.5229	-9.534872E-02
907	0	239	240.3965	-8.761995E-02
908	1	269	239.2747	1.75482
909	0	239	238.1577	5.285076E-02
910	0	232	237.0453	-0.3214481
911	0	247	235.9376	0.6824346
912	0	245	234.8345	0.6297378
913	0	231	233.736	-0.1747026
914	0	248	232.642	0.9454532
915	1	234	231.5527	0.1552355
916	0	237	230.4679	0.4116327
917	0	236	229.3876	0.4176026
918	0	233	228.3118	0.2980386
919	0	224	227.2404	-0.210218
920	0	240	226.1736	0.8656714
921	1	249	225.1111	1.467581
922	0	231	224.0531	0.4435885
923	0	230	222.9995	0.4480117
924	0	239	221.9502	1.069782
925	1	206	220.9053	-1.009524
926	0	217	219.8647	-0.1889061
927	1	211	218.8285	-0.5237216
928	0	190	217.7965	-1.962471
929	0	200	216.7689	-1.153122
930	0	230	215.7454	0.9122491
931	0	183	214.7262	-2.28349
932	0	226	213.7113	0.7935749
933	0	228	212.7005	0.9835341
934	0	214	211.6939	0.1531621
935	0	179	210.6914	-2.306997
936	1	190	209.6931	-1.390359
937	0	228	208.6989	1.240774
938	0	199	207.7088	-0.600414
939	0	207	206.7228	1.872518E-02
940	1	204	205.7409	-0.1185027
941	0	176	204.763	-2.112055
942	0	198	203.7891	-0.4001548
943	0	189	202.8193	-0.9783054
944	0	202	201.8534	1.002904E-02
945	0	197	200.8915	-0.2696871
946	1	204	199.9335	0.2768016
947	0	179	198.9795	-1.454423
948	0	172	198.0294	-1.933998
949	0	226	197.0832	1.86737
950	0	204	196.1409	0.5349644
951	0	201	195.2025	0.397652
952	0	185	194.2678	-0.6633402
953	0	185	193.3371	-0.5967208
954	0	188	192.4101	-0.3130545
955	0	179	191.4869	-0.9089923
956	1	195	190.5675	0.3087924
957	0	194	189.6519	0.3037169
958	0	172	188.74	-1.243787
959	0	202	187.8318	0.9693177
960	1	213	186.9273	1.735803
961	0	175	186.0266	-0.8120453
962	0	190	185.1295	0.3438667
963	0	187	184.236	0.1967412
964	0	179	183.3462	-0.3163849
965	0	178	182.46	-0.3256057
966	0	160	181.5775	-1.663757
967	0	185	180.6985	0.3078784
968	0	183	179.8231	0.2286575
969	0	183	178.9512	0.2914093
970	0	158	178.0829	-1.558531
971	0	175	177.2182	-0.1633548
972	0	173	176.3569	-0.2486778
973	0	186	175.4991	0.749517
974	0	160	174.6448	-1.129209
975	0	168	173.794	-0.4357221
976	0	175	172.9466	0.1512197
977	0	194	172.1027	1.529527
978	0	156	171.2622	-1.19217
979	0	163	170.425	-0.5670932
980	0	161	169.5913	-0.6603314
981	0	178	168.7609	0.6745
982	0	163	167.9339	-0.3768319
983	0	168	167.1102	6.691156E-02
984	0	170	166.2899	0.2773199
985	0	162	165.4729	-0.2660799
986	0	170	164.6591	0.3992178
987	0	196	163.8486	2.233974
988	0	175	163.0414	0.8806813
989	0	165	162.2375	0.2096735
990	0	164	161.4368	0.1951541
991	0	178	160.6393	1.267421
992	0	171	159.845	0.8313004
993	0	135	159.0539	-2.023218
994	0	156	158.266	-0.1770065
995	0	169	157.4813	0.8636008
996	0	178	156.6997	1.555031
997	0	159	155.9212	0.2381548
998	1	170	155.1459	1.110303
999	0	163	154.3737	0.6588419
1000	0	147	153.6046	-0.531838
1001	0	174	0	0
1002	0	138	0	0
1003	0	153	0	0
1004	0	168	0	0
1005	0	160	0	0
1006	0	172	0	0
1007	0	141	0	0
1008	0	129	0	0
1009	0	167	0	0
1010	0	135	0	0
1011	0	137	0	0
1012	0	127	0	0
1013	1	143	0	0
1014	0	135	0	0
1015	0	157	0	0
1016	0	156	0	0
1017	0	151	0	0
1018	0	153	0	0
1019	0	145	0	0
1020	0	131	0	0
1021	0	140	0	0
1022	0	143	0	0
1023	0	138	0	0
1024	0	135	0	0
1025	0	144	0	0
1026	0	142	0	0
1027	0	132	0	0
1028	0	122	0	0
1029	2	143	0	0
1030	1	135	0	0
1031	0	133	0	0
1032	1	142	0	0
1033	0	150	0	0
1034	0	146	0	0
1035	0	150	0	0
1036	0	125	0	0
1037	0	129	0	0
1038	0	132	0	0
1039	0	123	0	0
1040	0	128	0	0
1041	0	129	0	0
1042	0	147	0	0
1043	1	152	0	0
1044	0	120	0	0
1045	1	119	0	0
1046	0	125	0	0
1047	0	139	0	0
1048	0	137	0	0
1049	0	121	0	0
1050	0	112	0	0
1051	0	94	0	0
1052	0	115	0	0
1053	0	113	0	0
1054	0	125	0	0
1055	1	108	0	0
1056	0	106	0	0
1057	0	120	0	0
1058	0	106	0	0
1059	0	119	0	0
1060	0	111	0	0
1061	0	130	0	0
1062	0	145	0	0
1063	0	123	0	0
1064	0	109	0	0
1065	0	108	0	0
1066	1	119	0	0
1067	0	111	0	0
1068	0	101	0	0
1069	0	125	0	0
1070	0	102	0	0
1071	0	114	0	0
1072	0	118	0	0
1073	0	115	0	0
1074	1	116	0	0
1075	0	101	0	0
1076	0	104	0	0
1077	0	103	0	0
1078	0	125	0	0
1079	0	116	0	0
1080	1	95	0	0
1081	0	107	0	0
1082	1	98	0	0
1083	0	100	0	0
1084	0	121	0	0
1085	0	118	0	0
1086	0	102	0	0
1087	1	106	0	0
1088	0	103	0	0
1089	0	104	0	0
1090	1	109	0	0
1091	0	105	0	0
1092	0	101	0	0
1093	0	112	0	0
1094	0	88	0	0
1095	1	92	0	0
1096	0	90	0	0
1097	0	116	0	0
1098	0	99	0	0
1099	0	108	0	0
1100	0	96	0	0
1101	1	112	0	0
1102	0	96	0	0
1103	0	110	0	0
1104	0	98	0	0
1105	0	100	0	0
1106	0	100	0	0
1107	0	107	0	0
1108	0	80	0	0
1109	0	97	0	0
1110	0	106	0	0
1111	0	96	0	0
1112	0	97	0	0
1113	0	104	0	0
1114	0	87	0	0
1115	0	109	0	0
1116	0	88	0	0
1117	0	94	0	0
1118	1	96	0	0
1119	0	86	0	0
1120	0	102	0	0
1121	0	80	0	0
1122	0	90	0	0
1123	0	93	0	0
1124	0	88	0	0
1125	1	96	0	0
1126	0	90	0	0
1127	0	106	0	0
1128	0	84	0	0
1129	0	94	0	0
1130	0	88	0	0
1131	1	118	0	0
1132	1	88	0	0
1133	0	89	0	0
1134	0	75	0	0
1135	0	91	0	0
1136	0	77	0	0
1137	0	94	0	0
1138	0	75	0	0
1139	0	84	0	0
1140	1	69	0	0
1141	0	95	0	0
1142	0	84	0	0
1143	1	84	0	0
1144	0	86	0	0
1145	0	102	0	0
1146	0	71	0	0
1147	0	89	0	0
1148	0	63	0	0
1149	1	76	0	0
1150	1	72	0	0
1151	0	81	0	0
1152	0	97	0	0
1153	0	85	0	0
1154	0	80	0	0
1155	1	76	0	0
1156	0	73	0	0
1157	1	71	0	0
1158	0	70	0	0
1159	1	65	0	0
1160	0	72	0	0
1161	0	83	0	0
1162	1	69	0	0
1163	1	72	0	0
1164	0	83	0	0
1165	1	74	0	0
1166	1	71	0	0
1167	0	75	0	0
1168	0	73	0	0
1169	0	79	0	0
1170	0	71	0	0
1171	0	72	0	0
1172	0	68	0	0
1173	0	70	0	0
1174	0	69	0	0
1175	0	53	0	0
1176	1	64	0	0
1177	0	63	0	0
1178	0	59	0	0
1179	0	79	0	0
1180	0	65	0	0
1181	0	80	0	0
1182	0	75	0	0
1183	0	61	0	0
1184	0	66	0	0
1185	0	70	0	0
1186	1	59	0	0
1187	0	62	0	0
1188	0	64	0	0
1189	0	73	0	0
1190	0	61	0	0
1191	0	55	0	0
1192	1	47	0	0
1193	0	59	0	0
1194	1	60	0	0
1195	1	70	0	0
1196	1	65	0	0
1197	0	51	0	0
1198	0	61	0	0
1199	0	72	0	0
1200	0	57	0	0
1201	0	59	0	0
1202	0	68	0	0
1203	1	55	0	0
1204	0	51	0	0
1205	0	58	0	0
1206	1	67	0	0
1207	0	53	0	0
1208	0	58	0	0
1209	0	60	0	0
1210	0	55	0	0
1211	2	62	0	0
1212	1	75	0	0
1213	0	51	0	0
1214	0	52	0	0
1215	1	51	0	0
1216	0	69	0	0
1217	0	64	0	0
1218	2	48	0	0
1219	1	58	0	0
1220	0	75	0	0
1221	1	63	0	0
1222	1	48	0	0
1223	1	61	0	0
1224	0	63	0	0
1225	0	62	0	0
1226	0	55	0	0
1227	0	68	0	0
1228	0	48	0	0
1229	0	50	0	0
1230	0	59	0	0
1231	0	59	0	0
1232	0	34	0	0
1233	0	65	0	0
1234	0	54	0	0
1235	0	45	0	0
1236	1	60	0	0
1237	0	47	0	0
1238	1	41	0	0
1239	0	63	0	0
1240	1	51	0	0
1241	0	48	0	0
1242	0	52	0	0
1243	0	55	0	0
1244	0	49	0	0
1245	1	59	0	0
1246	0	48	0	0
1247	0	62	0	0
1248	1	50	0	0
1249	0	45	0	0
1250	1	52	0	0
1251	0	60	0	0
1252	1	38	0	0
1253	0	61	0	0
1254	1	54	0	0
1255	0	53	0	0
1256	0	54	0	0
1257	1	45	0	0
1258	0	48	0	0
1259	1	58	0	0
1260	0	39	0	0
1261	1	52	0	0
1262	0	39	0	0
1263	0	45	0	0
1264	0	59	0	0
1265	1	50	0	0
1266	0	61	0	0
1267	0	39	0	0
1268	1	47	0	0
1269	1	50	0	0
1270	0	62	0	0
1271	0	67	0	0
1272	1	48	0	0
1273	0	44	0	0
1274	1	47	0	0
1275	1	44	0	0
1276	1	59	0	0
1277	1	47	0	0
1278	1	42	0	0
1279	0	40	0	0
1280	0	35	0	0
1281	0	46	0	0
1282	0	47	0	0
1283	2	62	0	0
1284	0	41	0	0
1285	0	44	0	0
1286	0	40	0	0
1287	0	29	0	0
1288	2	55	0	0
1289	0	36	0	0
1290	0	43	0	0
1291	0	34	0	0
1292	1	34	0	0
1293	0	35	0	0
1294	1	33	0	0
1295	1	38	0	0
1296	0	40	0	0
1297	0	38	0	0
1298	1	35	0	0
1299	0	38	0	0
1300	0	48	0	0
1301	0	33	0	0
1302	2	35	0	0
1303	2	46	0	0
1304	2	37	0	0
1305	1	45	0	0
1306	0	38	0	0
1307	0	51	0	0
1308	0	34	0	0
1309	0	41	0	0
1310	1	47	0	0
1311	0	37	0	0
1312	0	36	0	0
1313	0	36	0	0
1314	1	40	0	0
1315	0	36	0	0
1316	0	45	0	0
1317	2	37	0	0
1318	0	37	0	0
1319	0	38	0	0
1320	2	39	0	0
1321	0	33	0	0
1322	0	41	0	0
1323	1	33	0	0
1324	1	29	0	0
1325	2	30	0	0
1326	0	37	0	0
1327	2	38	0	0
1328	1	35	0	0
1329	0	31	0	0
1330	2	24	0	0
1331	0	31	0	0
1332	2	42	0	0
1333	0	32	0	0
1334	0	28	0	0
1335	0	28	0	0
1336	2	35	0	0
1337	0	27	0	0
1338	1	41	0	0
1339	1	33	0	0
1340	1	47	0	0
1341	0	34	0	0
1342	0	24	0	0
1343	0	32	0	0
1344	1	32	0	0
1345	2	35	0	0
1346	2	35	0	0
1347	1	39	0	0
1348	2	40	0	0
1349	0	26	0	0
1350	0	37	0	0
1351	0	31	0	0
1352	0	35	0	0
1353	0	27	0	0
1354	0	33	0	0
1355	0	32	0	0
1356	0	21	0	0
1357	2	39	0	0
1358	0	34	0	0
1359	1	30	0	0
1360	1	37	0	0
1361	0	31	0	0
1362	1	31	0	0
1363	1	31	0	0
1364	0	25	0	0
1365	0	30	0	0
1366	1	23	0	0
1367	1	30	0	0
1368	0	27	0	0
1369	1	35	0	0
1370	1	34	0	0
1371	0	26	0	0
1372	1	33	0	0
1373	0	25	0	0
1374	2	31	0	0
1375	1	26	0	0
1376	0	32	0	0
1377	0	43	0	0
1378	1	26	0	0
1379	1	21	0	0
1380	0	24	0	0
1381	0	23	0	0
1382	1	31	0	0
1383	0	30	0	0
1384	0	37	0	0
1385	2	22	0	0
1386	2	20	0	0
1387	3	21	0	0
1388	1	26	0	0
1389	1	23	0	0
1390	1	33	0	0
1391	1	21	0	0
1392	1	30	0	0
1393	0	25	0	0
1394	0	23	0	0
1395	1	34	0	0
1396	1	31	0	0
1397	1	29	0	0
1398	0	33	0	0
1399	1	36	0	0
1400	0	26	0	0
1401	0	29	0	0
1402	1	27	0	0
1403	0	22	0	0
1404	2	26	0	0
1405	4	28	0	0
1406	1	31	0	0
1407	2	22	0	0
1408	0	21	0	0
1409	1	26	0	0
1410	0	28	0	0
1411	0	28	0	0
1412	1	26	0	0
1413	4	27	0	0
1414	0	28	0	0
1415	0	32	0	0
1416	0	28	0	0
1417	1	23	0	0
1418	1	27	0	0
1419	0	28	0	0
1420	0	23	0	0
1421	1	22	0	0
1422	2	24	0	0
1423	0	26	0	0
1424	2	30	0	0
1425	0	28	0	0
1426	2	24	0	0
1427	1	21	0	0
1428	2	29	0	0
1429	0	30	0	0
1430	1	21	0	0
1431	0	24	0	0
1432	1	21	0	0
1433	0	17	0	0
1434	0	19	0	0
1435	2	16	0	0
1436	1	19	0	0
1437	0	14	0	0
1438	0	23	0	0
1439	0	22	0	0
1440	0	18	0	0
1441	0	24	0	0
1442	0	25	0	0
1443	0	18	0	0
1444	1	26	0	0
1445	1	20	0	0
1446	2	33	0	0
1447	0	17	0	0
1448	0	22	0	0
1449	2	23	0	0
1450	0	20	0	0
1451	1	21	0	0
1452	0	16	0	0
1453	1	24	0	0
1454	0	19	0	0
1455	0	18	0	0
1456	2	24	0	0
1457	0	18	0	0
1458	0	14	0	0
1459	1	22	0	0
1460	0	22	0	0
1461	1	27	0	0
1462	0	24	0	0
1463	0	11	0	0
1464	1	28	0	0
1465	0	24	0	0
1466	1	22	0	0
1467	0	22	0	0
1468	0	15	0	0
1469	0	14	0	0
1470	1	29	0	0
1471	1	32	0	0
1472	1	23	0	0
1473	0	21	0	0
1474	1	11	0	0
1475	0	13	0	0
1476	0	18	0	0
1477	0	18	0	0
1478	1	25	0	0
1479	0	20	0	0
1480	1	22	0	0
1481	1	21	0	0
1482	1	15	0	0
1483	1	27	0	0
1484	1	11	0	0
1485	3	15	0	0
1486	1	16	0	0
1487	0	15	0	0
1488	1	16	0	0
1489	0	21	0	0
1490	2	16	0	0
1491	0	12	0	0
1492	0	9	0	0
1493	0	24	0	0
1494	1	26	0	0
1495	0	16	0	0
1496	3	13	0	0
1497	0	26	0	0
1498	2	20	0	0
1499	1	15	0	0
1500	0	18	0	0
1501	1	16	0	0
1502	0	15	0	0
1503	0	17	0	0
1504	2	18	0	0
1505	0	20	0	0
1506	1	15	0	0
1507	2	10	0	0
1508	0	16	0	0
1509	0	19	0	0
1510	1	25	0	0
1511	0	20	0	0
1512	2	14	0	0
1513	1	8	0	0
1514	0	25	0	0
1515	1	17	0	0
1516	0	12	0	0
1517	1	16	0	0
1518	0	12	0	0
1519	1	19	0	0
1520	0	18	0	0
1521	0	13	0	0
1522	0	11	0	0
1523	0	15	0	0
1524	1	14	0	0
1525	2	13	0	0
1526	0	9	0	0
1527	0	23	0	0
1528	2	11	0	0
1529	0	19	0	0
1530	0	15	0	0
1531	1	21	0	0
1532	0	16	0	0
1533	1	16	0	0
1534	0	9	0	0
1535	0	21	0	0
1536	3	18	0	0
1537	0	7	0	0
1538	2	16	0	0
1539	1	19	0	0
1540	1	15	0	0
1541	1	22	0	0
1542	1	12	0	0
1543	1	10	0	0
1544	0	9	0	0
1545	2	9	0	0
1546	2	11	0	0
1547	1	15	0	0
1548	2	25	0	0
1549	0	14	0	0
1550	2	14	0	0
1551	1	17	0	0
1552	0	15	0	0
1553	0	12	0	0
1554	1	10	0	0
1555	0	8	0	0
1556	1	20	0	0
1557	1	12	0	0
1558	1	11	0	0
1559	1	9	0	0
1560	1	16	0	0
1561	1	15	0	0
1562	2	11	0	0
1563	2	12	0	0
1564	3	18	0	0
1565	1	17	0	0
1566	1	15	0	0
1567	0	6	0	0
1568	1	18	0	0
1569	2	13	0	0
1570	0	15	0	0
1571	1	15	0	0
1572	1	10	0	0
1573	1	10	0	0
1574	1	7	0	0
1575	1	10	0	0
1576	0	9	0	0
1577	0	16	0	0
1578	0	16	0	0
1579	2	12	0	0
1580	2	9	0	0
1581	0	8	0	0
1582	0	13	0	0
1583	2	8	0	0
1584	0	10	0	0
1585	0	8	0	0
1586	0	10	0	0
1587	1	13	0	0
1588	2	11	0	0
1589	0	13	0	0
1590	1	17	0	0
1591	0	9	0	0
1592	1	8	0	0
1593	3	10	0	0
1594	0	9	0	0
1595	1	14	0	0
1596	1	8	0	0
1597	1	8	0	0
1598	3	9	0	0
1599	1	13	0	0
1600	0	12	0	0
1601	1	9	0	0
1602	0	14	0	0
1603	2	20	0	0
1604	2	8	0	0
1605	0	12	0	0
1606	1	8	0	0
1607	3	7	0	0
1608	1	10	0	0
1609	1	7	0	0
1610	0	9	0	0
1611	2	9	0	0
1612	1	20	0	0
1613	1	13	0	0
1614	1	15	0	0
1615	2	11	0	0
1616	0	8	0	0
1617	1	13	0	0
1618	1	16	0	0
1619	0	16	0	0
1620	0	10	0	0
1621	2	14	0	0
1622	1	11	0	0
1623	3	8	0	0
1624	3	10	0	0
1625	1	15	0	0
1626	0	7	0	0
1627	0	16	0	0
1628	0	6	0	0
1629	2	10	0	0
1630	0	13	0	0
1631	0	15	0	0
1632	1	15	0	0
1633	2	8	0	0
1634	1	8	0	0
1635	0	13	0	0
1636	1	9	0	0
1637	1	10	0	0
1638	2	13	0	0
1639	0	12	0	0
1640	1	9	0	0
1641	0	6	0	0
1642	0	6	0	0
1643	0	16	0	0
1644	0	10	0	0
1645	0	9	0	0
1646	0	13	0	0
1647	1	13	0	0
1648	1	14	0	0
1649	1	9	0	0
1650	1	9	0	0
1651	0	10	0	0
1652	2	10	0	0
1653	5	2	0	0
1654	2	7	0	0
1655	3	13	0	0
1656	1	9	0	0
1657	1	6	0	0
1658	1	11	0	0
1659	2	9	0	0
1660	1	8	0	0
1661	2	13	0	0
1662	1	9	0	0
1663	3	9	0	0
1664	0	8	0	0
1665	1	11	0	0
1666	0	9	0	0
1667	1	9	0	0
1668	0	9	0	0
1669	1	6	0	0
1670	0	10	0	0
1671	2	7	0	0
1672	1	10	0	0
1673	3	7	0	0
1674	2	10	0	0
1675	0	6	0	0
1676	1	5	0	0
1677	2	11	0	0
1678	1	4	0	0
1679	0	6	0	0
1680	1	10	0	0
1681	1	6	0	0
1682	3	8	0	0
1683	0	7	0	0
1684	2	15	0	0
1685	2	7	0	0
1686	0	5	0	0
1687	3	12	0	0
1688	2	2	0	0
1689	1	15	0	0
1690	0	10	0	0
1691	1	9	0	0
1692	0	11	0	0
1693	1	13	0	0
1694	1	9	0	0
1695	0	11	0	0
1696	1	5	0	0
1697	0	5	0	0
1698	2	12	0	0
1699	0	8	0	0
1700	1	8	0	0
1701	0	8	0	0
1702	0	5	0	0
1703	1	6	0	0
1704	3	10	0	0
1705	1	10	0	0
1706	1	16	0	0
1707	2	10	0	0
1708	1	4	0	0
1709	1	6	0	0
1710	0	5	0	0
1711	1	8	0	0
1712	0	12	0	0
1713	0	8	0	0
1714	0	10	0	0
1715	0	4	0	0
1716	0	12	0	0
1717	1	9	0	0
1718	1	5	0	0
1719	2	4	0	0
1720	2	8	0	0
1721	0	4	0	0
1722	0	5	0	0
1723	0	7	0	0
1724	0	7	0	0
1725	1	7	0	0
1726	2	5	0	0
1727	2	6	0	0
1728	0	12	0	0
1729	0	5	0	0
1730	2	10	0	0
1731	0	5	0	0
1732	1	5	0	0
1733	1	4	0	0
1734	0	7	0	0
1735	2	6	0	0
1736	1	3	0	0
1737	1	5	0	0
1738	3	4	0	0
1739	3	3	0	0
1740	1	8	0	0
1741	0	6	0	0
1742	2	8	0	0
1743	3	4	0	0
1744	1	6	0	0
1745	1	4	0	0
1746	2	7	0	0
1747	0	5	0	0
1748	1	8	0	0
1749	0	7	0	0
1750	0	8	0	0
1751	1	4	0	0
1752	0	8	0	0
1753	1	4	0	0
1754	2	8	0	0
1755	0	4	0	0
1756	1	5	0	0
1757	3	5	0	0
1758	1	4	0	0
1759	1	11	0	0
1760	0	8	0	0
1761	3	6	0	0
1762	4	9	0	0
1763	2	5	0	0
1764	1	10	0	0
1765	0	6	0	0
1766	0	6	0	0
1767	3	6	0	0
1768	1	3	0	0
1769	1	3	0	0
1770	1	9	0	0
1771	0	2	0	0
1772	2	9	0	0
1773	1	8	0	0
1774	1	4	0	0
1775	0	3	0	0
1776	0	10	0	0
1777	1	6	0	0
1778	0	3	0	0
1779	1	3	0	0
1780	1	4	0	0
1781	1	2	0	0
1782	1	10	0	0
1783	0	7	0	0
1784	0	4	0	0
1785	0	6	0	0
1786	1	6	0	0
1787	0	7	0	0
1788	1	3	0	0
1789	1	6	0	0
1790	0	10	0	0
1791	1	3	0	0
1792	1	8	0	0
1793	1	3	0	0
1794	0	4	0	0
1795	2	2	0	0
1796	0	8	0	0
1797	1	6	0	0
1798	0	7	0	0
1799	1	7	0	0
1800	2	4	0	0
1801	4	7	0	0
1802	1	4	0	0
1803	1	5	0	0
1804	2	2	0	0
1805	0	5	0	0
1806	0	2	0	0
1807	1	6	0	0
1808	0	6	0	0
1809	1	3	0	0
1810	0	7	0	0
1811	1	4	0	0
1812	1	4	0	0
1813	2	5	0	0
1814	3	10	0	0
1815	3	4	0	0
1816	1	3	0	0
1817	3	6	0	0
1818	2	13	0	0
1819	0	4	0	0
1820	1	3	0	0
1821	0	7	0	0
1822	0	5	0	0
1823	0	7	0	0
1824	0	7	0	0
1825	0	9	0	0
1826	1	5	0	0
1827	0	5	0	0
1828	0	3	0	0
1829	0	2	0	0
1830	1	7	0	0
1831	0	4	0	0
1832	0	8	0	0
1833	1	6	0	0
1834	1	3	0	0
1835	1	1	0	0
1836	1	7	0	0
1837	0	4	0	0
1838	0	4	0	0
1839	3	5	0	0
1840	1	3	0	0
1841	3	4	0	0
1842	2	6	0	0
1843	0	2	0	0
1844	1	7	0	0
1845	0	2	0	0
1846	2	8	0	0
1847	0	6	0	0
1848	1	8	0	0
1849	1	5	0	0
1850	3	5	0	0
1851	1	6	0	0
1852	2	4	0	0
1853	2	4	0	0
1854	1	5	0	0
1855	3	6	0	0
1856	0	6	0	0
1857	1	3	0	0
1858	2	1	0	0
1859	3	9	0	0
1860	1	8	0	0
1861	0	4	0	0
1862	0	6	0	0
1863	2	3	0	0
1864	0	8	0	0
1865	2	1	0	0
1866	3	6	0	0
1867	0	6	0	0
1868	0	11	0	0
1869	1	6	0	0
1870	1	1	0	0
1871	2	4	0	0
1872	0	5	0	0
1873	1	2	0	0
1874	0	4	0	0
1875	1	5	0	0
1876	2	6	0	0
1877	1	5	0	0
1878	1	5	0	0
1879	0	8	0	0
1880	1	7	0	0
1881	1	9	0	0
1882	2	4	0	0
1883	4	7	0	0
1884	1	3	0	0
1885	2	5	0	0
1886	1	5	0	0
1887	0	8	0	0
1888	1	6	0	0
1889	1	3	0	0
1890	2	2	0	0
1891	1	4	0	0
1892	0	6	0	0
1893	3	4	0	0
1894	1	4	0	0
1895	0	4	0	0
1896	1	2	0	0
1897	3	3	0	0
1898	0	3	0	0
1899	3	7	0	0
1900	2	0	0	0
1901	2	8	0	0
1902	0	3	0	0
1903	1	4	0	0
1904	2	7	0	0
1905	0	6	0	0
1906	1	7	0	0
1907	1	6	0	0
1908	3	5	0	0
1909	1	3	0	0
1910	4	9	0	0
1911	1	4	0	0
1912	3	4	0	0
1913	1	4	0	0
1914	2	7	0	0
1915	0	5	0	0
1916	1	4	0	0
1917	2	1	0	0
1918	2	7	0	0
1919	1	0	0	0
1920	0	4	0	0
1921	2	4	0	0
1922	3	6	0	0
1923	0	3	0	0
1924	1	5	0	0
1925	1	6	0	0
1926	1	1	0	0
1927	0	5	0	0
1928	2	4	0	0
1929	1	6	0	0
1930	0	2	0	0
1931	1	6	0	0
1932	1	8	0	0
1933	3	2	0	0
1934	0	7	0	0
1935	1	4	0	0
1936	1	2	0	0
1937	0	8	0	0
1938	3	4	0	0
1939	1	2	0	0
1940	2	3	0	0
1941	1	3	0	0
1942	1	4	0	0
1943	1	4	0	0
1944	1	2	0	0
1945	2	6	0	0
1946	2	5	0	0
1947	1	2	0	0
1948	1	4	0	0
1949	0	4	0	0
1950	1	2	0	0
1951	1	2	0	0
1952	1	2	0	0
1953	2	2	0	0
1954	2	2	0	0
1955	1	2	0	0
1956	0	3	0	0
1957	2	3	0	0
1958	1	3	0	0
1959	0	7	0	0
1960	2	3	0	0
1961	2	5	0	0
1962	2	2	0	0
1963	0	4	0	0
1964	0	3	0	0
1965	2	2	0	0
1966	1	4	0	0
1967	4	5	0	0
1968	0	5	0	0
1969	1	3	0	0
1970	0	3	0	0
1971	2	5	0	0
1972	3	3	0	0
1973	1	4	0	0
1974	0	1	0	0
1975	2	5	0	0
1976	1	4	0	0
1977	0	7	0	0
1978	2	1	0	0
1979	1	2	0	0
1980	1	5	0	0
1981	1	3	0	0
1982	0	3	0	0
1983	1	4	0	0
1984	0	3	0	0
1985	2	1	0	0
1986	1	3	0	0
1987	0	8	0	0
1988	1	4	0	0
1989	1	4	0	0
1990	5	4	0	0
1991	1	3	0	0
1992	3	5	0	0
1993	1	4	0	0
1994	1	3	0	0
1995	1	5	0	0
1996	2	5	0	0
1997	2	6	0	0
1998	1	3	0	0
1999	1	3	0	0
2000	1	5	0	0
2001	0	2	0	0
2002	5	5	0	0
2003	1	4	0	0
2004	3	2	0	0
2005	2	5	0	0
2006	2	2	0	0
2007	2	5	0	0
2008	1	3	0	0
2009	1	4	0	0
2010	5	1	0	0
2011	4	3	0	0
2012	2	2	0	0
2013	3	5	0	0
2014	0	2	0	0
2015	1	7	0	0
2016	0	6	0	0
2017	1	5	0	0
2018	2	4	0	0
2019	4	4	0	0
2020	1	1	0	0
2021	2	5	0	0
2022	2	4	0	0
2023	2	6	0	0
2024	1	5	0	0
2025	2	1	0	0
2026	4	4	0	0
2027	3	4	0	0
2028	3	5	0	0
2029	1	2	0	0
2030	1	5	0	0
2031	0	0	0	0
2032	0	4	0	0
2033	2	1	0	0
2034	0	3	0	0
2035	2	3	0	0
2036	1	4	0	0
2037	1	4	0	0
2038	2	2	0	0
2039	3	7	0	0
2040	1	5	0	0
2041	1	2	0	0
2042	2	4	0	0
2043	4	4	0	0
2044	0	3	0	0
2045	1	3	0	0
2046	2	4	0	0
2047	2	4	0	0
2048	2	2	0	0
2049	1	3	0	0
2050	0	2	0	0
2051	1	3	0	0
2052	0	4	0	0
2053	1	1	0	0
2054	1	0	0	0
2055	0	6	0	0
2056	0	4	0	0
2057	1	5	0	0
2058	0	3	0	0
2059	0	7	0	0
2060	1	4	0	0
2061	1	2	0	0
2062	3	3	0	0
2063	2	5	0	0
2064	5	2	0	0
2065	2	6	0	0
2066	0	4	0	0
2067	1	6	0	0
2068	2	4	0	0
2069	1	5	0	0
2070	1	6	0	0
2071	0	2	0	0
2072	1	4	0	0
2073	0	5	0	0
2074	0	4	0	0
2075	1	4	0	0
2076	2	4	0	0
2077	1	5	0	0
2078	2	5	0	0
2079	2	2	0	0
2080	1	2	0	0
2081	3	0	0	0
2082	4	3	0	0
2083	3	4	0	0
2084	3	5	0	0
2085	3	3	0	0
2086	4	4	0	0
2087	0	2	0	0
2088	0	4	0	0
2089	1	7	0	0
2090	2	1	0	0
2091	0	3	0	0
2092	1	2	0	0
2093	0	3	0	0
2094	2	3	0	0
2095	2	3	0	0
2096	1	1	0	0
2097	3	3	0	0
2098	3	2	0	0
2099	3	4	0	0
2100	2	3	0	0
2101	2	2	0	0
2102	3	7	0	0
2103	1	2	0	0
2104	2	5	0	0
2105	2	1	0	0
2106	2	2	0	0
2107	1	4	0	0
2108	2	4	0	0
2109	0	3	0	0
2110	2	3	0	0
2111	0	4	0	0
2112	1	3	0	0
2113	1	5	0	0
2114	1	5	0	0
2115	2	4	0	0
2116	1	0	0	0
2117	1	4	0	0
2118	0	3	0	0
2119	2	3	0	0
2120	2	2	0	0
2121	2	1	0	0
2122	0	5	0	0
2123	3	2	0	0
2124	0	1	0	0
2125	2	6	0	0
2126	2	6	0	0
2127	2	2	0	0
2128	2	5	0	0
2129	2	0	0	0
2130	1	0	0	0
2131	4	3	0	0
2132	1	8	0	0
2133	1	2	0	0
2134	0	4	0	0
2135	1	2	0	0
2136	3	2	0	0
2137	3	6	0	0
2138	2	2	0	0
2139	3	3	0	0
2140	0	3	0	0
2141	6	7	0	0
2142	1	2	0	0
2143	1	1	0	0
2144	2	2	0	0
2145	1	2	0	0
2146	3	5	0	0
2147	3	2	0	0
2148	1	5	0	0
2149	0	2	0	0
2150	1	5	0	0
2151	0	2	0	0
2152	0	3	0	0
2153	2	5	0	0
2154	1	6	0	0
2155	1	3	0	0
2156	2	3	0	0
2157	2	4	0	0
2158	1	4	0	0
2159	3	2	0	0
2160	3	6	0	0
2161	1	0	0	0
2162	2	5	0	0
2163	2	6	0	0
2164	4	4	0	0
2165	2	4	0	0
2166	4	2	0	0
2167	2	3	0	0
2168	2	5	0	0
2169	1	0	0	0
2170	0	3	0	0
2171	1	2	0	0
2172	1	3	0	0
2173	1	4	0	0
2174	2	4	0	0
2175	0	5	0	0
2176	2	5	0	0
2177	2	2	0	0
2178	1	3	0	0
2179	2	4	0	0
2180	1	6	0	0
2181	3	3	0	0
2182	0	2	0	0
2183	1	3	0	0
2184	4	2	0	0
2185	1	3	0	0
2186	2	2	0	0
2187	0	7	0	0
2188	2	5	0	0
2189	1	5	0	0
2190	0	3	0	0
2191	1	3	0	0
2192	1	2	0	0
2193	5	4	0	0
2194	3	3	0	0
2195	2	3	0	0
2196	0	1	0	0
2197	1	4	0	0
2198	2	1	0	0
2199	3	4	0	0
2200	2	3	0	0
2201	0	4	0	0
2202	0	5	0	0
2203	2	3	0	0
2204	1	5	0	0
2205	0	1	0	0
2206	2	6	0	0
2207	2	1	0	0
2208	1	3	0	0
2209	1	3	0	0
2210	4	3	0	0
2211	1	6	0	0
2212	0	3	0	0
2213	1	1	0	0
2214	1	2	0	0
2215	2	4	0	0
2216	1	2	0	0
2217	2	7	0	0
2218	2	3	0	0
2219	1	6	0	0
2220	1	2	0	0
2221	1	3	0	0
2222	0	3	0	0
2223	4	6	0	0
2224	0	4	0	0
2225	2	6	0	0
2226	3	2	0	0
2227	2	3	0	0
2228	1	6	0	0
2229	3	4	0	0
2230	2	1	0	0
2231	4	1	0	0
2232	0	6	0	0
2233	3	0	0	0
2234	2	5	0	0
2235	0	5	0	0
2236	2	1	0	0
2237	1	3	0	0
2238	2	2	0	0
2239	1	5	0	0
2240	1	3	0	0
2241	0	6	0	0
2242	0	4	0	0
2243	0	5	0	0
2244	1	2	0	0
2245	3	1	0	0
2246	0	3	0	0
2247	3	5	0	0
2248	2	4	0	0
2249	2	3	0	0
2250	0	5	0	0
2251	1	4	0	0
2252	0	3	0	0
2253	0	2	0	0
2254	2	3	0	0
2255	0	1	0	0
2256	0	4	0	0
2257	0	4	0	0
2258	2	3	0	0
2259	0	2	0	0
2260	3	2	0	0
2261	3	1	0	0
2262	2	6	0	0
2263	2	1	0	0
2264	1	0	0	0
2265	2	2	0	0
2266	2	2	0	0
2267	1	3	0	0
2268	0	6	0	0
2269	1	5	0	0
2270	0	5	0	0
2271	3	6	0	0
2272	0	3	0	0
2273	0	2	0	0
2274	0	3	0	0
2275	0	2	0	0
2276	1	4	0	0
2277	0	5	0	0
2278	3	4	0	0
2279	1	1	0	0
2280	2	10	0	0
2281	2	3	0	0
2282	1	3	0	0
2283	0	2	0	0
2284	1	6	0	0
2285	1	2	0	0
2286	1	4	0	0
2287	1	6	0	0
2288	2	5	0	0
2289	2	1	0	0
2290	1	2	0	0
2291	1	4	0	0
2292	1	4	0	0
2293	0	5	0	0
2294	1	2	0	0
2295	4	6	0	0
2296	1	3	0	0
2297	0	6	0	0
2298	1	1	0	0
2299	2	3	0	0
2300	1	2	0	0
2301	0	6	0	0
2302	0	4	0	0
2303	4	2	0	0
2304	3	6	0	0
2305	3	2	0	0
2306	4	4	0	0
2307	1	1	0	0
2308	0	1	0	0
2309	1	5	0	0
2310	2	0	0	0
2311	4	3	0	0
2312	1	3	0	0
2313	3	2	0	0
2314	0	1	0	0
2315	1	3	0	0
2316	1	3	0	0
2317	1	3	0	0
2318	1	1	0	0
2319	0	3	0	0
2320	2	5	0	0
2321	1	1	0	0
2322	6	1	0	0
2323	4	5	0	0
2324	1	3	0	0
2325	3	4	0	0
2326	2	3	0	0
2327	2	2	0	0
2328	2	1	0	0
2329	0	1	0	0
2330	1	4	0	0
2331	1	3	0	0
2332	0	5	0	0
2333	1	2	0	0
2334	0	2	0	0
2335	2	2	0	0
2336	0	3	0	0
2337	1	2	0	0
2338	1	4	0	0
2339	1	3	0	0
2340	2	2	0	0
2341	1	3	0	0
2342	1	2	0	0
2343	1	6	0	0
2344	1	2	0	0
2345	3	3	0	0
2346	1	1	0	0
2347	3	3	0	0
2348	4	1	0	0
2349	2	2	0	0
2350	1	3	0	0
2351	1	2	0	0
2352	0	3	0	0
2353	0	5	0	0
2354	2	2	0	0
2355	1	2	0	0
2356	2	6	0	0
2357	2	5	0	0
2358	1	5	0	0
2359	1	1	0	0
2360	2	2	0	0
2361	0	1	0	0
2362	1	5	0	0
2363	3	3	0	0
2364	1	2	0	0
2365	0	2	0	0
2366	2	5	0	0
2367	2	5	0	0
2368	1	5	0	0
2369	2	2	0	0
2370	0	4	0	0
2371	1	6	0	0
2372	0	2	0	0
2373	3	2	0	0
2374	1	2	0	0
2375	1	2	0	0
2376	1	1	0	0
2377	0	6	0	0
2378	0	4	0	0
2379	2	4	0	0
2380	0	3	0	0
2381	2	3	0	0
2382	1	5	0	0
2383	1	6	0	0
2384	1	3	0	0
2385	1	3	0	0
2386	0	2	0	0
2387	1	3	0	0
2388	0	4	0	0
2389	0	2	0	0
2390	1	4	0	0
2391	1	1	0	0
2392	0	3	0	0
2393	3	3	0	0
2394	1	3	0	0
2395	0	4	0	0
2396	3	2	0	0
2397	1	2	0	0
2398	1	3	0	0
2399	4	2	0	0
2400	0	2	0	0
2401	1	5	0	0
2402	5	1	0	0
2403	1	2	0	0
2404	1	2	0	0
2405	1	3	0	0
2406	4	3	0	0
2407	1	0	0	0
2408	3	3	0	0
2409	1	3	0	0
2410	2	5	0	0
2411	2	5	0	0
2412	2	2	0	0
2413	1	5	0	0
2414	1	5	0	0
2415	4	7	0	0
2416	2	2	0	0
2417	1	6	0	0
2418	0	1	0	0
2419	0	3	0	0
2420	3	3	0	0
2421	1	3	0	0
2422	2	5	0	0
2423	1	2	0	0
2424	3	4	0	0
2425	2	2	0	0
2426	1	3	0	0
2427	0	5	0	0
2428	0	2	0	0
2429	1	1	0	0
2430	0	1	0	0
2431	2	3	0	0
2432	1	2	0	0
2433	0	4	0	0
2434	0	5	0	0
2435	0	1	0	0
2436	0	5	0	0
2437	0	3	0	0
2438	0	2	0	0
2439	2	2	0	0
2440	0	5	0	0
2441	1	3	0	0
2442	2	1	0	0
2443	2	3	0	0
2444	4	6	0	0
2445	2	4	0	0
2446	0	2	0	0
2447	1	5	0	0
2448	1	4	0	0
2449	1	6	0	0
2450	0	1	0	0
2451	1	2	0	0
2452	1	0	0	0
2453	2	2	0	0
2454	1	3	0	0
2455	4	4	0	0
2456	1	5	0	0
2457	1	6	0	0
2458	1	3	0	0
2459	3	1	0	0
2460	1	5	0	0
2461	3	3	0	0
2462	3	5	0	0
2463	1	2	0	0
2464	1	1	0	0
2465	0	3	0	0
2466	2	2	0	0
2467	0	2	0	0
2468	1	8	0	0
2469	1	1	0	0
2470	4	2	0	0
2471	3	4	0	0
2472	2	4	0	0
2473	2	3	0	0
2474	1	2	0	0
2475	1	0	0	0
2476	0	0	0	0
2477	1	0	0	0
2478	0	2	0	0
2479	0	3	0	0
2480	1	0	0	0
2481	1	1	0	0
2482	2	4	0	0
2483	1	5	0	0
2484	0	2	0	0
2485	1	2	0	0
2486	0	2	0	0
2487	1	8	0	0
2488	1	5	0	0
2489	1	2	0	0
2490	0	1	0	0
2491	2	2	0	0
2492	0	3	0	0
2493	4	3	0	0
2494	0	4	0	0
2495	1	2	0	0
2496	0	8	0	0
2497	2	4	0	0
2498	0	3	0	0
2499	2	4	0	0
2500	1	4	0	0
2501	1	3	0	0
2502	5	4	0	0
2503	0	4	0	0
2504	0	1	0	0
2505	1	4	0	0
2506	2	7	0	0
2507	1	2	0	0
2508	2	6	0	0
2509	3	1	0	0
2510	2	1	0	0
2511	4	4	0	0
2512	0	5	0	0
2513	0	8	0	0
2514	2	2	0	0
2515	1	2	0	0
2516	1	3	0	0
2517	2	1	0	0
2518	1	6	0	0
2519	1	5	0	0
2520	0	7	0	0
2521	3	1	0	0
2522	0	2	0	0
2523	3	5	0	0
2524	0	2	0	0
2525	1	5	0	0
2526	1	1	0	0
2527	1	3	0	0
2528	1	5	0	0
2529	2	2	0	0
2530	0	1	0	0
2531	3	6	0	0
2532	1	3	0	0
2533	1	0	0	0
2534	2	1	0	0
2535	1	1	0	0
2536	2	4	0	0
2537	1	1	0	0
2538	3	3	0	0
2539	1	3	0	0
2540	1	6	0	0
2541	1	1	0	0
2542	1	3	0	0
2543	0	3	0	0
2544	0	7	0	0
2545	3	1	0	0
2546	1	4	0	0
2547	2	6	0	0
2548	2	1	0	0
2549	1	0	0	0
2550	0	2	0	0
2551	2	2	0	0
2552	0	3	0	0
2553	1	3	0	0
2554	0	2	0	0
2555	6	2	0	0
2556	6	2	0	0
2557	0	4	0	0
2558	1	4	0	0
2559	2	4	0	0
2560	5	5	0	0
2561	0	5	0	0
2562	2	4	0	0
2563	0	1	0	0
2564	0	2	0	0
2565	0	1	0	0
2566	0	0	0	0
2567	0	6	0	0
2568	0	4	0	0
2569	1	3	0	0
2570	1	6	0	0
2571	1	2	0	0
2572	2	1	0	0
2573	1	2	0	0
2574	2	4	0	0
2575	2	4	0	0
2576	1	3	0	0
2577	2	5	0	0
2578	0	4	0	0
2579	1	2	0	0
2580	0	4	0	0
2581	0	3	0	0
2582	3	1	0	0
2583	1	3	0	0
2584	2	3	0	0
2585	1	7	0	0
2586	2	2	0	0
2587	1	3	0	0
2588	0	4	0	0
2589	3	1	0	0
2590	1	1	0	0
2591	0	2	0	0
2592	2	4	0	0
2593	0	4	0	0
2594	3	2	0	0
2595	2	3	0	0
2596	1	2	0	0
2597	1	1	0	0
2598	3	4	0	0
2599	2	0	0	0
2600	0	2	0	0
2601	0	3	0	0
2602	1	3	0	0
2603	1	2	0	0
2604	0	6	0	0
2605	1	7	0	0
2606	2	2	0	0
2607	0	2	0	0
2608	0	5	0	0
2609	0	3	0	0
2610	0	5	0	0
2611	2	3	0	0
2612	2	2	0	0
2613	1	3	0	0
2614	2	3	0	0
2615	4	1	0	0
2616	0	2	0	0
2617	1	1	0	0
2618	2	1	0	0
2619	0	2	0	0
2620	1	2	0	0
2621	2	3	0	0
2622	0	4	0	0
2623	1	5	0	0
2624	3	3	0	0
2625	2	1	0	0
2626	2	6	0	0
2627	2	4	0	0
2628	2	2	0	0
2629	2	3	0	0
2630	1	3	0	0
2631	0	2	0	0
2632	2	3	0	0
2633	0	3	0	0
2634	1	2	0	0
2635	3	3	0	0
2636	2	3	0	0
2637	1	7	0	0
2638	4	4	0	0
2639	0	4	0	0
2640	3	4	0	0
2641	2	1	0	0
2642	1	0	0	0
2643	0	6	0	0
2644	1	5	0	0
2645	1	4	0	0
2646	2	3	0	0
2647	1	4	0	0
2648	0	3	0	0
2649	2	4	0	0
2650	2	3	0	0
2651	2	1	0	0
2652	3	2	0	0
2653	1	4	0	0
2654	1	1	0	0
2655	2	6	0	0
2656	0	3	0	0
2657	0	3	0	0
2658	2	4	0	0
2659	0	3	0	0
2660	0	1	0	0
2661	0	2	0	0
2662	2	3	0	0
2663	2	2	0	0
2664	3	3	0	0
2665	3	2	0	0
2666	0	2	0	0
2667	1	2	0	0
2668	5	2	0	0
2669	1	3	0	0
2670	2	2	0	0
2671	0	2	0	0
2672	0	4	0	0
2673	3	2	0	0
2674	1	2	0	0
2675	1	5	0	0
2676	0	0	0	0
2677	1	1	0	0
2678	2	4	0	0
2679	2	5	0	0
2680	0	7	0	0
2681	1	6	0	0
2682	4	3	0	0
2683	2	0	0	0
2684	1	4	0	0
2685	4	3	0	0
2686	0	0	0	0
2687	3	3	0	0
2688	2	4	0	0
2689	1	4	0	0
2690	0	1	0	0
2691	3	2	0	0
2692	1	7	0	0
2693	3	1	0	0
2694	1	1	0	0
2695	0	1	0	0
2696	4	5	0	0
2697	0	2	0	0
2698	0	3	0	0
2699	3	2	0	0
2700	1	0	0	0
2701	0	6	0	0
2702	2	2	0	0
2703	1	7	0	0
2704	1	3	0	0
2705	0	4	0	0
2706	0	1	0	0
2707	2	3	0	0
2708	0	0	0	0
2709	1	3	0	0
2710	1	3	0	0
2711	0	3	0	0
2712	4	4	0	0
2713	3	3	0	0
2714	0	1	0	0
2715	0	4	0	0
2716	2	4	0	0
2717	1	2	0	0
2718	2	2	0	0
2719	0	3	0	0
2720	2	2	0	0
2721	1	7	0	0
2722	3	2	0	0
2723	1	2	0	0
2724	0	4	0	0
2725	3	4	0	0
2726	1	3	0	0
2727	2	3	0	0
2728	3	3	0	0
2729	3	2	0	0
2730	2	1	0	0
2731	2	2	0	0
2732	0	3	0	0
2733	0	2	0	0
2734	3	4	0	0
2735	1	3	0	0
2736	0	2	0	0
2737	0	1	0	0
2738	0	2	0	0
2739	1	1	0	0
2740	1	3	0	0
2741	1	4	0	0
2742	5	2	0	0
2743	2	7	0	0
2744	0	2	0	0
2745	0	0	0	0
2746	1	3	0	0
2747	1	4	0	0
2748	1	2	0	0
2749	0	5	0	0
2750	5	0	0	0
2751	2	4	0	0
2752	0	6	0	0
2753	2	3	0	0
2754	0	1	0	0
2755	2	8	0	0
2756	3	5	0	0
2757	3	3	0	0
2758	1	0	0	0
2759	2	0	0	0
2760	1	3	0	0
2761	0	2	0	0
2762	3	4	0	0
2763	3	6	0	0
2764	3	4	0	0
2765	0	5	0	0
2766	1	3	0	0
2767	2	2	0	0
2768	1	2	0	0
2769	1	3	0	0
2770	2	4	0	0
2771	1	4	0	0
2772	4	1	0	0
2773	2	3	0	0
2774	0	3	0	0
2775	1	5	0	0
2776	2	4	0	0
2777	3	3	0	0
2778	0	2	0	0
2779	1	4	0	0
2780	4	1	0	0
2781	3	3	0	0
2782	2	5	0	0
2783	0	2	0	0
2784	1	2	0	0
2785	3	2	0	0
2786	2	6	0	0
2787	0	3	0	0
2788	1	4	0	0
2789	2	2	0	0
2790	1	3	0	0
2791	0	1	0	0
2792	2	10	0	0
2793	4	2	0	0
2794	1	3	0	0
2795	0	3	0	0
2796	3	2	0	0
2797	1	5	0	0
2798	0	4	0	0
2799	1	2	0	0
2800	2	6	0	0
2801	1	1	0	0
2802	2	5	0	0
2803	4	2	0	0
2804	1	6	0	0
2805	0	1	0	0
2806	2	2	0	0
2807	1	1	0	0
2808	1	2	0	0
2809	2	4	0	0
2810	2	2	0	0
2811	1	2	0	0
2812	2	2	0	0
2813	3	3	0	0
2814	1	3	0	0
2815	0	2	0	0
2816	1	2	0	0
2817	2	2	0	0
2818	1	2	0	0
2819	1	4	0	0
2820	2	3	0	0
2821	2	4	0	0
2822	1	4	0	0
2823	2	4	0	0
2824	1	4	0	0
2825	1	1	0	0
2826	2	5	0	0
2827	1	4	0	0
2828	0	2	0	0
2829	0	2	0	0
2830	2	2	0	0
2831	2	3	0	0
2832	2	4	0	0
2833	3	1	0	0
2834	1	6	0	0
2835	3	7	0	0
2836	0	1	0	0
2837	1	1	0	0
2838	1	1	0	0
2839	2	2	0	0
2840	0	4	0	0
2841	4	5	0	0
2842	3	2	0	0
2843	2	3	0	0
2844	2	4	0	0
2845	2	4	0	0
2846	1	2	0	0
2847	2	2	0	0
2848	1	3	0	0
2849	1	4	0	0
2850	3	3	0	0
2851	0	3	0	0
2852	1	5	0	0
2853	3	4	0	0
2854	2	4	0	0
2855	3	0	0	0
2856	2	2	0	0
2857	1	6	0	0
2858	3	0	0	0
2859	3	2	0	0
2860	2	4	0	0
2861	1	4	0	0
2862	1	3	0	0
2863	1	5	0	0
2864	1	4	0	0
2865	3	5	0	0
2866	1	4	0	0
2867	3	7	0	0
2868	1	5	0	0
2869	0	6	0	0
2870	2	3	0	0
2871	0	7	0	0
2872	2	8	0	0
2873	2	2	0	0
2874	1	2	0	0
2875	0	4	0	0
2876	0	2	0	0
2877	3	2	0	0
2878	2	4	0	0
2879	2	3	0	0
2880	4	3	0	0
2881	2	3	0	0
2882	2	3	0	0
2883	2	2	0	0
2884	1	2	0	0
2885	0	3	0	0
2886	2	5	0	0
2887	1	6	0	0
2888	0	2	0	0
2889	1	1	0	0
2890	0	2	0	0
2891	2	1	0	0
2892	1	7	0	0
2893	1	2	0	0
2894	1	5	0	0
2895	1	4	0	0
2896	3	5	0	0
2897	2	4	0	0
2898	1	5	0	0
2899	0	1	0	0
2900	1	1	0	0
2901	0	1	0	0
2902	1	5	0	0
2903	1	5	0	0
2904	2	8	0	0
2905	2	2	0	0
2906	0	2	0	0
2907	0	2	0	0
2908	0	1	0	0
2909	2	6	0	0
2910	2	4	0	0
2911	2	2	0	0
2912	0	6	0	0
2913	1	1	0	0
2914	0	4	0	0
2915	2	1	0	0
2916	0	0	0	0
2917	0	4	0	0
2918	1	4	0	0
2919	4	3	0	0
2920	1	4	0	0
2921	0	4	0	0
2922	2	4	0	0
2923	0	4	0	0
2924	1	5	0	0
2925	2	0	0	0
2926	1	1	0	0
2927	3	3	0	0
2928	2	3	0	0
2929	2	1	0	0
2930	0	2	0	0
2931	0	3	0	0
2932	1	2	0	0
2933	4	1	0	0
2934	1	3	0	0
2935	0	1	0	0
2936	1	1	0	0
2937	2	4	0	0
2938	2	3	0	0
2939	2	3	0	0
2940	2	1	0	0
2941	0	2	0	0
2942	0	4	0	0
2943	3	2	0	0
2944	2	0	0	0
2945	0	6	0	0
2946	3	4	0	0
2947	2	5	0	0
2948	2	0	0	0
2949	2	0	0	0
2950	1	0	0	0
2951	1	4	0	0
2952	0	3	0	0
2953	1	3	0	0
2954	0	3	0	0
2955	1	4	0	0
2956	0	2	0	0
2957	0	2	0	0
2958	1	3	0	0
2959	0	4	0	0
2960	1	3	0	0
2961	0	2	0	0
2962	0	2	0	0
2963	1	5	0	0
2964	1	2	0	0
2965	0	4	0	0
2966	3	2	0	0
2967	1	2	0	0
2968	2	4	0	0
2969	0	2	0	0
2970	2	1	0	0
2971	5	4	0	0
2972	3	6	0	0
2973	0	1	0	0
2974	2	0	0	0
2975	0	3	0	0
2976	0	1	0	0
2977	1	0	0	0
2978	2	4	0	0
2979	3	1	0	0
2980	3	2	0	0
2981	2	2	0	0
2982	0	1	0	0
2983	2	1	0	0
2984	0	5	0	0
2985	1	4	0	0
2986	1	8	0	0
2987	2	3	0	0
2988	2	4	0	0
2989	0	5	0	0
2990	1	4	0	0
2991	1	1	0	0
2992	2	3	0	0
2993	0	3	0	0
2994	0	3	0	0
2995	1	1	0	0
2996	0	2	0	0
2997	0	7	0	0
2998	0	3	0	0
2999	1	0	0	0
3000	1	3	0	0
3001	3	1	0	0
3002	2	4	0	0
3003	1	2	0	0
3004	0	2	0	0
3005	0	3	0	0
3006	0	4	0	0
3007	1	4	0	0
3008	2	1	0	0
3009	2	2	0	0
3010	2	1	0	0
3011	3	3	0	0
3012	1	1	0	0
3013	2	3	0	0
3014	4	3	0	0
3015	1	2	0	0
3016	1	2	0	0
3017	0	5	0	0
3018	1	2	0	0
3019	0	4	0	0
3020	0	1	0	0
3021	1	1	0	0
3022	0	3	0	0
3023	0	3	0	0
3024	0	2	0	0
3025	0	3	0	0
3026	1	5	0	0
3027	2	5	0	0
3028	2	0	0	0
3029	1	1	0	0
3030	0	3	0	0
3031	2	6	0	0
3032	2	3	0	0
3033	0	2	0	0
3034	1	2	0	0
3035	0	6	0	0
3036	1	3	0	0
3037	3	5	0	0
3038	1	4	0	0
3039	1	2	0	0
3040	1	5	0	0
3041	1	1	0	0
3042	0	4	0	0
3043	2	2	0	0
3044	1	3	0	0
3045	3	3	0	0
3046	1	6	0	0
3047	2	4	0	0
3048	2	0	0	0
3049	1	3	0	0
3050	1	4	0	0
3051	4	1	0	0
3052	1	1	0	0
3053	0	1	0	0
3054	3	4	0	0
3055	2	3	0	0
3056	1	2	0	0
3057	2	3	0	0
3058	1	4	0	0
3059	2	4	0	0
3060	4	3	0	0
3061	1	5	0	0
3062	3	2	0	0
3063	0	0	0	0
3064	1	3	0	0
3065	0	2	0	0
3066	1	6	0	0
3067	1	2	0	0
3068	0	3	0	0
3069	1	2	0	0
3070	2	8	0	0
3071	2	3	0	0
3072	1	2	0	0
3073	2	2	0	0
3074	1	5	0	0
3075	1	2	0	0
3076	1	1	0	0
3077	1	0	0	0
3078	1	3	0	0
3079	0	1	0	0
3080	1	5	0	0
3081	2	1	0	0
3082	3	2	0	0
3083	0	4	0	0
3084	3	1	0	0
3085	2	6	0	0
3086	0	2	0	0
3087	0	3	0	0
3088	1	4	0	0
3089	2	3	0	0
3090	1	3	0	0
3091	1	4	0	0
3092	0	5	0	0
3093	2	4	0	0
3094	0	4	0	0
3095	1	2	0	0
3096	1	2	0	0
3097	2	1	0	0
3098	1	4	0	0
3099	1	2	0	0
3100	1	4	0	0
3101	0	5	0	0
3102	0	3	0	0
3103	2	1	0	0
3104	1	5	0	0
3105	1	3	0	0
3106	0	1	0	0
3107	2	3	0	0
3108	2	2	0	0
3109	1	1	0	0
3110	3	4	0	0
3111	0	4	0	0
3112	4	2	0	0
3113	1	4	0	0
3114	1	5	0	0
3115	3	2	0	0
3116	0	3	0	0
3117	4	2	0	0
3118	2	0	0	0
3119	1	4	0	0
3120	1	1	0	0
3121	1	3	0	0
3122	0	2	0	0
3123	1	4	0	0
3124	1	3	0	0
3125	2	5	0	0
3126	0	5	0	0
3127	0	6	0	0
3128	3	3	0	0
3129	1	2	0	0
3130	1	1	0	0
3131	0	2	0	0
3132	1	2	0	0
3133	0	6	0	0
3134	1	5	0	0
3135	0	2	0	0
3136	2	2	0	0
3137	0	3	0	0
3138	1	4	0	0
3139	0	1	0	0
3140	1	4	0	0
3141	1	2	0	0
3142	1	6	0	0
3143	3	4	0	0
3144	1	2	0	0
3145	1	2	0	0
3146	2	3	0	0
3147	1	4	0	0
3148	1	3	0	0
3149	2	3	0	0
3150	0	5	0	0
3151	0	4	0	0
3152	2	8	0	0
3153	1	2	0	0
3154	1	4	0	0
3155	1	5	0	0
3156	0	1	0	0
3157	0	3	0	0
3158	0	2	0	0
3159	0	2	0	0
3160	0	3	0	0
3161	3	3	0	0
3162	1	2	0	0
3163	0	2	0	0
3164	1	0	0	0
3165	0	1	0	0
3166	3	4	0	0
3167	1	3	0	0
3168	0	2	0	0
3169	1	1	0	0
3170	3	3	0	0
3171	0	3	0	0
3172	0	5	0	0
3173	0	2	0	0
3174	3	4	0	0
3175	0	1	0	0
3176	1	0	0	0
3177	1	4	0	0
3178	0	4	0	0
3179	1	0	0	0
3180	1	1	0	0
3181	2	3	0	0
3182	0	2	0	0
3183	3	4	0	0
3184	0	2	0	0
3185	0	1	0	0
3186	0	3	0	0
3187	2	5	0	0
3188	2	2	0	0
3189	2	5	0	0
3190	1	4	0	0
3191	2	1	0	0
3192	0	3	0	0
3193	0	0	0	0
3194	3	5	0	0
3195	2	3	0	0
3196	1	1	0	0
3197	0	3	0	0
3198	0	3	0	0
3199	0	3	0	0
3200	2	1	0	0
3201	1	1	0	0
3202	0	2	0	0
3203	0	4	0	0
3204	1	1	0	0
3205	0	3	0	0
3206	0	6	0	0
3207	1	4	0	0
3208	0	8	0	0
3209	1	4	0	0
3210	0	1	0	0
3211	0	3	0	0
3212	1	1	0	0
3213	2	4	0	0
3214	0	1	0	0
3215	1	3	0	0
3216	1	2	0	0
3217	0	3	0	0
3218	1	5	0	0
3219	0	4	0	0
3220	1	5	0	0
3221	0	1	0	0
3222	1	1	0	0
3223	1	2	0	0
3224	0	5	0	0
3225	1	2	0	0
3226	1	2	0	0
3227	2	1	0	0
3228	1	9	0	0
3229	2	3	0	0
3230	0	4	0	0
3231	0	3	0	0
3232	1	1	0	0
3233	0	3	0	0
3234	2	2	0	0
3235	5	2	0	0
3236	0	4	0	0
3237	1	0	0	0
3238	1	1	0	0
3239	2	5	0	0
3240	1	3	0	0
3241	2	2	0	0
3242	0	1	0	0
3243	2	7	0	0
3244	0	3	0	0
3245	1	7	0	0
3246	2	2	0	0
3247	0	6	0	0
3248	0	6	0	0
3249	1	5	0	0
3250	3	2	0	0
3251	1	1	0	0
3252	2	1	0	0
3253	3	3	0	0
3254	0	3	0	0
3255	3	3	0	0
3256	0	0	0	0
3257	1	3	0	0
3258	1	3	0	0
3259	2	3	0	0
3260	1	4	0	0
3261	1	4	0	0
3262	1	4	0	0
3263	1	1	0	0
3264	0	2	0	0
3265	3	1	0	0
3266	3	3	0	0
3267	0	3	0	0
3268	1	3	0	0
3269	0	3	0	0
3270	0	5	0	0
3271	2	4	0	0
3272	0	1	0	0
3273	1	3	0	0
3274	0	0	0	0
3275	1	2	0	0
3276	1	2	0	0
3277	3	5	0	0
3278	1	3	0	0
3279	0	6	0	0
3280	2	2	0	0
3281	0	4	0	0
3282	2	7	0	0
3283	1	2	0	0
3284	0	1	0	0
3285	1	5	0	0
3286	1	7	0	0
3287	1	2	0	0
3288	0	5	0	0
3289	1	3	0	0
3290	2	4	0	0
3291	1	3	0	0
3292	2	2	0	0
3293	1	1	0	0
3294	1	4	0	0
3295	2	4	0	0
3296	2	5	0	0
3297	0	2	0	0
3298	0	2	0	0
3299	1	7	0	0
3300	1	6	0	0
3301	1	3	0	0
3302	3	0	0	0
3303	3	1	0	0
3304	1	1	0	0
3305	1	3	0	0
3306	0	3	0	0
3307	1	2	0	0
3308	3	4	0	0
3309	0	3	0	0
3310	0	5	0	0
3311	0	5	0	0
3312	1	2	0	0
3313	2	4	0	0
3314	2	1	0	0
3315	1	2	0	0
3316	1	2	0	0
3317	1	1	0	0
3318	2	2	0	0
3319	2	3	0	0
3320	1	5	0	0
3321	0	5	0	0
3322	1	3	0	0
3323	1	2	0	0
3324	2	5	0	0
3325	0	3	0	0
3326	0	2	0	0
3327	2	4	0	0
3328	2	2	0	0
3329	0	3	0	0
3330	0	4	0	0
3331	2	3	0	0
3332	1	3	0	0
3333	1	4	0	0
3334	2	7	0	0
3335	2	2	0	0
3336	3	4	0	0
3337	1	0	0	0
3338	1	1	0	0
3339	0	1	0	0
3340	0	6	0	0
3341	1	3	0	0
3342	0	1	0	0
3343	0	4	0	0
3344	0	4	0	0
3345	2	1	0	0
3346	2	3	0	0
3347	1	3	0	0
3348	4	4	0	0
3349	1	1	0	0
3350	1	3	0	0
3351	1	6	0	0
3352	1	2	0	0
3353	3	5	0	0
3354	0	2	0	0
3355	4	3	0	0
3356	0	3	0	0
3357	1	4	0	0
3358	1	1	0	0
3359	0	3	0	0
3360	3	1	0	0
3361	2	1	0	0
3362	3	3	0	0
3363	0	2	0	0
3364	2	1	0	0
3365	1	4	0	0
3366	2	1	0	0
3367	3	4	0	0
3368	1	0	0	0
3369	3	2	0	0
3370	1	7	0	0
3371	0	3	0	0
3372	3	3	0	0
3373	2	1	0	0
3374	2	3	0	0
3375	1	1	0	0
3376	0	2	0	0
3377	1	2	0	0
3378	1	0	0	0
3379	1	2	0	0
3380	1	4	0	0
3381	1	1	0	0
3382	0	1	0	0
3383	0	2	0	0
3384	0	5	0	0
3385	1	2	0	0
3386	0	5	0	0
3387	1	4	0	0
3388	0	3	0	0
3389	0	3	0	0
3390	1	3	0	0
3391	0	3	0	0
3392	1	2	0	0
3393	4	2	0	0
3394	0	3	0	0
3395	1	3	0	0
3396	1	1	0	0
3397	0	4	0	0
3398	0	7	0	0
3399	0	1	0	0
3400	1	3	0	0
3401	0	2	0	0
3402	3	2	0	0
3403	2	1	0	0
3404	1	2	0	0
3405	0	1	0	0
3406	1	2	0	0
3407	1	5	0	0
3408	2	1	0	0
3409	2	1	0	0
3410	2	6	0	0
3411	2	1	0	0
3412	1	0	0	0
3413	2	3	0	0
3414	2	2	0	0
3415	1	2	0	0
3416	2	1	0	0
3417	0	3	0	0
3418	1	1	0	0
3419	1	4	0	0
3420	3	3	0	0
3421	0	1	0	0
3422	0	3	0	0
3423	3	4	0	0
3424	1	3	0	0
3425	0	1	0	0
3426	1	2	0	0
3427	2	2	0	0
3428	0	2	0	0
3429	2	3	0	0
3430	1	2	0	0
3431	0	3	0	0
3432	0	8	0	0
3433	1	0	0	0
3434	0	3	0	0
3435	0	1	0	0
3436	1	2	0	0
3437	0	4	0	0
3438	0	2	0	0
3439	0	2	0	0
3440	2	3	0	0
3441	0	2	0	0
3442	0	0	0	0
3443	3	3	0	0
3444	1	5	0	0
3445	1	2	0	0
3446	0	2	0	0
3447	0	1	0	0
3448	1	1	0	0
3449	0	1	0	0
3450	2	4	0	0
3451	2	4	0	0
3452	0	1	0	0
3453	2	1	0	0
3454	3	6	0	0
3455	2	2	0	0
3456	0	8	0	0
3457	2	0	0	0
3458	2	0	0	0
3459	2	2	0	0
3460	0	3	0	0
3461	2	6	0	0
3462	1	1	0	0
3463	1	4	0	0
3464	2	2	0	0
3465	0	2	0	0
3466	0	1	0	0
3467	3	3	0	0
3468	1	2	0	0
3469	0	3	0	0
3470	0	1	0	0
3471	1	4	0	0
3472	0	1	0	0
3473	0	2	0	0
3474	0	2	0	0
3475	2	2	0	0
3476	0	4	0	0
3477	0	4	0	0
3478	0	2	0	0
3479	2	0	0	0
3480	0	3	0	0
3481	0	3	0	0
3482	0	3	0	0
3483	2	1	0	0
3484	2	2	0	0
3485	0	4	0	0
3486	3	3	0	0
3487	2	3	0	0
3488	0	2	0	0
3489	0	2	0	0
3490	0	4	0	0
3491	0	3	0	0
3492	1	3	0	0
3493	2	1	0	0
3494	0	3	0	0
3495	0	1	0	0
3496	3	2	0	0
3497	2	3	0	0
3498	1	7	0	0
3499	0	1	0	0
3500	2	1	0	0
3501	1	2	0	0
3502	0	2	0	0
3503	0	3	0	0
3504	0	1	0	0
3505	1	4	0	0
3506	1	3	0	0
3507	0	1	0	0
3508	1	5	0	0
3509	0	1	0	0
3510	1	3	0	0
3511	0	1	0	0
3512	1	3	0	0
3513	0	2	0	0
3514	1	0	0	0
3515	3	2	0	0
3516	1	1	0	0
3517	1	3	0	0
3518	1	3	0	0
3519	1	1	0	0
3520	1	3	0	0
3521	0	0	0	0
3522	0	2	0	0
3523	0	1	0	0
3524	1	5	0	0
3525	0	3	0	0
3526	0	3	0	0
3527	0	4	0	0
3528	1	4	0	0
3529	2	3	0	0
3530	0	0	0	0
3531	0	1	0	0
3532	1	2	0	0
3533	0	0	0	0
3534	1	4	0	0
3535	1	1	0	0
3536	0	4	0	0
3537	0	2	0	0
3538	0	3	0	0
3539	0	1	0	0
3540	1	0	0	0
3541	0	3	0	0
3542	1	2	0	0
3543	0	1	0	0
3544	0	1	0	0
3545	0	5	0	0
3546	1	2	0	0
3547	1	2	0	0
3548	0	1	0	0
3549	0	3	0	0
3550	1	0	0	0
3551	0	2	0	0
3552	1	1	0	0
3553	0	3	0	0
3554	0	1	0	0
3555	0	2	0	0
3556	1	3	0	0
3557	2	1	0	0
3558	3	5	0	0
3559	1	5	0	0
3560	0	1	0	0
3561	0	1	0	0
3562	1	2	0	0
3563	0	3	0	0
3564	0	1	0	0
3565	1	3	0	0
3566	0	0	0	0
3567	1	2	0	0
3568	2	3	0	0
3569	0	4	0	0
3570	0	1	0	0
3571	0	3	0	0
3572	0	5	0	0
3573	0	2	0	0
3574	1	3	0	0
3575	0	0	0	0
3576	1	4	0	0
3577	1	3	0	0
3578	0	5	0	0
3579	0	3	0	0
3580	1	3	0	0
3581	0	1	0	0
3582	1	3	0	0
3583	1	0	0	0
3584	1	3	0	0
3585	0	4	0	0
3586	1	2	0	0
3587	1	0	0	0
3588	0	1	0	0
3589	1	4	0	0
3590	0	0	0	0
3591	0	1	0	0
3592	1	2	0	0
3593	1	2	0	0
3594	0	3	0	0
3595	2	2	0	0
3596	2	1	0	0
3597	1	1	0	0
3598	1	2	0	0
3599	0	1	0	0
3600	0	2	0	0
3601	0	1	0	0
3602	0	1	0	0
3603	0	1	0	0
3604	0	1	0	0
3605	2	2	0	0
3606	1	4	0	0
3607	1	4	0	0
3608	0	1	0	0
3609	1	2	0	0
3610	0	2	0	0
3611	0	1	0	0
3612	0	0	0	0
3613	1	4	0	0
3614	0	1	0	0
3615	0	2	0	0
3616	2	1	0	0
3617	1	3	0	0
3618	2	3	0	0
3619	1	3	0	0
3620	0	1	0	0
3621	0	8	0	0
3622	0	2	0	0
3623	0	2	0	0
3624	0	2	0	0
3625	2	1	0	0
3626	0	4	0	0
3627	1	1	0	0
3628	0	3	0	0
3629	0	2	0	0
3630	0	3	0	0
3631	1	1	0	0
3632	1	2	0	0
3633	0	3	0	0
3634	1	4	0	0
3635	1	1	0	0
3636	0	3	0	0
3637	1	4	0	0
3638	0	2	0	0
3639	1	2	0	0
3640	1	2	0	0
3641	0	3	0	0
3642	1	3	0	0
3643	0	4	0	0
3644	0	2	0	0
3645	2	2	0	0
3646	0	1	0	0
3647	2	0	0	0
3648	2	2	0	0
3649	2	0	0	0
3650	0	1	0	0
3651	1	4	0	0
3652	1	2	0	0
3653	0	3	0	0
3654	1	1	0	0
3655	1	1	0	0
3656	1	3	0	0
3657	1	1	0	0
3658	0	3	0	0
3659	1	3	0	0
3660	0	1	0	0
3661	1	2	0	0
3662	2	2	0	0
3663	1	3	0	0
3664	1	4	0	0
3665	0	5	0	0
3666	2	1	0	0
3667	1	3	0	0
3668	1	3	0	0
3669	2	2	0	0
3670	0	2	0	0
3671	0	3	0	0
3672	2	3	0	0
3673	2	3	0	0
3674	0	3	0	0
3675	1	1	0	0
3676	0	0	0	0
3677	2	3	0	0
3678	0	3	0	0
3679	0	1	0	0
3680	0	2	0	0
3681	2	2	0	0
3682	3	1	0	0
3683	0	3	0	0
3684	0	0	0	0
3685	2	2	0	0
3686	0	1	0	0
3687	0	2	0	0
3688	1	2	0	0
3689	1	1	0	0
3690	0	4	0	0
3691	1	1	0	0
3692	0	4	0	0
3693	0	0	0	0
3694	1	2	0	0
3695	2	1	0	0
3696	0	3	0	0
3697	1	2	0	0
3698	0	2	0	0
3699	1	2	0	0
3700	1	3	0	0
3701	1	3	0	0
3702	0	0	0	0
3703	2	3	0	0
3704	0	2	0	0
3705	1	2	0	0
3706	0	1	0	0
3707	0	3	0	0
3708	1	3	0	0
3709	0	2	0	0
3710	0	1	0	0
3711	1	3	0	0
3712	0	2	0	0
3713	0	3	0	0
3714	0	0	0	0
3715	1	3	0	0
3716	1	2	0	0
3717	1	0	0	0
3718	0	4	0	0
3719	1	6	0	0
3720	2	1	0	0
3721	0	1	0	0
3722	1	1	0	0
3723	0	1	0	0
3724	0	8	0	0
3725	1	1	0	0
3726	0	0	0	0
3727	1	1	0	0
3728	0	4	0	0
3729	2	2	0	0
3730	0	3	0	0
3731	0	3	0	0
3732	0	2	0	0
3733	1	0	0	0
3734	1	1	0	0
3735	0	1	0	0
3736	1	3	0	0
3737	0	0	0	0
3738	0	2	0	0
3739	1	3	0	0
3740	0	6	0	0
3741	0	2	0	0
3742	0	2	0	0
3743	0	5	0	0
3744	2	2	0	0
3745	0	0	0	0
3746	0	1	0	0
3747	4	1	0	0
3748	2	1	0	0
3749	0	3	0	0
3750	3	5	0	0
3751	3	3	0	0
3752	1	3	0	0
3753	1	1	0	0
3754	1	1	0	0
3755	0	1	0	0
3756	0	2	0	0
3757	2	3	0	0
3758	1	2	0	0
3759	0	4	0	0
3760	2	5	0	0
3761	1	0	0	0
3762	0	2	0	0
3763	0	4	0	0
3764	1	0	0	0
3765	0	2	0	0
3766	1	3	0	0
3767	1	2	0	0
3768	1	0	0	0
3769	1	1	0	0
3770	1	2	0	0
3771	1	0	0	0
3772	0	2	0	0
3773	0	1	0	0
3774	0	1	0	0
3775	1	0	0	0
3776	0	2	0	0
3777	0	1	0	0
3778	2	2	0	0
3779	0	2	0	0
3780	1	4	0	0
3781	1	2	0	0
3782	0	2	0	0
3783	0	2	0	0
3784	0	3	0	0
3785	0	1	0	0
3786	2	2	0	0
3787	0	2	0	0
3788	0	0	0	0
3789	2	0	0	0
3790	0	0	0	0
3791	1	5	0	0
3792	0	1	0	0
3793	0	3	0	0
3794	0	0	0	0
3795	0	1	0	0
3796	1	3	0	0
3797	2	2	0	0
3798	1	2	0	0
3799	0	0	0	0
3800	0	2	0	0
3801	1	1	0	0
3802	0	1	0	0
3803	1	0	0	0
3804	2	4	0	0
3805	1	4	0	0
3806	1	2	0	0
3807	0	1	0	0
3808	1	4	0	0
3809	0	1	0	0
3810	0	1	0	0
3811	0	2	0	0
3812	0	1	0	0
3813	2	1	0	0
3814	2	2	0	0
3815	0	2	0	0
3816	0	0	0	0
3817	1	2	0	0
3818	2	2	0	0
3819	2	2	0	0
3820	0	2	0	0
3821	0	1	0	0
3822	2	3	0	0
3823	0	2	0	0
3824	1	2	0	0
3825	0	0	0	0
3826	0	3	0	0
3827	1	1	0	0
3828	2	3	0	0
3829	0	1	0	0
3830	1	3	0	0
3831	1	1	0	0
3832	0	2	0	0
3833	0	4	0	0
3834	1	2	0	0
3835	1	1	0	0
3836	1	1	0	0
3837	1	0	0	0
3838	0	1	0	0
3839	2	1	0	0
3840	1	1	0	0
3841	1	2	0	0
3842	1	2	0	0
3843	0	0	0	0
3844	2	4	0	0
3845	1	1	0	0
3846	2	3	0	0
3847	1	1	0	0
3848	2	0	0	0
3849	0	1	0	0
3850	1	0	0	0
3851	1	0	0	0
3852	1	2	0	0
3853	0	3	0	0
3854	0	1	0	0
3855	2	1	0	0
3856	1	3	0	0
3857	1	2	0	0
3858	0	0	0	0
3859	2	1	0	0
3860	0	1	0	0
3861	0	1	0	0
3862	0	0	0	0
3863	0	2	0	0
3864	0	1	0	0
3865	1	2	0	0
3866	0	4	0	0
3867	2	4	0	0
3868	0	1	0	0
3869	1	1	0	0
3870	1	4	0	0
3871	2	5	0	0
3872	1	1	0	0
3873	2	3	0	0
3874	1	1	0	0
3875	0	2	0	0
3876	1	1	0	0
3877	1	2	0	0
3878	1	0	0	0
3879	0	1	0	0
3880	1	1	0	0
3881	0	2	0	0
3882	0	2	0	0
3883	0	0	0	0
3884	2	3	0	0
3885	1	1	0	0
3886	2	2	0	0
3887	0	0	0	0
3888	0	1	0	0
3889	0	1	0	0
3890	2	2	0	0
3891	1	1	0	0
3892	1	0	0	0
3893	0	1	0	0
3894	1	0	0	0
3895	3	1	0	0
3896	1	0	0	0
3897	0	2	0	0
3898	0	0	0	0
3899	1	1	0	0
3900	0	2	0	0
3901	0	1	0	0
3902	0	2	0	0
3903	0	2	0	0
3904	0	3	0	0
3905	2	1	0	0
3906	0	2	0	0
3907	0	3	0	0
3908	1	2	0	0
3909	1	0	0	0
3910	0	3	0	0
3911	0	3	0	0
3912	1	3	0	0
3913	1	3	0	0
3914	0	1	0	0
3915	0	0	0	0
3916	0	1	0	0
3917	0	2	0	0
3918	2	1	0	0
3919	1	1	0	0
3920	1	1	0	0
3921	1	3	0	0
3922	2	2	0	0
3923	0	3	0	0
3924	0	0	0	0
3925	1	2	0	0
3926	1	1	0	0
3927	1	0	0	0
3928	2	2	0	0
3929	1	2	0	0
3930	0	0	0	0
3931	1	4	0	0
3932	1	1	0	0
3933	0	0	0	0
3934	1	2	0	0
3935	0	1	0	0
3936	1	0	0	0
3937	0	3	0	0
3938	2	1	0	0
3939	0	0	0	0
3940	2	1	0	0
3941	1	3	0	0
3942	0	0	0	0
3943	0	2	0	0
3944	1	0	0	0
3945	1	2	0	0
3946	0	0	0	0
3947	0	2	0	0
3948	1	2	0	0
3949	2	3	0	0
3950	0	2	0	0
3951	0	3	0	0
3952	0	1	0	0
3953	0	1	0	0
3954	1	2	0	0
3955	0	0	0	0
3956	3	0	0	0
3957	1	2	0	0
3958	1	1	0	0
3959	0	0	0	0
3960	0	0	0	0
3961	0	2	0	0
3962	0	2	0	0
3963	0	0	0	0
3964	0	2	0	0
3965	1	1	0	0
3966	0	1	0	0
3967	3	0	0	0
3968	0	3	0	0
3969	1	1	0	0
3970	1	2	0	0
3971	3	1	0	0
3972	0	1	0	0
3973	0	6	0	0
3974	0	0	0	0
3975	2	2	0	0
3976	1	0	0	0
3977	0	2	0	0
3978	1	1	0	0
3979	2	3	0	0
3980	0	1	0	0
3981	0	1	0	0
3982	0	0	0	0
3983	1	2	0	0
3984	1	1	0	0
3985	0	2	0	0
3986	2	2	0	0
3987	1	0	0	0
3988	0	2	0	0
3989	0	3	0	0
3990	0	1	0	0
3991	0	0	0	0
3992	0	1	0	0
3993	1	1	0	0
3994	0	0	0	0
3995	1	0	0	0
3996	0	3	0	0
3997	1	3	0	0
3998	0	1	0	0
3999	1	1	0	0
4000	0	4	0	0
4001	1	1	0	0
4002	0	0	0	0
4003	0	3	0	0
4004	2	2	0	0
4005	0	0	0	0
4006	0	2	0	0
4007	1	0	0	0
4008	0	0	0	0
4009	1	1	0	0
4010	1	0	0	0
4011	0	1	0	0
4012	0	6	0	0
4013	0	2	0	0
4014	0	2	0	0
4015	2	6	0	0
4016	3	0	0	0
4017	1	4	0	0
4018	2	2	0	0
4019	0	1	0	0
4020	0	1	0	0
4021	1	1	0	0
4022	1	1	0	0
4023	2	1	0	0
4024	3	2	0	0
4025	0	3	0	0
4026	1	1	0	0
4027	0	2	0	0
4028	0	1	0	0
4029	0	1	0	0
4030	0	1	0	0
4031	1	1	0	0
4032	0	1	0	0
4033	2	2	0	0
4034	1	5	0	0
4035	1	0	0	0
4036	0	0	0	0
4037	2	1	0	0
4038	0	3	0	0
4039	1	0	0	0
4040	0	0	0	0
4041	0	3	0	0
4042	1	2	0	0
4043	2	1	0	0
4044	0	2	0	0
4045	1	2	0	0
4046	1	0	0	0
4047	1	1	0	0
4048	0	1	0	0
4049	0	1	0	0
4050	0	0	0	0
4051	1	1	0	0
4052	3	0	0	0
4053	0	1	0	0
4054	0	1	0	0
4055	0	2	0	0
4056	1	2	0	0
4057	1	1	0	0
4058	0	1	0	0
4059	1	3	0	0
4060	1	1	0	0
4061	1	0	0	0
4062	0	2	0	0
4063	3	1	0	0
4064	0	0	0	0
4065	2	0	0	0
4066	0	3	0	0
4067	1	1	0	0
4068	3	0	0	0
4069	1	1	0	0
4070	0	0	0	0
4071	0	2	0	0
4072	0	1	0	0
4073	0	0	0	0
4074	0	0	0	0
4075	0	3	0	0
4076	0	2	0	0
4077	0	1	0	0
4078	0	3	0	0
4079	0	1	0	0
4080	0	2	0	0
4081	1	3	0	0
4082	1	4	0	0
4083	0	4	0	0
4084	1	1	0	0
4085	0	0	0	0
4086	0	3	0	0
4087	1	2	0	0
4088	0	3	0	0
4089	3	0	0	0
4090	0	1	0	0
4091	0	2	0	0
4092	0	0	0	0
4093	1	0	0	0
4094	1	1	0	0
4095	0	0	0	0
4096	0	0	0	0