Chan	Prompt	Decay	Fit	Residuals
2	0	0	0	0
3	0	0	0	0
4	0	0	0	0
5	0	0	0	0
6	0	0	0	0
7	0	1	0	0
8	0	0	0	0
9	0	0	0	0
10	0	0	0	0
11	0	0	0	0
12	0	0	0	0
13	0	0	0	0
14	0	0	0	0
15	0	0	0	0
16	0	0	0	0
17	0	0	0	0
18	0	0	0	0
19	0	1	0	0
20	0	0	0	0
21	0	0	0	0
22	0	0	0	0
23	0	0	0	0
24	0	0	0	0
25	0	0	0	0
26	0	1	0	0
27	0	0	0	0
28	0	0	0	0
29	0	0	0	0
30	0	0	0	0
31	0	0	0	0
32	0	0	0	0
33	0	0	0	0
34	0	0	0	0
35	0	0	0	0
36	1	0	0	0
37	0	0	0	0
38	0	1	0	0
39	0	0	0	0
40	0	0	0	0
41	0	0	0	0
42	0	0	0	0
43	0	1	0	0
44	0	0	0	0
45	0	0	0	0
46	0	0	0	0
47	0	0	0	0
48	0	0	0	0
49	0	0	0	0
50	0	0	0	0
51	0	0	0	0
52	0	0	0	0
53	0	0	0	0
54	0	0	0	0
55	0	1	0	0
56	0	0	0	0
57	0	0	0	0
58	0	0	0	0
59	0	0	0	0
60	0	1	0	0
61	0	0	0	0
62	0	0	0	0
63	0	0	0	0
64	0	0	0	0
65	0	1	0	0
66	1	0	0	0
67	0	0	0	0
68	0	1	0	0
69	0	0	0	0
70	0	0	0	0
71	0	0	0	0
72	0	0	0	0
73	0	0	0	0
74	0	0	0	0
75	0	0	0	0
76	0	0	0	0
77	0	0	0	0
78	0	0	0	0
79	0	1	0	0
80	0	0	0	0
81	0	0	0	0
82	0	0	0	0
83	0	0	0	0
84	0	0	0	0
85	0	1	0	0
86	0	1	0	0
87	0	0	0	0
88	0	0	0	0
89	0	0	0	0
90	0	1	0	0
91	0	0	0	0
92	0	0	0	0
93	0	0	0	0
94	0	0	0	0
95	0	0	0	0
96	0	0	0	0
97	0	0	0	0
98	0	0	0	0
99	0	0	0	0
100	0	0	0	0
101	1	0	0	0
102	0	0	0	0
103	0	0	0	0
104	0	0	0	0
105	0	0	0	0
106	0	0	0	0
107	0	0	0	0
108	0	1	0	0
109	0	0	0	0
110	0	0	0	0
111	0	0	0	0
112	0	0	0	0
113	0	0	0	0
114	0	0	0	0
115	0	0	0	0
116	0	0	0	0
117	0	0	0	0
118	0	1	0	0
119	0	0	0	0
120	0	0	0	0
121	0	0	0	0
122	0	0	0	0
123	0	0	0	0
124	0	0	0	0
125	0	0	0	0
126	0	0	0	0
127	0	0	0	0
128	0	0	0	0
129	1	0	0	0
130	0	1	0	0
131	0	1	0	0
132	0	0	0	0
133	0	0	0	0
134	0	0	0	0
135	0	0	0	0
136	0	0	0	0
137	0	0	0	0
138	0	0	0	0
139	0	1	0	0
140	0	0	0	0
141	0	0	0	0
142	0	0	0	0
143	0	0	0	0
144	0	0	0	0
145	0	0	0	0
146	0	0	0	0
147	0	1	0	0
148	0	0	0	0
149	0	0	0	0
150	0	1	0	0
151	0	0	0	0
152	0	0	0	0
153	0	0	0	0
154	0	1	0	0
155	0	0	0	0
156	0	0	0	0
157	0	0	0	0
158	0	0	0	0
159	0	2	0	0
160	0	0	0	0
161	0	0	0	0
162	0	1	0	0
163	0	0	0	0
164	0	0	0	0
165	0	0	0	0
166	0	0	0	0
167	0	0	0	0
168	0	0	0	0
169	0	0	0	0
170	0	0	0	0
171	0	0	0	0
172	0	0	0	0
173	0	0	0	0
174	0	1	0	0
175	0	0	0	0
176	0	0	0	0
177	0	0	0	0
178	0	1	0	0
179	0	0	0	0
180	0	0	0	0
181	0	0	0	0
182	0	1	0	0
183	0	0	0	0
184	0	0	0	0
185	1	0	0	0
186	0	0	0	0
187	0	0	0	0
188	1	0	0	0
189	0	0	0	0
190	0	1	0	0
191	0	0	0	0
192	0	0	0	0
193	2	0	0	0
194	0	0	0	0
195	3	0	0	0
196	4	0	0	0
197	6	0	0	0
198	7	0	0	0
199	12	1	0	0
200	15	0	0	0
201	19	1	0	0
202	29	0	0	0
203	42	0	0	0
204	50	0	0	0
205	62	1	0	0
206	99	3	0	0
207	95	3	0	0
208	138	3	0	0
209	179	1	0	0
210	255	4	0	0
211	296	8	0	0
212	453	12	0	0
213	616	20	0	0
214	843	31	0	0
215	1217	37	0	0
216	1658	62	0	0
217	2168	95	0	0
218	2940	127	0	0
219	3704	153	0	0
220	4689	213	0	0
221	5758	309	0	0
222	6559	429	0	0
223	7274	557	0	0
224	7843	630	0	0
225	7876	800	0	0
226	8028	931	0	0
227	7576	1127	0	0
228	6986	1331	0	0
229	6074	1612	0	0
230	5115	1759	0	0
231	4285	2014	0	0
232	3419	2290	0	0
233	2826	2590	0	0
234	2093	2699	0	0
235	1627	3001	0	0
236	1168	3212	0	0
237	928	3353	0	0
238	659	3745	0	0
239	487	3893	0	0
240	347	4108	0	0
241	250	4287	0	0
242	157	4368	0	0
243	131	4344	0	0
244	86	4636	0	0
245	67	4864	0	0
246	53	4766	0	0
247	30	4902	0	0
248	27	4958	0	0
249	23	4720	0	0
250	13	4890	4844.34	0.5728328
251	9	5013	4898.007	1.42268
252	10	4887	4930.633	-0.5475993
253	0	4942	4950.883	-0.1107873
254	2	4938	4958.561	-0.2565418
255	2	4813	4957.941	-1.83466
256	1	4845	4950.76	-1.33374
257	2	4945	4938.823	7.701275E-02
258	1	4858	4922.944	-0.8177744
259	2	4672	4905.667	-3.007445
260	0	4691	4886.477	-2.510201
261	1	4727	4866.479	-1.783449
262	0	4617	4845.795	-2.964336
263	3	4566	4824.252	-3.366863
264	1	4700	4802.653	-1.316802
265	1	4613	4780.902	-2.176443
266	0	4580	4758.812	-2.3272
267	2	4736	4736.675	-8.61923E-03
268	0	4744	4714.595	0.3752362
269	1	4721	4692.249	0.3678876
270	0	4635	4670.07	-0.4533928
271	1	4558	4647.988	-1.174338
272	2	4678	4625.979	0.6690577
273	1	4569	4604.106	-0.457518
274	0	4505	4582.307	-1.015465
275	0	4730	4560.636	2.164808
276	0	4848	4539.008	3.895332
277	0	4767	4517.484	3.175416
278	0	4568	4496.061	0.9376456
279	0	4788	4474.74	3.976822
280	0	4514	4453.521	0.7935451
281	0	4538	4432.402	1.381439
282	0	4523	4411.383	1.462887
283	0	4396	4390.465	7.370937E-02
284	0	4478	4369.646	1.428087
285	1	4379	4348.925	0.4013664
286	0	4272	4328.303	-0.7618371
287	0	4313	4307.779	7.026572E-02
288	0	4431	4287.354	1.904425
289	1	4345	4267.024	1.045163
290	0	4325	4246.792	1.050981
291	0	4334	4226.655	1.440854
292	0	4289	4206.614	1.112292
293	0	4178	4186.669	-0.1187633
294	0	4261	4166.818	1.276209
295	0	4106	4147.062	-0.5680105
296	0	4123	4127.399	-6.071119E-02
297	0	4146	4107.83	0.5251741
298	0	4091	4088.354	3.668391E-02
299	0	4017	4068.97	-0.7277334
300	0	3980	4049.679	-0.9807377
301	0	4062	4030.479	0.4386578
302	0	4005	4011.37	-8.935206E-02
303	0	3888	3992.353	-1.487991
304	0	4083	3973.425	1.520515
305	0	3841	3954.588	-1.630652
306	0	3804	3935.84	-1.902874
307	0	3866	3917.181	-0.7321059
308	0	3735	3898.611	-2.385532
309	0	3992	3880.129	1.571971
310	0	3877	3861.735	0.218016
311	0	4016	3843.428	2.416842
312	0	3841	3825.208	0.2267011
313	0	3887	3807.075	1.139832
314	0	3792	3789.028	4.297325E-02
315	0	3832	3771.067	0.8758891
316	0	3810	3753.191	0.8192216
317	0	3791	3735.4	0.8040146
318	0	3795	3717.693	1.117252
319	0	3811	3700.071	1.59943
320	0	3638	3682.532	-0.6588439
321	0	3642	3665.077	-0.3412114
322	0	3733	3647.705	1.244017
323	0	3755	3630.415	1.811139
324	0	3647	3613.207	0.499269
325	0	3723	3596.082	1.853842
326	0	3678	3579.037	1.455283
327	0	3600	3562.073	0.5643827
328	0	3522	3545.191	-0.3493074
329	0	3596	3528.388	1.006751
330	0	3620	3511.666	1.607183
331	0	3611	3495.022	1.722955
332	0	3558	3478.458	1.19138
333	0	3578	3461.972	1.732476
334	0	3503	3445.565	0.8677057
335	0	3524	3429.236	1.426932
336	0	3378	3412.984	-0.5392414
337	0	3409	3396.809	0.1869602
338	0	3346	3380.712	-0.5378601
339	0	3412	3364.691	0.7251991
340	0	3493	3348.746	2.182775
341	1	3329	3332.877	-6.023898E-02
342	0	3315	3317.083	-3.243495E-02
343	0	3249	3301.364	-0.8246484
344	0	3280	3285.72	-8.960695E-02
345	0	3343	3270.15	1.129377
346	0	3151	3254.654	-1.660171
347	0	3178	3239.232	-0.9761266
348	0	3243	3223.883	0.3013667
349	0	3211	3208.607	3.792464E-02
350	0	3305	3193.404	1.74099
351	0	3226	3178.273	0.7545792
352	0	3158	3163.214	-8.340575E-02
353	0	3101	3148.226	-0.7630856
354	0	3191	3133.31	0.9175932
355	0	3048	3118.464	-1.149412
356	0	3089	3103.689	-0.2378598
357	0	3025	3088.985	-1.048069
358	0	3050	3074.35	-0.3970467
359	0	3078	3059.784	0.295536
360	0	3052	3045.288	0.1094056
361	0	2994	3030.861	-0.6072121
362	0	3134	3016.502	1.887511
363	0	3158	3002.212	2.492131
364	0	2944	2987.989	-0.7313668
365	0	2990	2973.834	0.2664981
366	0	3123	2959.746	2.627622
367	0	3005	2945.726	0.9744613
368	0	2930	2931.771	-2.952992E-02
369	0	2954	2917.884	0.5993565
370	0	2933	2904.062	0.4821176
371	0	2865	2890.305	-0.4270546
372	0	3003	2876.615	2.078516
373	0	2907	2862.989	0.7368288
374	0	2950	2849.427	1.670254
375	0	2834	2835.931	-3.278511E-02
376	0	2776	2822.499	-0.7984027
377	0	2868	2809.13	0.9929188
378	0	2802	2795.825	0.105488
379	1	2726	2782.583	-0.981273
380	0	2813	2769.404	0.7431501
381	0	2677	2756.288	-1.388731
382	0	2691	2743.234	-0.9122689
383	0	2723	2730.242	-0.125662
384	0	2764	2717.312	0.803564
385	0	2672	2704.443	-0.5688157
386	0	2611	2691.635	-1.431727
387	0	2540	2678.888	-2.503464
388	0	2673	2666.202	0.1191707
389	0	2663	2653.576	0.1655414
390	0	2592	2641.01	-0.8736771
391	0	2634	2628.503	9.712905E-02
392	0	2592	2616.057	-0.4288501
393	0	2619	2603.669	0.2717589
394	0	2600	2591.34	0.1541179
395	0	2513	2579.07	-1.197876
396	0	2515	2566.858	-0.9397992
397	0	2491	2554.704	-1.160532
398	0	2512	2542.608	-0.5550557
399	0	2369	2530.569	-3.025046
400	0	2488	2518.587	-0.557596
401	0	2492	2506.663	-0.2670636
402	0	2505	2494.795	0.1853448
403	0	2430	2482.983	-0.9783652
404	0	2459	2471.228	-0.2243415
405	0	2307	2459.529	-2.897291
406	0	2447	2447.885	-1.627569E-02
407	0	2416	2436.296	-0.3759601
408	0	2422	2424.762	-5.110179E-02
409	0	2346	2413.284	-1.266456
410	0	2286	2401.86	-2.211731
411	0	2352	2390.49	-0.7234675
412	0	2353	2379.174	-0.4918623
413	0	2348	2367.912	-0.37462
414	0	2345	2356.703	-0.2203348
415	0	2272	2345.548	-1.408706
416	0	2228	2334.446	-2.060595
417	0	2266	2323.396	-1.100921
418	0	2265	2312.399	-0.9093793
419	0	2277	2301.454	-0.4678248
420	0	2236	2290.561	-1.054149
421	0	2158	2279.72	-2.39747
422	0	2291	2268.931	0.420798
423	0	2265	2258.192	0.1306139
424	0	2272	2247.505	0.4691651
425	0	2270	2236.869	0.6348885
426	0	2277	2226.282	0.9702634
427	0	2241	2215.747	0.4873088
428	0	2259	2205.261	1.032501
429	0	2168	2194.826	-0.5270549
430	0	2199	2184.44	0.2838736
431	0	2225	2174.103	0.9859951
432	0	2257	2163.815	1.791257
433	0	2168	2153.577	0.2833785
434	0	2221	2143.386	1.505028
435	0	2144	2133.245	0.2125931
436	0	2097	2123.151	-0.5231633
437	0	2160	2113.106	0.9231922
438	0	2174	2103.108	1.39075
439	0	2173	2093.157	1.566724
440	0	2064	2083.254	-0.3885125
441	0	2221	2073.398	2.862188
442	0	2106	2063.589	0.8464662
443	0	2101	2053.827	0.9427329
444	0	2065	2044.111	0.4213929
445	0	2038	2034.441	0.0723168
446	0	1948	2024.817	-1.599273
447	0	2044	2015.238	0.5834208
448	0	2034	2005.705	0.5754707
449	0	1995	1996.218	-2.503103E-02
450	0	2064	1986.776	1.558225
451	0	1972	1977.378	-0.1112264
452	0	1999	1968.025	0.6359297
453	0	2008	1958.717	1.009354
454	0	1934	1949.452	-0.3229659
455	0	1900	1940.232	-0.8489722
456	0	1977	1931.056	0.9489182
457	0	1951	1921.923	0.6048651
458	0	1945	1912.834	0.6702425
459	0	1975	1903.787	1.471613
460	0	1922	1894.784	0.5707463
461	0	1899	1885.824	0.2781266
462	0	1878	1876.906	2.323623E-02
463	0	1808	1868.03	-1.30114
464	0	1843	1859.197	-0.3474523
465	0	1799	1850.405	-1.117202
466	0	1887	1841.656	0.9604034
467	0	1797	1832.948	-0.7817272
468	0	1796	1824.281	-0.6151918
469	0	1811	1815.656	-0.1008198
470	0	1843	1807.071	0.7707401
471	0	1778	1798.527	-0.4489592
472	0	1780	1790.024	-0.2191127
473	0	1794	1781.562	0.2707281
474	0	1723	1773.139	-1.115321
475	0	1776	1764.757	0.2460528
476	0	1659	1756.414	-2.211505
477	1	1723	1748.111	-0.5585849
478	0	1757	1739.848	0.3775506
479	0	1726	1731.623	-0.1249699
480	0	1692	1723.438	-0.7061926
481	1	1685	1715.292	-0.6819613
482	0	1618	1707.184	-2.052087
483	0	1685	1699.115	-0.317782
484	1	1607	1691.085	-1.94185
485	0	1608	1683.092	-1.733597
486	0	1623	1675.138	-1.197676
487	0	1566	1667.221	-2.370255
488	1	1528	1659.342	-3.116379
489	0	1558	1651.5	-2.195482
490	0	1619	1643.696	-0.5680487
491	0	1620	1635.928	-0.3662624
492	0	1651	1628.198	0.5189999
493	0	1591	1620.504	-0.6850412
494	0	1611	1612.847	-4.260146E-02
495	1	1568	1605.226	-0.8711204
496	0	1632	1597.642	0.7869089
497	0	1599	1590.093	0.2062409
498	0	1576	1582.581	-0.1535719
499	1	1500	1575.104	-1.799762
500	0	1602	1567.662	0.7943199
501	0	1611	1560.256	1.170307
502	0	1591	1552.885	0.8849567
503	0	1567	1545.55	0.5021218
504	0	1592	1538.249	1.247598
505	0	1516	1530.982	-0.3569977
506	0	1496	1523.751	-0.6659588
507	0	1498	1516.553	-0.4449213
508	1	1475	1509.39	-0.8315659
509	0	1514	1502.261	0.2799154
510	0	1553	1495.166	1.360356
511	0	1495	1488.104	0.1655493
512	0	1514	1481.076	0.7850625
513	0	1391	1474.081	-2.072984
514	0	1431	1467.12	-0.8876721
515	0	1427	1460.192	-0.8169317
516	0	1530	1453.296	1.818692
517	0	1426	1446.434	-0.5031118
518	0	1314	1439.604	-3.230784
519	0	1440	1432.806	0.1762077
520	0	1406	1426.041	-0.4971797
521	0	1433	1419.308	0.3362488
522	0	1362	1412.606	-1.276996
523	1	1314	1405.937	-2.364812
524	0	1405	1399.3	0.1414735
525	1	1375	1392.693	-0.4442139
526	1	1374	1386.119	-0.3043763
527	0	1401	1379.575	0.5325263
528	0	1400	1373.063	0.6697958
529	0	1254	1366.582	-2.96894
530	0	1278	1360.131	-2.144131
531	1	1345	1353.711	-0.2212968
532	1	1296	1347.322	-1.329855
533	1	1224	1340.963	-3.124527
534	1	1318	1334.634	-0.4271648
535	0	1284	1328.335	-1.154531
536	0	1220	1322.066	-2.731346
537	0	1319	1315.827	8.144698E-02
538	0	1322	1309.618	0.3174685
539	0	1298	1303.438	-0.1407875
540	0	1326	1297.287	0.7349757
541	1	1311	1291.166	0.5107968
542	0	1249	1285.074	-0.953343
543	0	1284	1279.01	0.1299349
544	1	1221	1272.976	-1.390293
545	0	1204	1266.97	-1.697
546	0	1294	1260.993	0.855988
547	0	1266	1255.044	0.28746
548	0	1319	1249.123	1.793729
549	0	1265	1243.231	0.5714134
550	0	1225	1237.366	-0.3302124
551	0	1317	1231.53	2.195792
552	1	1174	1225.721	-1.41269
553	0	1193	1219.94	-0.7295623
554	1	1244	1214.186	0.7896018
555	0	1215	1208.459	0.1754111
556	1	1229	1202.76	0.699445
557	0	1191	1197.088	-0.1650187
558	0	1205	1191.443	0.3651938
559	0	1262	1185.824	2.002057
560	1	1227	1180.233	1.247706
561	0	1232	1174.668	1.526262
562	0	1219	1169.129	1.335156
563	0	1210	1163.617	1.246694
564	1	1122	1158.13	-1.010918
565	1	1130	1152.67	-0.6319195
566	0	1217	1147.236	1.869361
567	0	1128	1141.828	-0.3858075
568	1	1165	1136.445	0.7831334
569	0	1169	1131.088	1.037863
570	0	1156	1125.757	0.832873
571	3	1075	1120.45	-1.300918
572	0	1112	1115.169	-8.910246E-02
573	0	1127	1109.913	0.4769472
574	0	1104	1104.682	-1.925731E-02
575	1	1092	1099.476	-0.212218
576	0	1066	1094.295	-0.8135013
577	0	1118	1089.138	0.8090739
578	0	1061	1084.006	-0.6630923
579	0	1066	1078.898	-0.3708332
580	2	1156	1073.815	2.263313
581	0	1044	1068.755	-0.7196434
582	0	1038	1063.72	-0.7499773
583	0	994	1058.708	-1.930677
584	0	1053	1053.72	-2.084905E-02
585	0	1055	1048.756	0.180497
586	0	1031	1043.816	-0.3750575
587	0	1024	1038.899	-0.4375967
588	0	1051	1034.006	0.4922858
589	0	980	1029.135	-1.477095
590	0	1033	1024.288	0.2546802
591	0	1074	1019.464	1.561737
592	0	986	1014.663	-0.858878
593	0	957	1009.885	-1.609911
594	1	970	1005.129	-1.061785
595	0	968	1000.396	-0.9802485
596	1	964	995.6854	-0.9608512
597	0	982	990.9972	-0.2701788
598	0	1022	986.3313	1.048687
599	0	942	981.6875	-1.218304
600	0	1028	977.0659	1.492863
601	0	955	972.4661	-0.5322917
602	0	975	967.8884	0.2143673
603	1	945	963.3322	-0.5618062
604	2	962	958.7977	9.721489E-02
605	1	936	954.2849	-0.563198
606	0	944	949.7933	-0.1776411
607	0	907	945.3232	-1.20021
608	0	947	940.8743	0.1875165
609	0	940	936.4465	0.109205
610	0	912	932.0398	-0.6257872
611	2	914	927.6541	-0.4258849
612	0	905	923.2891	-0.5734487
613	1	835	918.9449	-2.746317
614	0	945	914.6214	0.9309779
615	0	941	910.3184	0.9423767
616	0	875	906.0358	-0.990598
617	2	891	901.7736	-0.3405965
618	0	909	897.5316	0.3587499
619	1	938	893.3099	1.374963
620	1	908	889.1082	0.5913119
621	0	934	884.9263	1.513246
622	1	882	880.7645	3.927009E-02
623	3	837	876.6223	-1.294637
624	1	887	872.4999	0.4594946
625	2	857	868.397	-0.3677819
626	1	826	864.3137	-1.260643
627	0	864	860.2498	0.1205019
628	0	862	856.2051	0.1864288
629	0	807	852.1796	-1.504895
630	1	823	848.1732	-0.8298687
631	1	850	844.186	0.1884321
632	0	866	840.2177	0.8274194
633	0	845	836.2682	0.2838793
634	1	813	832.3375	-0.641606
635	0	826	828.4255	-7.980584E-02
636	1	810	824.532	-0.4831051
637	1	837	820.6571	0.5339952
638	0	793	816.8005	-0.8001187
639	1	771	812.9624	-1.43173
640	2	778	809.1425	-1.057517
641	0	775	805.3406	-1.032387
642	1	780	801.5569	-0.7310274
643	0	799	797.7911	4.048016E-02
644	1	770	794.0432	-0.8208992
645	1	800	790.3131	0.3241468
646	0	863	786.6008	2.456341
647	1	800	782.9061	0.5720024
648	2	801	779.2289	0.7280329
649	2	778	775.5693	8.254114E-02
650	1	753	771.927	-0.6538537
651	0	765	768.3021	-0.1131284
652	0	785	764.6943	0.6862838
653	0	790	761.1037	0.9733675
654	0	798	757.5302	1.356006
655	1	760	753.9736	0.2071785
656	0	757	750.4339	0.2262017
657	0	738	746.9111	-0.3111174
658	0	805	743.405	2.054365
659	0	751	739.9155	0.3834611
660	2	727	736.4426	-0.3322887
661	0	750	732.9863	0.5889932
662	2	720	729.5464	-0.3376525
663	2	740	726.1228	0.4838136
664	1	730	722.7155	0.2557909
665	1	732	719.3243	0.444458
666	1	735	715.9492	0.6665568
667	0	681	712.5903	-1.150495
668	1	749	709.2473	1.377154
669	4	760	705.9201	1.859176
670	0	727	702.6087	0.8583366
671	1	701	699.3132	6.050664E-02
672	0	757	696.0333	2.1003
673	1	717	692.7689	0.8589275
674	0	711	689.5201	0.7647751
675	1	720	686.2866	1.192431
676	0	723	683.0687	1.409275
677	0	719	679.8659	1.385171
678	0	700	676.6783	0.8371787
679	1	663	673.5059	-0.3880334
680	1	692	670.3486	0.7819253
681	1	672	667.2063	0.1758062
682	2	628	664.079	-1.370994
683	1	667	660.9664	0.2221463
684	1	653	657.8687	-0.1812635
685	1	640	654.7857	-0.5563091
686	2	624	651.7173	-1.056785
687	0	712	648.6636	2.253378
688	1	707	645.6243	2.191716
689	1	632	642.5995	-0.4014408
690	1	650	639.5891	0.3885371
691	3	675	636.593	1.405268
692	1	679	633.611	1.655588
693	2	670	630.6433	1.445642
694	3	627	627.6897	-2.623025E-02
695	0	638	624.7501	0.4993446
696	2	614	621.8244	-0.3008572
697	1	653	618.9127	1.269081
698	0	638	616.0148	0.8285476
699	1	628	613.1307	0.5650313
700	1	591	610.2603	-0.7555265
701	2	642	607.4034	1.299561
702	1	574	604.5602	-1.217234
703	2	590	601.7305	-0.4605641
704	0	575	598.9143	-0.9516557
705	2	613	596.1114	0.649941
706	1	617	593.3219	0.9081295
707	1	555	590.5456	-1.440934
708	0	553	587.7825	-1.412661
709	0	595	585.0325	0.3896187
710	0	627	582.2956	1.700177
711	1	592	579.5717	0.4870986
712	0	601	576.8607	0.9386398
713	1	585	574.1626	0.4273967
714	0	558	571.4774	-0.5448058
715	0	590	568.8049	0.8321633
716	2	565	566.145	-4.598522E-02
717	2	537	563.4979	-1.092819
718	0	635	560.8632	2.800869
719	1	586	558.2412	1.093751
720	1	571	555.6316	0.613813
721	1	577	553.0344	0.9519659
722	2	534	550.4496	-0.6803973
723	2	577	547.877	1.156832
724	0	501	545.3166	-1.895084
725	3	522	542.7684	-0.8692852
726	0	537	540.2323	-0.1333058
727	0	545	537.7082	0.2984137
728	2	514	535.1962	-0.8943719
729	2	517	532.6961	-0.6602872
730	2	545	530.2079	0.60536
731	3	507	527.7314	-0.8810397
732	0	528	525.2668	0.1137191
733	1	568	522.8139	1.809706
734	1	513	520.3726	-0.3114029
735	1	527	517.9429	0.3772131
736	3	508	515.5248	-0.3194603
737	2	502	513.1182	-0.4749479
738	3	524	510.723	0.5546172
739	0	528	508.3392	0.8180324
740	2	469	505.9667	-1.636101
741	0	522	503.6055	0.7699227
742	0	533	501.2556	1.314317
743	0	458	498.9167	-1.833438
744	0	481	496.589	-0.6809302
745	1	514	494.2723	0.8324059
746	1	486	491.9667	-0.2592258
747	0	462	489.672	-1.234356
748	2	467	487.3883	-0.9043697
749	0	473	485.1153	-0.5338413
750	1	517	482.8532	1.436452
751	3	443	480.6018	-1.714351
752	1	500	478.3611	0.9262952
753	1	452	476.131	-1.088735
754	0	437	473.9116	-1.694862
755	2	464	471.7028	-0.3428223
756	0	436	469.5043	-1.540244
757	0	494	467.3164	1.149454
758	1	464	465.1389	-5.068638E-02
759	1	491	462.9716	1.211224
760	0	457	460.8148	-0.1711302
761	0	445	458.6681	-0.6217001
762	0	467	456.5316	0.4643483
763	2	448	454.4053	-0.2903332
764	0	479	452.2891	1.16927
765	1	491	450.183	1.763876
766	2	420	448.0868	-1.316535
767	3	447	446.0006	4.535043E-02
768	0	469	443.9243	1.109817
769	0	455	441.8579	0.590902
770	0	441	439.8014	5.477739E-02
771	2	482	437.7545	1.930556
772	2	442	435.7174	0.2867729
773	0	445	433.69	0.5144396
774	0	443	431.6722	0.5164577
775	0	414	429.6641	-0.7397436
776	1	446	427.6654	0.8329851
777	1	454	425.6762	1.274969
778	0	429	423.6965	0.2458688
779	1	440	421.7262	0.8360919
780	0	441	419.7654	0.9704149
781	0	452	417.8137	1.542403
782	1	459	415.8714	1.930358
783	0	420	413.9383	0.2841364
784	0	441	412.0143	1.324635
785	0	410	410.0995	-4.724994E-03
786	1	422	408.1939	0.6455489
787	1	397	406.2972	-0.4487333
788	1	453	404.4096	2.189763
789	1	404	402.531	0.0702622
790	0	435	400.6613	1.580489
791	2	399	398.8004	9.609379E-03
792	1	408	396.9484	0.5258896
793	0	405	395.1052	0.4726515
794	0	416	393.2708	1.070716
795	0	440	391.445	2.221567
796	1	387	389.628	-0.1285328
797	1	385	387.8196	-0.1382729
798	0	395	386.0198	0.4345689
799	0	374	384.2285	-0.5092087
800	1	365	382.4457	-0.8795444
801	0	400	380.6715	0.9292558
802	0	386	378.9056	0.3474427
803	0	435	377.1482	2.662713
804	1	384	375.399	0.4223624
805	1	380	373.6583	0.3131166
806	1	330	371.9257	-2.227023
807	1	351	370.2014	-0.9878799
808	0	354	368.4853	-0.7419661
809	0	374	366.7774	0.3595658
810	1	374	365.0775	0.4441888
811	0	338	363.3858	-1.331835
812	0	365	361.7021	0.1662676
813	0	324	360.0264	-1.931916
814	0	365	358.3586	0.3348322
815	2	350	356.6988	-0.3451511
816	3	318	355.0468	-2.005942
817	1	352	353.4028	-7.206387E-02
818	1	338	351.7665	-0.7222429
819	0	354	350.138	0.1978206
820	0	358	348.5172	0.4829053
821	0	344	346.9041	-0.1509804
822	0	357	345.2988	0.5967446
823	0	328	343.701	-0.8366377
824	0	364	342.1108	1.105136
825	0	342	340.5282	7.674731E-02
826	0	357	338.9531	0.920364
827	0	355	337.3855	0.9009311
828	1	337	335.8253	6.172288E-02
829	0	344	334.2726	0.5057098
830	1	335	332.7272	0.1197911
831	0	301	331.1892	-1.681722
832	0	347	329.6584	0.8975075
833	0	350	328.135	1.126582
834	0	371	326.6187	2.21869
835	0	378	325.1097	2.618562
836	0	313	323.6079	-0.5791021
837	0	320	322.1132	-0.1140505
838	0	297	320.6256	-1.32522
839	0	315	319.1451	-0.2255412
840	0	308	317.6716	-0.5324016
841	0	335	316.2051	0.9906139
842	0	307	314.7455	-0.4270933
843	0	324	313.2929	0.5741668
844	0	302	311.8473	-0.5476131
845	0	330	310.4084	1.040672
846	0	326	308.9764	0.9099872
847	1	287	307.5513	-1.173348
848	2	302	306.1328	-0.2298303
849	1	305	304.7212	1.542574E-02
850	0	286	303.3162	-0.9904304
851	2	299	301.9179	-0.1631079
852	1	298	300.5263	-0.1414593
853	0	280	299.1412	-1.106865
854	0	278	297.7628	-1.147045
855	2	292	296.3909	-0.2484664
856	0	301	295.0255	0.3328137
857	1	288	293.6666	-0.3229479
858	0	291	292.3142	-7.449859E-02
859	0	261	290.9682	-1.796925
860	0	286	289.6286	-0.2075422
861	0	310	288.2953	1.19081
862	0	300	286.9684	0.7271884
863	0	280	285.6478	-0.3265906
864	0	289	284.3335	0.2654758
865	0	311	283.0254	1.532251
866	1	270	281.7235	-0.6907709
867	0	283	280.4279	0.1479212
868	1	279	279.1383	-8.014242E-03
869	0	281	277.8549	0.1815336
870	0	266	276.5776	-0.6280677
871	2	280	275.3064	0.2714132
872	1	259	274.0412	-0.9054703
873	0	255	272.782	-1.07909
874	0	288	271.5288	0.9387115
875	1	299	270.2816	1.60531
876	1	309	269.0403	2.196024
877	2	272	267.8049	0.2462447
878	0	280	266.5753	0.7762983
879	0	281	265.3516	0.9032223
880	1	250	264.1338	-0.8664963
881	1	259	262.9217	-0.2360814
882	1	292	261.7153	1.713708
883	0	223	260.5147	-2.439317
884	0	257	259.3198	-0.1402112
885	0	250	258.1306	-0.4984606
886	1	231	256.947	-1.656824
887	0	227	255.769	-1.853613
888	0	246	254.5967	-0.5314338
889	0	250	253.4299	-0.2102765
890	0	255	252.2686	0.1657504
891	0	260	251.1129	0.5339338
892	0	239	249.9627	-0.6878498
893	1	250	248.8179	0.0724698
894	0	260	247.6786	0.7402685
895	0	262	246.5447	0.9248925
896	0	231	245.4162	-0.9205315
897	0	255	244.293	0.6497481
898	0	270	243.1752	1.580564
899	0	249	242.0627	0.4261863
900	1	239	240.9554	-0.1226926
901	1	241	239.8535	7.163145E-02
902	0	250	238.7567	0.6892905
903	0	231	237.6652	-0.4256022
904	0	226	236.5789	-0.683157
905	0	220	235.4977	-1.014753
906	0	232	234.4217	-0.1542907
907	0	228	233.3508	-0.3439765
908	1	227	232.2849	-0.3405123
909	0	244	231.2242	0.7931113
910	0	232	230.1684	0.1166929
911	0	252	229.1177	1.397091
912	0	235	228.072	0.4384887
913	0	234	227.0313	0.4420358
914	0	208	225.9955	-1.212779
915	1	257	224.9646	1.936233
916	0	218	223.9386	-0.3906771
917	0	240	222.9175	1.069532
918	0	245	221.9012	1.43093
919	0	225	220.8898	0.2660313
920	0	217	219.8832	-0.1901226
921	1	238	218.8814	1.202184
922	0	240	217.8843	1.38466
923	0	223	216.892	0.3971623
924	0	192	215.9043	-1.678627
925	1	203	214.9214	-0.8135362
926	0	216	213.9432	0.135954
927	1	214	212.9695	6.843823E-02
928	0	222	212.0005	0.651699
929	0	228	211.0362	1.090523
930	0	228	210.0764	1.152225
931	0	218	209.1211	0.5841039
932	0	207	208.1704	-7.907584E-02
933	0	237	207.2243	1.876369
934	0	224	206.2826	1.14939
935	0	170	205.3454	-2.641972
936	1	215	204.4126	0.7014823
937	0	213	203.4843	0.6335135
938	0	199	202.5604	-0.2454632
939	0	211	201.6409	0.6261203
940	1	182	200.7257	-1.351573
941	0	183	199.8149	-1.210249
942	0	210	198.9084	0.7438336
943	0	197	198.0062	-6.973416E-02
944	0	192	197.1084	-0.3587224
945	0	204	196.2147	0.5299394
946	1	198	195.3254	0.1848753
947	0	191	194.4402	-0.2422299
948	0	192	193.5593	-0.1094969
949	0	166	192.6825	-2.018941
950	0	199	191.8099	0.4957046
951	0	174	190.9415	-1.25132
952	0	203	190.0772	0.8818746
953	0	156	189.217	-2.594672
954	0	182	188.3609	-0.4591105
955	0	189	187.5088	0.1055659
956	1	180	186.6608	-0.483493
957	0	199	185.8168	0.9088881
958	0	180	184.9769	-0.3612591
959	0	184	184.1409	-1.011181E-02
960	1	186	183.3089	0.1920829
961	0	176	182.4808	-0.4758847
962	0	193	181.6567	0.7944337
963	0	161	180.8365	-1.524645
964	0	182	180.0202	0.1428946
965	0	167	179.2078	-0.9208682
966	0	181	178.3993	0.1882462
967	0	156	177.5945	-1.686809
968	0	184	176.7937	0.5172268
969	0	156	175.9966	-1.561987
970	0	169	175.2033	-0.4650819
971	0	143	174.4137	-2.565588
972	0	179	173.6279	0.3910621
973	0	166	172.8459	-0.5179971
974	0	166	172.0676	-0.4591053
975	0	172	171.2929	5.253498E-02
976	0	169	170.522	-0.1141092
977	0	152	169.7547	-1.405443
978	0	177	168.9911	0.5863851
979	0	147	168.2311	-1.709652
980	0	176	167.4747	0.6260121
981	0	172	166.7219	0.3921677
982	0	149	165.9726	-1.357317
983	0	196	165.227	2.138205
984	0	145	164.4848	-1.580074
985	0	189	163.7462	1.787785
986	0	135	163.0111	-2.356065
987	0	159	162.2795	-0.2536868
988	0	159	161.5514	-0.1973636
989	0	152	160.8268	-0.6987154
990	0	186	160.1055	1.84826
991	0	169	159.3878	0.7206661
992	0	152	158.6734	-0.5282562
993	0	171	157.9624	0.9716005
994	0	157	157.2548	-1.983624E-02
995	0	163	156.5505	0.4925843
996	0	157	155.8496	8.956426E-02
997	0	165	155.1521	0.747459
998	1	143	154.4578	-0.9357698
999	0	149	153.7668	-0.3812087
1000	0	156	153.0792	0.2281536
1001	0	153	0	0
1002	0	151	0	0
1003	0	140	0	0
1004	0	164	0	0
1005	0	155	0	0
1006	0	137	0	0
1007	0	155	0	0
1008	0	148	0	0
1009	0	156	0	0
1010	0	134	0	0
1011	0	149	0	0
1012	0	141	0	0
1013	1	144	0	0
1014	0	132	0	0
1015	0	139	0	0
1016	0	139	0	0
1017	0	139	0	0
1018	0	137	0	0
1019	0	135	0	0
1020	0	137	0	0
1021	0	121	0	0
1022	0	126	0	0
1023	0	138	0	0
1024	0	146	0	0
1025	0	146	0	0
1026	0	154	0	0
1027	0	137	0	0
1028	0	147	0	0
1029	2	134	0	0
1030	1	133	0	0
1031	0	127	0	0
1032	1	133	0	0
1033	0	133	0	0
1034	0	147	0	0
1035	0	125	0	0
1036	0	124	0	0
1037	0	117	0	0
1038	0	135	0	0
1039	0	133	0	0
1040	0	118	0	0
1041	0	105	0	0
1042	0	122	0	0
1043	1	124	0	0
1044	0	122	0	0
1045	1	123	0	0
1046	0	123	0	0
1047	0	111	0	0
1048	0	109	0	0
1049	0	124	0	0
1050	0	131	0	0
1051	0	121	0	0
1052	0	136	0	0
1053	0	128	0	0
1054	0	127	0	0
1055	1	108	0	0
1056	0	123	0	0
1057	0	124	0	0
1058	0	123	0	0
1059	0	117	0	0
1060	0	108	0	0
1061	0	109	0	0
1062	0	123	0	0
1063	0	105	0	0
1064	0	127	0	0
1065	0	111	0	0
1066	1	103	0	0
1067	0	132	0	0
1068	0	107	0	0
1069	0	102	0	0
1070	0	106	0	0
1071	0	108	0	0
1072	0	96	0	0
1073	0	110	0	0
1074	1	103	0	0
1075	0	101	0	0
1076	0	114	0	0
1077	0	109	0	0
1078	0	102	0	0
1079	0	102	0	0
1080	1	90	0	0
1081	0	103	0	0
1082	1	82	0	0
1083	0	99	0	0
1084	0	99	0	0
1085	0	89	0	0
1086	0	105	0	0
1087	1	92	0	0
1088	0	86	0	0
1089	0	96	0	0
1090	1	95	0	0
1091	0	100	0	0
1092	0	107	0	0
1093	0	80	0	0
1094	0	120	0	0
1095	1	84	0	0
1096	0	90	0	0
1097	0	91	0	0
1098	0	99	0	0
1099	0	102	0	0
1100	0	101	0	0
1101	1	95	0	0
1102	0	78	0	0
1103	0	101	0	0
1104	0	94	0	0
1105	0	99	0	0
1106	0	94	0	0
1107	0	105	0	0
1108	0	93	0	0
1109	0	92	0	0
1110	0	91	0	0
1111	0	102	0	0
1112	0	66	0	0
1113	0	80	0	0
1114	0	87	0	0
1115	0	89	0	0
1116	0	86	0	0
1117	0	98	0	0
1118	1	78	0	0
1119	0	86	0	0
1120	0	94	0	0
1121	0	76	0	0
1122	0	81	0	0
1123	0	90	0	0
1124	0	87	0	0
1125	1	80	0	0
1126	0	88	0	0
1127	0	69	0	0
1128	0	92	0	0
1129	0	77	0	0
1130	0	82	0	0
1131	1	71	0	0
1132	1	89	0	0
1133	0	91	0	0
1134	0	66	0	0
1135	0	88	0	0
1136	0	89	0	0
1137	0	82	0	0
1138	0	81	0	0
1139	0	88	0	0
1140	1	70	0	0
1141	0	81	0	0
1142	0	70	0	0
1143	1	76	0	0
1144	0	78	0	0
1145	0	79	0	0
1146	0	86	0	0
1147	0	71	0	0
1148	0	80	0	0
1149	1	83	0	0
1150	1	77	0	0
1151	0	65	0	0
1152	0	84	0	0
1153	0	65	0	0
1154	0	71	0	0
1155	1	68	0	0
1156	0	59	0	0
1157	1	64	0	0
1158	0	70	0	0
1159	1	75	0	0
1160	0	76	0	0
1161	0	78	0	0
1162	1	73	0	0
1163	1	76	0	0
1164	0	58	0	0
1165	1	54	0	0
1166	1	80	0	0
1167	0	68	0	0
1168	0	59	0	0
1169	0	77	0	0
1170	0	53	0	0
1171	0	64	0	0
1172	0	60	0	0
1173	0	60	0	0
1174	0	68	0	0
1175	0	64	0	0
1176	1	62	0	0
1177	0	55	0	0
1178	0	73	0	0
1179	0	76	0	0
1180	0	70	0	0
1181	0	74	0	0
1182	0	70	0	0
1183	0	76	0	0
1184	0	52	0	0
1185	0	63	0	0
1186	1	60	0	0
1187	0	58	0	0
1188	0	59	0	0
1189	0	70	0	0
1190	0	51	0	0
1191	0	59	0	0
1192	1	47	0	0
1193	0	58	0	0
1194	1	71	0	0
1195	1	51	0	0
1196	1	61	0	0
1197	0	68	0	0
1198	0	43	0	0
1199	0	52	0	0
1200	0	53	0	0
1201	0	56	0	0
1202	0	54	0	0
1203	1	62	0	0
1204	0	59	0	0
1205	0	48	0	0
1206	1	62	0	0
1207	0	58	0	0
1208	0	54	0	0
1209	0	58	0	0
1210	0	67	0	0
1211	2	62	0	0
1212	1	66	0	0
1213	0	67	0	0
1214	0	72	0	0
1215	1	52	0	0
1216	0	62	0	0
1217	0	51	0	0
1218	2	46	0	0
1219	1	55	0	0
1220	0	40	0	0
1221	1	57	0	0
1222	1	50	0	0
1223	1	52	0	0
1224	0	48	0	0
1225	0	45	0	0
1226	0	50	0	0
1227	0	52	0	0
1228	0	66	0	0
1229	0	59	0	0
1230	0	53	0	0
1231	0	54	0	0
1232	0	52	0	0
1233	0	55	0	0
1234	0	53	0	0
1235	0	45	0	0
1236	1	71	0	0
1237	0	53	0	0
1238	1	51	0	0
1239	0	49	0	0
1240	1	57	0	0
1241	0	45	0	0
1242	0	52	0	0
1243	0	53	0	0
1244	0	48	0	0
1245	1	53	0	0
1246	0	50	0	0
1247	0	55	0	0
1248	1	57	0	0
1249	0	54	0	0
1250	1	51	0	0
1251	0	46	0	0
1252	1	61	0	0
1253	0	55	0	0
1254	1	44	0	0
1255	0	43	0	0
1256	0	46	0	0
1257	1	43	0	0
1258	0	53	0	0
1259	1	45	0	0
1260	0	58	0	0
1261	1	46	0	0
1262	0	39	0	0
1263	0	40	0	0
1264	0	52	0	0
1265	1	48	0	0
1266	0	53	0	0
1267	0	43	0	0
1268	1	50	0	0
1269	1	50	0	0
1270	0	50	0	0
1271	0	29	0	0
1272	1	54	0	0
1273	0	38	0	0
1274	1	35	0	0
1275	1	48	0	0
1276	1	47	0	0
1277	1	36	0	0
1278	1	32	0	0
1279	0	40	0	0
1280	0	41	0	0
1281	0	37	0	0
1282	0	43	0	0
1283	2	42	0	0
1284	0	26	0	0
1285	0	35	0	0
1286	0	45	0	0
1287	0	46	0	0
1288	2	38	0	0
1289	0	55	0	0
1290	0	35	0	0
1291	0	45	0	0
1292	1	32	0	0
1293	0	34	0	0
1294	1	39	0	0
1295	1	32	0	0
1296	0	39	0	0
1297	0	34	0	0
1298	1	41	0	0
1299	0	34	0	0
1300	0	44	0	0
1301	0	38	0	0
1302	2	30	0	0
1303	2	43	0	0
1304	2	48	0	0
1305	1	32	0	0
1306	0	37	0	0
1307	0	25	0	0
1308	0	35	0	0
1309	0	33	0	0
1310	1	31	0	0
1311	0	33	0	0
1312	0	29	0	0
1313	0	33	0	0
1314	1	33	0	0
1315	0	34	0	0
1316	0	29	0	0
1317	2	40	0	0
1318	0	27	0	0
1319	0	30	0	0
1320	2	27	0	0
1321	0	39	0	0
1322	0	37	0	0
1323	1	47	0	0
1324	1	28	0	0
1325	2	34	0	0
1326	0	36	0	0
1327	2	28	0	0
1328	1	32	0	0
1329	0	34	0	0
1330	2	24	0	0
1331	0	27	0	0
1332	2	32	0	0
1333	0	25	0	0
1334	0	36	0	0
1335	0	43	0	0
1336	2	34	0	0
1337	0	31	0	0
1338	1	27	0	0
1339	1	34	0	0
1340	1	29	0	0
1341	0	29	0	0
1342	0	23	0	0
1343	0	30	0	0
1344	1	27	0	0
1345	2	29	0	0
1346	2	24	0	0
1347	1	30	0	0
1348	2	25	0	0
1349	0	33	0	0
1350	0	47	0	0
1351	0	36	0	0
1352	0	34	0	0
1353	0	36	0	0
1354	0	28	0	0
1355	0	24	0	0
1356	0	30	0	0
1357	2	22	0	0
1358	0	22	0	0
1359	1	19	0	0
1360	1	24	0	0
1361	0	33	0	0
1362	1	20	0	0
1363	1	24	0	0
1364	0	30	0	0
1365	0	32	0	0
1366	1	32	0	0
1367	1	30	0	0
1368	0	32	0	0
1369	1	29	0	0
1370	1	29	0	0
1371	0	22	0	0
1372	1	37	0	0
1373	0	24	0	0
1374	2	24	0	0
1375	1	33	0	0
1376	0	20	0	0
1377	0	23	0	0
1378	1	28	0	0
1379	1	38	0	0
1380	0	29	0	0
1381	0	20	0	0
1382	1	26	0	0
1383	0	24	0	0
1384	0	21	0	0
1385	2	34	0	0
1386	2	21	0	0
1387	3	22	0	0
1388	1	26	0	0
1389	1	28	0	0
1390	1	29	0	0
1391	1	30	0	0
1392	1	14	0	0
1393	0	22	0	0
1394	0	28	0	0
1395	1	25	0	0
1396	1	18	0	0
1397	1	30	0	0
1398	0	20	0	0
1399	1	26	0	0
1400	0	15	0	0
1401	0	20	0	0
1402	1	20	0	0
1403	0	14	0	0
1404	2	18	0	0
1405	4	25	0	0
1406	1	16	0	0
1407	2	18	0	0
1408	0	19	0	0
1409	1	22	0	0
1410	0	36	0	0
1411	0	21	0	0
1412	1	21	0	0
1413	4	29	0	0
1414	0	24	0	0
1415	0	23	0	0
1416	0	27	0	0
1417	1	17	0	0
1418	1	25	0	0
1419	0	27	0	0
1420	0	25	0	0
1421	1	24	0	0
1422	2	24	0	0
1423	0	17	0	0
1424	2	29	0	0
1425	0	23	0	0
1426	2	18	0	0
1427	1	14	0	0
1428	2	23	0	0
1429	0	21	0	0
1430	1	31	0	0
1431	0	21	0	0
1432	1	19	0	0
1433	0	27	0	0
1434	0	22	0	0
1435	2	19	0	0
1436	1	21	0	0
1437	0	21	0	0
1438	0	13	0	0
1439	0	19	0	0
1440	0	19	0	0
1441	0	19	0	0
1442	0	24	0	0
1443	0	22	0	0
1444	1	23	0	0
1445	1	21	0	0
1446	2	13	0	0
1447	0	24	0	0
1448	0	18	0	0
1449	2	16	0	0
1450	0	17	0	0
1451	1	21	0	0
1452	0	28	0	0
1453	1	31	0	0
1454	0	27	0	0
1455	0	20	0	0
1456	2	22	0	0
1457	0	16	0	0
1458	0	21	0	0
1459	1	21	0	0
1460	0	24	0	0
1461	1	16	0	0
1462	0	17	0	0
1463	0	16	0	0
1464	1	19	0	0
1465	0	16	0	0
1466	1	14	0	0
1467	0	19	0	0
1468	0	19	0	0
1469	0	12	0	0
1470	1	17	0	0
1471	1	20	0	0
1472	1	13	0	0
1473	0	15	0	0
1474	1	19	0	0
1475	0	18	0	0
1476	0	16	0	0
1477	0	21	0	0
1478	1	15	0	0
1479	0	19	0	0
1480	1	17	0	0
1481	1	18	0	0
1482	1	17	0	0
1483	1	13	0	0
1484	1	24	0	0
1485	3	16	0	0
1486	1	16	0	0
1487	0	19	0	0
1488	1	14	0	0
1489	0	14	0	0
1490	2	23	0	0
1491	0	14	0	0
1492	0	12	0	0
1493	0	8	0	0
1494	1	20	0	0
1495	0	16	0	0
1496	3	19	0	0
1497	0	21	0	0
1498	2	19	0	0
1499	1	12	0	0
1500	0	12	0	0
1501	1	12	0	0
1502	0	16	0	0
1503	0	13	0	0
1504	2	17	0	0
1505	0	16	0	0
1506	1	8	0	0
1507	2	20	0	0
1508	0	15	0	0
1509	0	18	0	0
1510	1	16	0	0
1511	0	8	0	0
1512	2	14	0	0
1513	1	8	0	0
1514	0	10	0	0
1515	1	14	0	0
1516	0	8	0	0
1517	1	11	0	0
1518	0	21	0	0
1519	1	7	0	0
1520	0	27	0	0
1521	0	12	0	0
1522	0	18	0	0
1523	0	14	0	0
1524	1	17	0	0
1525	2	14	0	0
1526	0	11	0	0
1527	0	10	0	0
1528	2	16	0	0
1529	0	13	0	0
1530	0	4	0	0
1531	1	17	0	0
1532	0	12	0	0
1533	1	9	0	0
1534	0	12	0	0
1535	0	17	0	0
1536	3	7	0	0
1537	0	16	0	0
1538	2	13	0	0
1539	1	13	0	0
1540	1	10	0	0
1541	1	20	0	0
1542	1	9	0	0
1543	1	17	0	0
1544	0	11	0	0
1545	2	15	0	0
1546	2	17	0	0
1547	1	20	0	0
1548	2	17	0	0
1549	0	7	0	0
1550	2	13	0	0
1551	1	19	0	0
1552	0	14	0	0
1553	0	12	0	0
1554	1	10	0	0
1555	0	11	0	0
1556	1	8	0	0
1557	1	11	0	0
1558	1	15	0	0
1559	1	16	0	0
1560	1	9	0	0
1561	1	8	0	0
1562	2	7	0	0
1563	2	16	0	0
1564	3	9	0	0
1565	1	13	0	0
1566	1	12	0	0
1567	0	19	0	0
1568	1	15	0	0
1569	2	12	0	0
1570	0	9	0	0
1571	1	5	0	0
1572	1	12	0	0
1573	1	11	0	0
1574	1	12	0	0
1575	1	10	0	0
1576	0	8	0	0
1577	0	7	0	0
1578	0	14	0	0
1579	2	17	0	0
1580	2	8	0	0
1581	0	10	0	0
1582	0	7	0	0
1583	2	9	0	0
1584	0	11	0	0
1585	0	10	0	0
1586	0	6	0	0
1587	1	15	0	0
1588	2	8	0	0
1589	0	12	0	0
1590	1	9	0	0
1591	0	8	0	0
1592	1	9	0	0
1593	3	6	0	0
1594	0	12	0	0
1595	1	8	0	0
1596	1	12	0	0
1597	1	15	0	0
1598	3	9	0	0
1599	1	11	0	0
1600	0	6	0	0
1601	1	6	0	0
1602	0	13	0	0
1603	2	15	0	0
1604	2	9	0	0
1605	0	8	0	0
1606	1	6	0	0
1607	3	4	0	0
1608	1	5	0	0
1609	1	11	0	0
1610	0	11	0	0
1611	2	10	0	0
1612	1	9	0	0
1613	1	7	0	0
1614	1	19	0	0
1615	2	6	0	0
1616	0	8	0	0
1617	1	10	0	0
1618	1	9	0	0
1619	0	11	0	0
1620	0	5	0	0
1621	2	9	0	0
1622	1	11	0	0
1623	3	8	0	0
1624	3	10	0	0
1625	1	12	0	0
1626	0	13	0	0
1627	0	7	0	0
1628	0	6	0	0
1629	2	7	0	0
1630	0	12	0	0
1631	0	13	0	0
1632	1	11	0	0
1633	2	12	0	0
1634	1	8	0	0
1635	0	3	0	0
1636	1	10	0	0
1637	1	12	0	0
1638	2	14	0	0
1639	0	7	0	0
1640	1	12	0	0
1641	0	4	0	0
1642	0	4	0	0
1643	0	6	0	0
1644	0	15	0	0
1645	0	6	0	0
1646	0	17	0	0
1647	1	15	0	0
1648	1	7	0	0
1649	1	8	0	0
1650	1	10	0	0
1651	0	13	0	0
1652	2	7	0	0
1653	5	7	0	0
1654	2	7	0	0
1655	3	12	0	0
1656	1	11	0	0
1657	1	11	0	0
1658	1	10	0	0
1659	2	3	0	0
1660	1	6	0	0
1661	2	13	0	0
1662	1	7	0	0
1663	3	7	0	0
1664	0	2	0	0
1665	1	7	0	0
1666	0	7	0	0
1667	1	13	0	0
1668	0	16	0	0
1669	1	11	0	0
1670	0	11	0	0
1671	2	8	0	0
1672	1	6	0	0
1673	3	7	0	0
1674	2	9	0	0
1675	0	5	0	0
1676	1	10	0	0
1677	2	9	0	0
1678	1	6	0	0
1679	0	6	0	0
1680	1	8	0	0
1681	1	5	0	0
1682	3	7	0	0
1683	0	7	0	0
1684	2	8	0	0
1685	2	6	0	0
1686	0	10	0	0
1687	3	8	0	0
1688	2	12	0	0
1689	1	5	0	0
1690	0	7	0	0
1691	1	6	0	0
1692	0	12	0	0
1693	1	6	0	0
1694	1	6	0	0
1695	0	8	0	0
1696	1	9	0	0
1697	0	6	0	0
1698	2	7	0	0
1699	0	3	0	0
1700	1	5	0	0
1701	0	5	0	0
1702	0	5	0	0
1703	1	7	0	0
1704	3	7	0	0
1705	1	8	0	0
1706	1	6	0	0
1707	2	8	0	0
1708	1	8	0	0
1709	1	6	0	0
1710	0	9	0	0
1711	1	5	0	0
1712	0	7	0	0
1713	0	8	0	0
1714	0	6	0	0
1715	0	9	0	0
1716	0	7	0	0
1717	1	2	0	0
1718	1	8	0	0
1719	2	10	0	0
1720	2	9	0	0
1721	0	10	0	0
1722	0	12	0	0
1723	0	7	0	0
1724	0	9	0	0
1725	1	5	0	0
1726	2	6	0	0
1727	2	10	0	0
1728	0	6	0	0
1729	0	8	0	0
1730	2	8	0	0
1731	0	6	0	0
1732	1	10	0	0
1733	1	4	0	0
1734	0	12	0	0
1735	2	5	0	0
1736	1	7	0	0
1737	1	9	0	0
1738	3	8	0	0
1739	3	6	0	0
1740	1	8	0	0
1741	0	9	0	0
1742	2	8	0	0
1743	3	4	0	0
1744	1	5	0	0
1745	1	4	0	0
1746	2	8	0	0
1747	0	2	0	0
1748	1	4	0	0
1749	0	10	0	0
1750	0	10	0	0
1751	1	6	0	0
1752	0	13	0	0
1753	1	8	0	0
1754	2	5	0	0
1755	0	8	0	0
1756	1	0	0	0
1757	3	10	0	0
1758	1	4	0	0
1759	1	8	0	0
1760	0	4	0	0
1761	3	4	0	0
1762	4	5	0	0
1763	2	8	0	0
1764	1	7	0	0
1765	0	3	0	0
1766	0	4	0	0
1767	3	7	0	0
1768	1	5	0	0
1769	1	2	0	0
1770	1	4	0	0
1771	0	8	0	0
1772	2	7	0	0
1773	1	5	0	0
1774	1	8	0	0
1775	0	6	0	0
1776	0	4	0	0
1777	1	10	0	0
1778	0	5	0	0
1779	1	4	0	0
1780	1	6	0	0
1781	1	4	0	0
1782	1	6	0	0
1783	0	5	0	0
1784	0	6	0	0
1785	0	3	0	0
1786	1	7	0	0
1787	0	3	0	0
1788	1	6	0	0
1789	1	5	0	0
1790	0	5	0	0
1791	1	9	0	0
1792	1	12	0	0
1793	1	5	0	0
1794	0	5	0	0
1795	2	7	0	0
1796	0	7	0	0
1797	1	3	0	0
1798	0	6	0	0
1799	1	8	0	0
1800	2	7	0	0
1801	4	7	0	0
1802	1	2	0	0
1803	1	8	0	0
1804	2	4	0	0
1805	0	5	0	0
1806	0	7	0	0
1807	1	3	0	0
1808	0	1	0	0
1809	1	2	0	0
1810	0	1	0	0
1811	1	5	0	0
1812	1	7	0	0
1813	2	4	0	0
1814	3	4	0	0
1815	3	6	0	0
1816	1	3	0	0
1817	3	6	0	0
1818	2	10	0	0
1819	0	7	0	0
1820	1	5	0	0
1821	0	6	0	0
1822	0	4	0	0
1823	0	8	0	0
1824	0	4	0	0
1825	0	4	0	0
1826	1	3	0	0
1827	0	7	0	0
1828	0	6	0	0
1829	0	8	0	0
1830	1	6	0	0
1831	0	4	0	0
1832	0	4	0	0
1833	1	4	0	0
1834	1	4	0	0
1835	1	10	0	0
1836	1	3	0	0
1837	0	2	0	0
1838	0	4	0	0
1839	3	1	0	0
1840	1	2	0	0
1841	3	2	0	0
1842	2	7	0	0
1843	0	5	0	0
1844	1	1	0	0
1845	0	7	0	0
1846	2	4	0	0
1847	0	5	0	0
1848	1	2	0	0
1849	1	8	0	0
1850	3	0	0	0
1851	1	8	0	0
1852	2	2	0	0
1853	2	5	0	0
1854	1	5	0	0
1855	3	8	0	0
1856	0	7	0	0
1857	1	7	0	0
1858	2	4	0	0
1859	3	4	0	0
1860	1	4	0	0
1861	0	8	0	0
1862	0	7	0	0
1863	2	2	0	0
1864	0	4	0	0
1865	2	4	0	0
1866	3	6	0	0
1867	0	2	0	0
1868	0	2	0	0
1869	1	5	0	0
1870	1	5	0	0
1871	2	4	0	0
1872	0	4	0	0
1873	1	3	0	0
1874	0	2	0	0
1875	1	6	0	0
1876	2	9	0	0
1877	1	3	0	0
1878	1	8	0	0
1879	0	2	0	0
1880	1	9	0	0
1881	1	3	0	0
1882	2	4	0	0
1883	4	3	0	0
1884	1	5	0	0
1885	2	5	0	0
1886	1	4	0	0
1887	0	3	0	0
1888	1	7	0	0
1889	1	2	0	0
1890	2	3	0	0
1891	1	2	0	0
1892	0	3	0	0
1893	3	8	0	0
1894	1	3	0	0
1895	0	5	0	0
1896	1	6	0	0
1897	3	3	0	0
1898	0	5	0	0
1899	3	2	0	0
1900	2	2	0	0
1901	2	5	0	0
1902	0	4	0	0
1903	1	8	0	0
1904	2	0	0	0
1905	0	5	0	0
1906	1	4	0	0
1907	1	5	0	0
1908	3	3	0	0
1909	1	3	0	0
1910	4	3	0	0
1911	1	8	0	0
1912	3	2	0	0
1913	1	1	0	0
1914	2	4	0	0
1915	0	4	0	0
1916	1	4	0	0
1917	2	3	0	0
1918	2	8	0	0
1919	1	10	0	0
1920	0	3	0	0
1921	2	6	0	0
1922	3	8	0	0
1923	0	5	0	0
1924	1	4	0	0
1925	1	4	0	0
1926	1	11	0	0
1927	0	5	0	0
1928	2	6	0	0
1929	1	2	0	0
1930	0	5	0	0
1931	1	3	0	0
1932	1	4	0	0
1933	3	3	0	0
1934	0	2	0	0
1935	1	7	0	0
1936	1	5	0	0
1937	0	2	0	0
1938	3	5	0	0
1939	1	4	0	0
1940	2	4	0	0
1941	1	5	0	0
1942	1	8	0	0
1943	1	4	0	0
1944	1	2	0	0
1945	2	2	0	0
1946	2	2	0	0
1947	1	7	0	0
1948	1	3	0	0
1949	0	1	0	0
1950	1	8	0	0
1951	1	4	0	0
1952	1	4	0	0
1953	2	5	0	0
1954	2	1	0	0
1955	1	2	0	0
1956	0	2	0	0
1957	2	5	0	0
1958	1	3	0	0
1959	0	6	0	0
1960	2	1	0	0
1961	2	2	0	0
1962	2	4	0	0
1963	0	4	0	0
1964	0	1	0	0
1965	2	5	0	0
1966	1	3	0	0
1967	4	5	0	0
1968	0	6	0	0
1969	1	6	0	0
1970	0	0	0	0
1971	2	2	0	0
1972	3	3	0	0
1973	1	6	0	0
1974	0	5	0	0
1975	2	2	0	0
1976	1	1	0	0
1977	0	2	0	0
1978	2	4	0	0
1979	1	3	0	0
1980	1	4	0	0
1981	1	7	0	0
1982	0	7	0	0
1983	1	2	0	0
1984	0	7	0	0
1985	2	6	0	0
1986	1	4	0	0
1987	0	6	0	0
1988	1	1	0	0
1989	1	5	0	0
1990	5	3	0	0
1991	1	2	0	0
1992	3	3	0	0
1993	1	0	0	0
1994	1	4	0	0
1995	1	2	0	0
1996	2	2	0	0
1997	2	10	0	0
1998	1	2	0	0
1999	1	5	0	0
2000	1	5	0	0
2001	0	2	0	0
2002	5	3	0	0
2003	1	4	0	0
2004	3	3	0	0
2005	2	4	0	0
2006	2	5	0	0
2007	2	1	0	0
2008	1	6	0	0
2009	1	2	0	0
2010	5	4	0	0
2011	4	2	0	0
2012	2	2	0	0
2013	3	6	0	0
2014	0	3	0	0
2015	1	4	0	0
2016	0	3	0	0
2017	1	4	0	0
2018	2	5	0	0
2019	4	1	0	0
2020	1	5	0	0
2021	2	2	0	0
2022	2	1	0	0
2023	2	5	0	0
2024	1	6	0	0
2025	2	2	0	0
2026	4	2	0	0
2027	3	4	0	0
2028	3	6	0	0
2029	1	5	0	0
2030	1	5	0	0
2031	0	2	0	0
2032	0	1	0	0
2033	2	5	0	0
2034	0	2	0	0
2035	2	4	0	0
2036	1	1	0	0
2037	1	4	0	0
2038	2	5	0	0
2039	3	4	0	0
2040	1	2	0	0
2041	1	4	0	0
2042	2	3	0	0
2043	4	5	0	0
2044	0	6	0	0
2045	1	4	0	0
2046	2	3	0	0
2047	2	7	0	0
2048	2	0	0	0
2049	1	2	0	0
2050	0	3	0	0
2051	1	4	0	0
2052	0	1	0	0
2053	1	5	0	0
2054	1	5	0	0
2055	0	7	0	0
2056	0	1	0	0
2057	1	4	0	0
2058	0	2	0	0
2059	0	3	0	0
2060	1	3	0	0
2061	1	1	0	0
2062	3	2	0	0
2063	2	0	0	0
2064	5	5	0	0
2065	2	3	0	0
2066	0	1	0	0
2067	1	3	0	0
2068	2	1	0	0
2069	1	8	0	0
2070	1	8	0	0
2071	0	2	0	0
2072	1	4	0	0
2073	0	2	0	0
2074	0	0	0	0
2075	1	3	0	0
2076	2	1	0	0
2077	1	3	0	0
2078	2	1	0	0
2079	2	3	0	0
2080	1	2	0	0
2081	3	4	0	0
2082	4	5	0	0
2083	3	2	0	0
2084	3	2	0	0
2085	3	5	0	0
2086	4	0	0	0
2087	0	6	0	0
2088	0	3	0	0
2089	1	6	0	0
2090	2	2	0	0
2091	0	3	0	0
2092	1	2	0	0
2093	0	5	0	0
2094	2	2	0	0
2095	2	7	0	0
2096	1	3	0	0
2097	3	3	0	0
2098	3	0	0	0
2099	3	3	0	0
2100	2	4	0	0
2101	2	5	0	0
2102	3	2	0	0
2103	1	5	0	0
2104	2	1	0	0
2105	2	4	0	0
2106	2	7	0	0
2107	1	3	0	0
2108	2	6	0	0
2109	0	4	0	0
2110	2	3	0	0
2111	0	3	0	0
2112	1	7	0	0
2113	1	1	0	0
2114	1	2	0	0
2115	2	3	0	0
2116	1	3	0	0
2117	1	4	0	0
2118	0	3	0	0
2119	2	2	0	0
2120	2	5	0	0
2121	2	3	0	0
2122	0	5	0	0
2123	3	0	0	0
2124	0	1	0	0
2125	2	5	0	0
2126	2	4	0	0
2127	2	2	0	0
2128	2	4	0	0
2129	2	4	0	0
2130	1	3	0	0
2131	4	2	0	0
2132	1	4	0	0
2133	1	4	0	0
2134	0	3	0	0
2135	1	2	0	0
2136	3	5	0	0
2137	3	9	0	0
2138	2	0	0	0
2139	3	4	0	0
2140	0	8	0	0
2141	6	8	0	0
2142	1	6	0	0
2143	1	0	0	0
2144	2	2	0	0
2145	1	3	0	0
2146	3	1	0	0
2147	3	3	0	0
2148	1	4	0	0
2149	0	6	0	0
2150	1	4	0	0
2151	0	4	0	0
2152	0	3	0	0
2153	2	9	0	0
2154	1	3	0	0
2155	1	2	0	0
2156	2	5	0	0
2157	2	3	0	0
2158	1	0	0	0
2159	3	2	0	0
2160	3	3	0	0
2161	1	4	0	0
2162	2	3	0	0
2163	2	3	0	0
2164	4	2	0	0
2165	2	5	0	0
2166	4	1	0	0
2167	2	4	0	0
2168	2	0	0	0
2169	1	4	0	0
2170	0	1	0	0
2171	1	4	0	0
2172	1	4	0	0
2173	1	1	0	0
2174	2	0	0	0
2175	0	4	0	0
2176	2	2	0	0
2177	2	2	0	0
2178	1	2	0	0
2179	2	6	0	0
2180	1	3	0	0
2181	3	4	0	0
2182	0	3	0	0
2183	1	2	0	0
2184	4	6	0	0
2185	1	4	0	0
2186	2	2	0	0
2187	0	2	0	0
2188	2	2	0	0
2189	1	1	0	0
2190	0	4	0	0
2191	1	4	0	0
2192	1	4	0	0
2193	5	1	0	0
2194	3	4	0	0
2195	2	5	0	0
2196	0	2	0	0
2197	1	3	0	0
2198	2	1	0	0
2199	3	4	0	0
2200	2	2	0	0
2201	0	4	0	0
2202	0	4	0	0
2203	2	0	0	0
2204	1	6	0	0
2205	0	1	0	0
2206	2	2	0	0
2207	2	1	0	0
2208	1	3	0	0
2209	1	2	0	0
2210	4	3	0	0
2211	1	3	0	0
2212	0	1	0	0
2213	1	2	0	0
2214	1	4	0	0
2215	2	7	0	0
2216	1	3	0	0
2217	2	5	0	0
2218	2	6	0	0
2219	1	3	0	0
2220	1	6	0	0
2221	1	5	0	0
2222	0	2	0	0
2223	4	8	0	0
2224	0	1	0	0
2225	2	3	0	0
2226	3	3	0	0
2227	2	2	0	0
2228	1	3	0	0
2229	3	1	0	0
2230	2	4	0	0
2231	4	5	0	0
2232	0	0	0	0
2233	3	3	0	0
2234	2	3	0	0
2235	0	3	0	0
2236	2	3	0	0
2237	1	3	0	0
2238	2	2	0	0
2239	1	3	0	0
2240	1	0	0	0
2241	0	2	0	0
2242	0	2	0	0
2243	0	1	0	0
2244	1	4	0	0
2245	3	4	0	0
2246	0	6	0	0
2247	3	2	0	0
2248	2	4	0	0
2249	2	4	0	0
2250	0	4	0	0
2251	1	2	0	0
2252	0	2	0	0
2253	0	1	0	0
2254	2	3	0	0
2255	0	2	0	0
2256	0	4	0	0
2257	0	5	0	0
2258	2	6	0	0
2259	0	2	0	0
2260	3	3	0	0
2261	3	0	0	0
2262	2	2	0	0
2263	2	2	0	0
2264	1	4	0	0
2265	2	0	0	0
2266	2	1	0	0
2267	1	1	0	0
2268	0	3	0	0
2269	1	1	0	0
2270	0	3	0	0
2271	3	2	0	0
2272	0	1	0	0
2273	0	3	0	0
2274	0	1	0	0
2275	0	4	0	0
2276	1	3	0	0
2277	0	4	0	0
2278	3	5	0	0
2279	1	5	0	0
2280	2	5	0	0
2281	2	3	0	0
2282	1	4	0	0
2283	0	6	0	0
2284	1	3	0	0
2285	1	1	0	0
2286	1	2	0	0
2287	1	6	0	0
2288	2	3	0	0
2289	2	3	0	0
2290	1	4	0	0
2291	1	4	0	0
2292	1	5	0	0
2293	0	3	0	0
2294	1	3	0	0
2295	4	4	0	0
2296	1	3	0	0
2297	0	1	0	0
2298	1	1	0	0
2299	2	1	0	0
2300	1	7	0	0
2301	0	6	0	0
2302	0	2	0	0
2303	4	4	0	0
2304	3	4	0	0
2305	3	2	0	0
2306	4	2	0	0
2307	1	1	0	0
2308	0	4	0	0
2309	1	5	0	0
2310	2	4	0	0
2311	4	2	0	0
2312	1	2	0	0
2313	3	3	0	0
2314	0	5	0	0
2315	1	4	0	0
2316	1	2	0	0
2317	1	2	0	0
2318	1	4	0	0
2319	0	4	0	0
2320	2	2	0	0
2321	1	2	0	0
2322	6	3	0	0
2323	4	3	0	0
2324	1	2	0	0
2325	3	2	0	0
2326	2	1	0	0
2327	2	1	0	0
2328	2	1	0	0
2329	0	2	0	0
2330	1	3	0	0
2331	1	6	0	0
2332	0	3	0	0
2333	1	3	0	0
2334	0	4	0	0
2335	2	3	0	0
2336	0	4	0	0
2337	1	7	0	0
2338	1	7	0	0
2339	1	3	0	0
2340	2	3	0	0
2341	1	4	0	0
2342	1	4	0	0
2343	1	1	0	0
2344	1	3	0	0
2345	3	0	0	0
2346	1	2	0	0
2347	3	5	0	0
2348	4	4	0	0
2349	2	2	0	0
2350	1	4	0	0
2351	1	4	0	0
2352	0	3	0	0
2353	0	2	0	0
2354	2	5	0	0
2355	1	5	0	0
2356	2	5	0	0
2357	2	4	0	0
2358	1	6	0	0
2359	1	2	0	0
2360	2	0	0	0
2361	0	6	0	0
2362	1	3	0	0
2363	3	3	0	0
2364	1	2	0	0
2365	0	3	0	0
2366	2	3	0	0
2367	2	4	0	0
2368	1	3	0	0
2369	2	1	0	0
2370	0	5	0	0
2371	1	3	0	0
2372	0	5	0	0
2373	3	0	0	0
2374	1	2	0	0
2375	1	2	0	0
2376	1	1	0	0
2377	0	4	0	0
2378	0	7	0	0
2379	2	2	0	0
2380	0	0	0	0
2381	2	2	0	0
2382	1	3	0	0
2383	1	2	0	0
2384	1	0	0	0
2385	1	3	0	0
2386	0	6	0	0
2387	1	7	0	0
2388	0	4	0	0
2389	0	4	0	0
2390	1	7	0	0
2391	1	4	0	0
2392	0	1	0	0
2393	3	2	0	0
2394	1	7	0	0
2395	0	2	0	0
2396	3	6	0	0
2397	1	2	0	0
2398	1	2	0	0
2399	4	3	0	0
2400	0	2	0	0
2401	1	3	0	0
2402	5	4	0	0
2403	1	2	0	0
2404	1	7	0	0
2405	1	3	0	0
2406	4	3	0	0
2407	1	3	0	0
2408	3	0	0	0
2409	1	1	0	0
2410	2	3	0	0
2411	2	2	0	0
2412	2	4	0	0
2413	1	4	0	0
2414	1	3	0	0
2415	4	0	0	0
2416	2	4	0	0
2417	1	2	0	0
2418	0	4	0	0
2419	0	5	0	0
2420	3	3	0	0
2421	1	4	0	0
2422	2	3	0	0
2423	1	3	0	0
2424	3	4	0	0
2425	2	1	0	0
2426	1	3	0	0
2427	0	6	0	0
2428	0	6	0	0
2429	1	4	0	0
2430	0	1	0	0
2431	2	2	0	0
2432	1	3	0	0
2433	0	3	0	0
2434	0	2	0	0
2435	0	4	0	0
2436	0	0	0	0
2437	0	3	0	0
2438	0	3	0	0
2439	2	5	0	0
2440	0	1	0	0
2441	1	2	0	0
2442	2	2	0	0
2443	2	5	0	0
2444	4	2	0	0
2445	2	3	0	0
2446	0	6	0	0
2447	1	5	0	0
2448	1	5	0	0
2449	1	3	0	0
2450	0	1	0	0
2451	1	2	0	0
2452	1	0	0	0
2453	2	3	0	0
2454	1	5	0	0
2455	4	1	0	0
2456	1	4	0	0
2457	1	2	0	0
2458	1	4	0	0
2459	3	2	0	0
2460	1	3	0	0
2461	3	4	0	0
2462	3	2	0	0
2463	1	3	0	0
2464	1	2	0	0
2465	0	0	0	0
2466	2	0	0	0
2467	0	0	0	0
2468	1	6	0	0
2469	1	4	0	0
2470	4	5	0	0
2471	3	1	0	0
2472	2	5	0	0
2473	2	6	0	0
2474	1	1	0	0
2475	1	2	0	0
2476	0	3	0	0
2477	1	3	0	0
2478	0	3	0	0
2479	0	3	0	0
2480	1	2	0	0
2481	1	4	0	0
2482	2	4	0	0
2483	1	5	0	0
2484	0	2	0	0
2485	1	2	0	0
2486	0	1	0	0
2487	1	0	0	0
2488	1	4	0	0
2489	1	3	0	0
2490	0	1	0	0
2491	2	4	0	0
2492	0	0	0	0
2493	4	3	0	0
2494	0	3	0	0
2495	1	0	0	0
2496	0	5	0	0
2497	2	1	0	0
2498	0	4	0	0
2499	2	3	0	0
2500	1	0	0	0
2501	1	2	0	0
2502	5	0	0	0
2503	0	2	0	0
2504	0	2	0	0
2505	1	3	0	0
2506	2	0	0	0
2507	1	2	0	0
2508	2	4	0	0
2509	3	2	0	0
2510	2	5	0	0
2511	4	4	0	0
2512	0	8	0	0
2513	0	9	0	0
2514	2	2	0	0
2515	1	4	0	0
2516	1	1	0	0
2517	2	6	0	0
2518	1	1	0	0
2519	1	4	0	0
2520	0	0	0	0
2521	3	0	0	0
2522	0	2	0	0
2523	3	4	0	0
2524	0	3	0	0
2525	1	5	0	0
2526	1	2	0	0
2527	1	3	0	0
2528	1	2	0	0
2529	2	3	0	0
2530	0	3	0	0
2531	3	5	0	0
2532	1	0	0	0
2533	1	7	0	0
2534	2	3	0	0
2535	1	3	0	0
2536	2	3	0	0
2537	1	5	0	0
2538	3	4	0	0
2539	1	4	0	0
2540	1	2	0	0
2541	1	2	0	0
2542	1	3	0	0
2543	0	2	0	0
2544	0	5	0	0
2545	3	0	0	0
2546	1	4	0	0
2547	2	5	0	0
2548	2	1	0	0
2549	1	3	0	0
2550	0	1	0	0
2551	2	5	0	0
2552	0	2	0	0
2553	1	3	0	0
2554	0	1	0	0
2555	6	3	0	0
2556	6	1	0	0
2557	0	2	0	0
2558	1	0	0	0
2559	2	4	0	0
2560	5	2	0	0
2561	0	2	0	0
2562	2	2	0	0
2563	0	2	0	0
2564	0	1	0	0
2565	0	2	0	0
2566	0	5	0	0
2567	0	0	0	0
2568	0	0	0	0
2569	1	8	0	0
2570	1	4	0	0
2571	1	5	0	0
2572	2	2	0	0
2573	1	5	0	0
2574	2	1	0	0
2575	2	6	0	0
2576	1	1	0	0
2577	2	2	0	0
2578	0	2	0	0
2579	1	2	0	0
2580	0	2	0	0
2581	0	5	0	0
2582	3	3	0	0
2583	1	3	0	0
2584	2	4	0	0
2585	1	3	0	0
2586	2	4	0	0
2587	1	0	0	0
2588	0	5	0	0
2589	3	5	0	0
2590	1	5	0	0
2591	0	6	0	0
2592	2	2	0	0
2593	0	7	0	0
2594	3	4	0	0
2595	2	3	0	0
2596	1	5	0	0
2597	1	5	0	0
2598	3	2	0	0
2599	2	4	0	0
2600	0	5	0	0
2601	0	4	0	0
2602	1	2	0	0
2603	1	3	0	0
2604	0	2	0	0
2605	1	2	0	0
2606	2	6	0	0
2607	0	5	0	0
2608	0	3	0	0
2609	0	1	0	0
2610	0	3	0	0
2611	2	3	0	0
2612	2	2	0	0
2613	1	5	0	0
2614	2	4	0	0
2615	4	4	0	0
2616	0	1	0	0
2617	1	2	0	0
2618	2	7	0	0
2619	0	3	0	0
2620	1	0	0	0
2621	2	1	0	0
2622	0	4	0	0
2623	1	1	0	0
2624	3	3	0	0
2625	2	5	0	0
2626	2	2	0	0
2627	2	3	0	0
2628	2	4	0	0
2629	2	6	0	0
2630	1	5	0	0
2631	0	4	0	0
2632	2	2	0	0
2633	0	6	0	0
2634	1	3	0	0
2635	3	6	0	0
2636	2	4	0	0
2637	1	4	0	0
2638	4	3	0	0
2639	0	3	0	0
2640	3	4	0	0
2641	2	3	0	0
2642	1	5	0	0
2643	0	2	0	0
2644	1	5	0	0
2645	1	5	0	0
2646	2	4	0	0
2647	1	2	0	0
2648	0	1	0	0
2649	2	3	0	0
2650	2	5	0	0
2651	2	2	0	0
2652	3	5	0	0
2653	1	3	0	0
2654	1	5	0	0
2655	2	4	0	0
2656	0	2	0	0
2657	0	2	0	0
2658	2	5	0	0
2659	0	3	0	0
2660	0	3	0	0
2661	0	2	0	0
2662	2	0	0	0
2663	2	3	0	0
2664	3	2	0	0
2665	3	3	0	0
2666	0	3	0	0
2667	1	2	0	0
2668	5	5	0	0
2669	1	2	0	0
2670	2	3	0	0
2671	0	6	0	0
2672	0	1	0	0
2673	3	1	0	0
2674	1	3	0	0
2675	1	4	0	0
2676	0	5	0	0
2677	1	3	0	0
2678	2	5	0	0
2679	2	3	0	0
2680	0	2	0	0
2681	1	0	0	0
2682	4	1	0	0
2683	2	3	0	0
2684	1	3	0	0
2685	4	0	0	0
2686	0	0	0	0
2687	3	2	0	0
2688	2	4	0	0
2689	1	4	0	0
2690	0	1	0	0
2691	3	2	0	0
2692	1	4	0	0
2693	3	4	0	0
2694	1	4	0	0
2695	0	2	0	0
2696	4	4	0	0
2697	0	3	0	0
2698	0	7	0	0
2699	3	7	0	0
2700	1	2	0	0
2701	0	6	0	0
2702	2	5	0	0
2703	1	5	0	0
2704	1	1	0	0
2705	0	2	0	0
2706	0	3	0	0
2707	2	5	0	0
2708	0	4	0	0
2709	1	3	0	0
2710	1	5	0	0
2711	0	2	0	0
2712	4	4	0	0
2713	3	6	0	0
2714	0	2	0	0
2715	0	3	0	0
2716	2	3	0	0
2717	1	1	0	0
2718	2	3	0	0
2719	0	4	0	0
2720	2	2	0	0
2721	1	4	0	0
2722	3	2	0	0
2723	1	3	0	0
2724	0	6	0	0
2725	3	4	0	0
2726	1	1	0	0
2727	2	6	0	0
2728	3	3	0	0
2729	3	3	0	0
2730	2	2	0	0
2731	2	1	0	0
2732	0	5	0	0
2733	0	4	0	0
2734	3	2	0	0
2735	1	6	0	0
2736	0	3	0	0
2737	0	2	0	0
2738	0	3	0	0
2739	1	2	0	0
2740	1	6	0	0
2741	1	6	0	0
2742	5	2	0	0
2743	2	2	0	0
2744	0	1	0	0
2745	0	2	0	0
2746	1	3	0	0
2747	1	2	0	0
2748	1	5	0	0
2749	0	3	0	0
2750	5	5	0	0
2751	2	3	0	0
2752	0	0	0	0
2753	2	2	0	0
2754	0	6	0	0
2755	2	5	0	0
2756	3	2	0	0
2757	3	1	0	0
2758	1	2	0	0
2759	2	6	0	0
2760	1	2	0	0
2761	0	4	0	0
2762	3	3	0	0
2763	3	5	0	0
2764	3	2	0	0
2765	0	5	0	0
2766	1	3	0	0
2767	2	7	0	0
2768	1	2	0	0
2769	1	7	0	0
2770	2	3	0	0
2771	1	4	0	0
2772	4	6	0	0
2773	2	5	0	0
2774	0	1	0	0
2775	1	3	0	0
2776	2	1	0	0
2777	3	2	0	0
2778	0	3	0	0
2779	1	6	0	0
2780	4	3	0	0
2781	3	6	0	0
2782	2	3	0	0
2783	0	4	0	0
2784	1	5	0	0
2785	3	2	0	0
2786	2	5	0	0
2787	0	3	0	0
2788	1	4	0	0
2789	2	4	0	0
2790	1	1	0	0
2791	0	1	0	0
2792	2	5	0	0
2793	4	3	0	0
2794	1	7	0	0
2795	0	4	0	0
2796	3	5	0	0
2797	1	3	0	0
2798	0	2	0	0
2799	1	3	0	0
2800	2	2	0	0
2801	1	4	0	0
2802	2	2	0	0
2803	4	2	0	0
2804	1	0	0	0
2805	0	5	0	0
2806	2	3	0	0
2807	1	4	0	0
2808	1	2	0	0
2809	2	4	0	0
2810	2	1	0	0
2811	1	1	0	0
2812	2	4	0	0
2813	3	2	0	0
2814	1	4	0	0
2815	0	3	0	0
2816	1	1	0	0
2817	2	4	0	0
2818	1	2	0	0
2819	1	4	0	0
2820	2	3	0	0
2821	2	2	0	0
2822	1	1	0	0
2823	2	3	0	0
2824	1	3	0	0
2825	1	2	0	0
2826	2	2	0	0
2827	1	2	0	0
2828	0	2	0	0
2829	0	3	0	0
2830	2	4	0	0
2831	2	2	0	0
2832	2	3	0	0
2833	3	3	0	0
2834	1	3	0	0
2835	3	0	0	0
2836	0	3	0	0
2837	1	1	0	0
2838	1	2	0	0
2839	2	1	0	0
2840	0	3	0	0
2841	4	2	0	0
2842	3	3	0	0
2843	2	2	0	0
2844	2	4	0	0
2845	2	2	0	0
2846	1	2	0	0
2847	2	1	0	0
2848	1	1	0	0
2849	1	1	0	0
2850	3	4	0	0
2851	0	3	0	0
2852	1	0	0	0
2853	3	5	0	0
2854	2	2	0	0
2855	3	3	0	0
2856	2	3	0	0
2857	1	2	0	0
2858	3	2	0	0
2859	3	4	0	0
2860	2	1	0	0
2861	1	6	0	0
2862	1	2	0	0
2863	1	2	0	0
2864	1	4	0	0
2865	3	5	0	0
2866	1	3	0	0
2867	3	2	0	0
2868	1	7	0	0
2869	0	5	0	0
2870	2	1	0	0
2871	0	1	0	0
2872	2	1	0	0
2873	2	0	0	0
2874	1	4	0	0
2875	0	5	0	0
2876	0	0	0	0
2877	3	4	0	0
2878	2	2	0	0
2879	2	2	0	0
2880	4	5	0	0
2881	2	4	0	0
2882	2	3	0	0
2883	2	3	0	0
2884	1	2	0	0
2885	0	0	0	0
2886	2	2	0	0
2887	1	3	0	0
2888	0	3	0	0
2889	1	2	0	0
2890	0	3	0	0
2891	2	3	0	0
2892	1	3	0	0
2893	1	2	0	0
2894	1	4	0	0
2895	1	2	0	0
2896	3	5	0	0
2897	2	2	0	0
2898	1	3	0	0
2899	0	2	0	0
2900	1	4	0	0
2901	0	6	0	0
2902	1	1	0	0
2903	1	2	0	0
2904	2	4	0	0
2905	2	1	0	0
2906	0	5	0	0
2907	0	0	0	0
2908	0	4	0	0
2909	2	1	0	0
2910	2	2	0	0
2911	2	0	0	0
2912	0	3	0	0
2913	1	4	0	0
2914	0	4	0	0
2915	2	1	0	0
2916	0	3	0	0
2917	0	1	0	0
2918	1	3	0	0
2919	4	2	0	0
2920	1	4	0	0
2921	0	1	0	0
2922	2	3	0	0
2923	0	1	0	0
2924	1	1	0	0
2925	2	4	0	0
2926	1	2	0	0
2927	3	2	0	0
2928	2	3	0	0
2929	2	4	0	0
2930	0	0	0	0
2931	0	3	0	0
2932	1	6	0	0
2933	4	3	0	0
2934	1	2	0	0
2935	0	1	0	0
2936	1	2	0	0
2937	2	5	0	0
2938	2	1	0	0
2939	2	1	0	0
2940	2	6	0	0
2941	0	6	0	0
2942	0	4	0	0
2943	3	3	0	0
2944	2	3	0	0
2945	0	2	0	0
2946	3	2	0	0
2947	2	1	0	0
2948	2	3	0	0
2949	2	2	0	0
2950	1	4	0	0
2951	1	3	0	0
2952	0	3	0	0
2953	1	2	0	0
2954	0	4	0	0
2955	1	3	0	0
2956	0	3	0	0
2957	0	3	0	0
2958	1	2	0	0
2959	0	7	0	0
2960	1	1	0	0
2961	0	2	0	0
2962	0	1	0	0
2963	1	5	0	0
2964	1	3	0	0
2965	0	1	0	0
2966	3	4	0	0
2967	1	4	0	0
2968	2	0	0	0
2969	0	3	0	0
2970	2	5	0	0
2971	5	4	0	0
2972	3	3	0	0
2973	0	1	0	0
2974	2	4	0	0
2975	0	1	0	0
2976	0	6	0	0
2977	1	2	0	0
2978	2	3	0	0
2979	3	1	0	0
2980	3	3	0	0
2981	2	4	0	0
2982	0	4	0	0
2983	2	6	0	0
2984	0	5	0	0
2985	1	1	0	0
2986	1	6	0	0
2987	2	1	0	0
2988	2	1	0	0
2989	0	4	0	0
2990	1	6	0	0
2991	1	0	0	0
2992	2	0	0	0
2993	0	5	0	0
2994	0	4	0	0
2995	1	3	0	0
2996	0	4	0	0
2997	0	2	0	0
2998	0	4	0	0
2999	1	3	0	0
3000	1	1	0	0
3001	3	2	0	0
3002	2	2	0	0
3003	1	4	0	0
3004	0	1	0	0
3005	0	3	0	0
3006	0	2	0	0
3007	1	5	0	0
3008	2	2	0	0
3009	2	3	0	0
3010	2	4	0	0
3011	3	0	0	0
3012	1	3	0	0
3013	2	1	0	0
3014	4	1	0	0
3015	1	2	0	0
3016	1	4	0	0
3017	0	2	0	0
3018	1	3	0	0
3019	0	2	0	0
3020	0	2	0	0
3021	1	4	0	0
3022	0	4	0	0
3023	0	4	0	0
3024	0	1	0	0
3025	0	1	0	0
3026	1	1	0	0
3027	2	3	0	0
3028	2	3	0	0
3029	1	0	0	0
3030	0	4	0	0
3031	2	2	0	0
3032	2	0	0	0
3033	0	4	0	0
3034	1	5	0	0
3035	0	1	0	0
3036	1	4	0	0
3037	3	2	0	0
3038	1	0	0	0
3039	1	1	0	0
3040	1	2	0	0
3041	1	3	0	0
3042	0	6	0	0
3043	2	3	0	0
3044	1	2	0	0
3045	3	2	0	0
3046	1	5	0	0
3047	2	4	0	0
3048	2	6	0	0
3049	1	2	0	0
3050	1	3	0	0
3051	4	4	0	0
3052	1	2	0	0
3053	0	4	0	0
3054	3	3	0	0
3055	2	2	0	0
3056	1	2	0	0
3057	2	3	0	0
3058	1	4	0	0
3059	2	3	0	0
3060	4	3	0	0
3061	1	3	0	0
3062	3	2	0	0
3063	0	3	0	0
3064	1	5	0	0
3065	0	5	0	0
3066	1	6	0	0
3067	1	3	0	0
3068	0	3	0	0
3069	1	2	0	0
3070	2	5	0	0
3071	2	2	0	0
3072	1	4	0	0
3073	2	1	0	0
3074	1	4	0	0
3075	1	3	0	0
3076	1	3	0	0
3077	1	2	0	0
3078	1	3	0	0
3079	0	3	0	0
3080	1	2	0	0
3081	2	5	0	0
3082	3	5	0	0
3083	0	1	0	0
3084	3	4	0	0
3085	2	2	0	0
3086	0	3	0	0
3087	0	5	0	0
3088	1	2	0	0
3089	2	1	0	0
3090	1	6	0	0
3091	1	0	0	0
3092	0	5	0	0
3093	2	3	0	0
3094	0	2	0	0
3095	1	8	0	0
3096	1	3	0	0
3097	2	0	0	0
3098	1	1	0	0
3099	1	3	0	0
3100	1	4	0	0
3101	0	0	0	0
3102	0	2	0	0
3103	2	1	0	0
3104	1	1	0	0
3105	1	2	0	0
3106	0	2	0	0
3107	2	1	0	0
3108	2	7	0	0
3109	1	5	0	0
3110	3	2	0	0
3111	0	3	0	0
3112	4	5	0	0
3113	1	4	0	0
3114	1	2	0	0
3115	3	4	0	0
3116	0	4	0	0
3117	4	3	0	0
3118	2	5	0	0
3119	1	2	0	0
3120	1	5	0	0
3121	1	3	0	0
3122	0	0	0	0
3123	1	0	0	0
3124	1	1	0	0
3125	2	1	0	0
3126	0	5	0	0
3127	0	3	0	0
3128	3	2	0	0
3129	1	4	0	0
3130	1	4	0	0
3131	0	3	0	0
3132	1	5	0	0
3133	0	3	0	0
3134	1	1	0	0
3135	0	2	0	0
3136	2	3	0	0
3137	0	3	0	0
3138	1	2	0	0
3139	0	3	0	0
3140	1	3	0	0
3141	1	1	0	0
3142	1	2	0	0
3143	3	4	0	0
3144	1	7	0	0
3145	1	1	0	0
3146	2	0	0	0
3147	1	4	0	0
3148	1	2	0	0
3149	2	5	0	0
3150	0	0	0	0
3151	0	1	0	0
3152	2	5	0	0
3153	1	5	0	0
3154	1	0	0	0
3155	1	2	0	0
3156	0	0	0	0
3157	0	2	0	0
3158	0	2	0	0
3159	0	2	0	0
3160	0	4	0	0
3161	3	3	0	0
3162	1	3	0	0
3163	0	3	0	0
3164	1	3	0	0
3165	0	2	0	0
3166	3	0	0	0
3167	1	5	0	0
3168	0	4	0	0
3169	1	0	0	0
3170	3	4	0	0
3171	0	3	0	0
3172	0	6	0	0
3173	0	2	0	0
3174	3	3	0	0
3175	0	0	0	0
3176	1	3	0	0
3177	1	7	0	0
3178	0	5	0	0
3179	1	1	0	0
3180	1	1	0	0
3181	2	3	0	0
3182	0	5	0	0
3183	3	2	0	0
3184	0	4	0	0
3185	0	5	0	0
3186	0	3	0	0
3187	2	1	0	0
3188	2	5	0	0
3189	2	1	0	0
3190	1	4	0	0
3191	2	3	0	0
3192	0	3	0	0
3193	0	5	0	0
3194	3	0	0	0
3195	2	4	0	0
3196	1	4	0	0
3197	0	1	0	0
3198	0	1	0	0
3199	0	6	0	0
3200	2	2	0	0
3201	1	2	0	0
3202	0	3	0	0
3203	0	2	0	0
3204	1	1	0	0
3205	0	3	0	0
3206	0	3	0	0
3207	1	2	0	0
3208	0	2	0	0
3209	1	1	0	0
3210	0	2	0	0
3211	0	3	0	0
3212	1	2	0	0
3213	2	2	0	0
3214	0	3	0	0
3215	1	3	0	0
3216	1	2	0	0
3217	0	6	0	0
3218	1	3	0	0
3219	0	5	0	0
3220	1	1	0	0
3221	0	2	0	0
3222	1	0	0	0
3223	1	2	0	0
3224	0	4	0	0
3225	1	2	0	0
3226	1	2	0	0
3227	2	1	0	0
3228	1	1	0	0
3229	2	1	0	0
3230	0	1	0	0
3231	0	2	0	0
3232	1	4	0	0
3233	0	1	0	0
3234	2	1	0	0
3235	5	1	0	0
3236	0	3	0	0
3237	1	1	0	0
3238	1	4	0	0
3239	2	2	0	0
3240	1	2	0	0
3241	2	2	0	0
3242	0	4	0	0
3243	2	2	0	0
3244	0	4	0	0
3245	1	1	0	0
3246	2	1	0	0
3247	0	3	0	0
3248	0	0	0	0
3249	1	2	0	0
3250	3	2	0	0
3251	1	2	0	0
3252	2	3	0	0
3253	3	2	0	0
3254	0	3	0	0
3255	3	1	0	0
3256	0	0	0	0
3257	1	2	0	0
3258	1	1	0	0
3259	2	2	0	0
3260	1	2	0	0
3261	1	3	0	0
3262	1	2	0	0
3263	1	2	0	0
3264	0	2	0	0
3265	3	8	0	0
3266	3	3	0	0
3267	0	4	0	0
3268	1	5	0	0
3269	0	3	0	0
3270	0	4	0	0
3271	2	1	0	0
3272	0	0	0	0
3273	1	2	0	0
3274	0	3	0	0
3275	1	3	0	0
3276	1	1	0	0
3277	3	2	0	0
3278	1	4	0	0
3279	0	6	0	0
3280	2	1	0	0
3281	0	3	0	0
3282	2	2	0	0
3283	1	4	0	0
3284	0	1	0	0
3285	1	1	0	0
3286	1	0	0	0
3287	1	3	0	0
3288	0	5	0	0
3289	1	2	0	0
3290	2	2	0	0
3291	1	2	0	0
3292	2	2	0	0
3293	1	0	0	0
3294	1	3	0	0
3295	2	4	0	0
3296	2	6	0	0
3297	0	4	0	0
3298	0	2	0	0
3299	1	6	0	0
3300	1	2	0	0
3301	1	6	0	0
3302	3	2	0	0
3303	3	3	0	0
3304	1	2	0	0
3305	1	1	0	0
3306	0	2	0	0
3307	1	3	0	0
3308	3	1	0	0
3309	0	0	0	0
3310	0	3	0	0
3311	0	2	0	0
3312	1	1	0	0
3313	2	2	0	0
3314	2	2	0	0
3315	1	2	0	0
3316	1	2	0	0
3317	1	4	0	0
3318	2	4	0	0
3319	2	2	0	0
3320	1	3	0	0
3321	0	3	0	0
3322	1	4	0	0
3323	1	5	0	0
3324	2	2	0	0
3325	0	1	0	0
3326	0	3	0	0
3327	2	1	0	0
3328	2	2	0	0
3329	0	4	0	0
3330	0	4	0	0
3331	2	2	0	0
3332	1	3	0	0
3333	1	3	0	0
3334	2	3	0	0
3335	2	4	0	0
3336	3	2	0	0
3337	1	1	0	0
3338	1	2	0	0
3339	0	1	0	0
3340	0	1	0	0
3341	1	1	0	0
3342	0	2	0	0
3343	0	5	0	0
3344	0	1	0	0
3345	2	1	0	0
3346	2	1	0	0
3347	1	4	0	0
3348	4	1	0	0
3349	1	0	0	0
3350	1	2	0	0
3351	1	3	0	0
3352	1	3	0	0
3353	3	2	0	0
3354	0	2	0	0
3355	4	3	0	0
3356	0	1	0	0
3357	1	1	0	0
3358	1	3	0	0
3359	0	1	0	0
3360	3	2	0	0
3361	2	2	0	0
3362	3	4	0	0
3363	0	5	0	0
3364	2	1	0	0
3365	1	2	0	0
3366	2	5	0	0
3367	3	1	0	0
3368	1	2	0	0
3369	3	2	0	0
3370	1	2	0	0
3371	0	3	0	0
3372	3	1	0	0
3373	2	3	0	0
3374	2	1	0	0
3375	1	4	0	0
3376	0	1	0	0
3377	1	4	0	0
3378	1	4	0	0
3379	1	3	0	0
3380	1	5	0	0
3381	1	2	0	0
3382	0	0	0	0
3383	0	5	0	0
3384	0	0	0	0
3385	1	2	0	0
3386	0	4	0	0
3387	1	3	0	0
3388	0	2	0	0
3389	0	4	0	0
3390	1	4	0	0
3391	0	3	0	0
3392	1	1	0	0
3393	4	3	0	0
3394	0	4	0	0
3395	1	2	0	0
3396	1	6	0	0
3397	0	2	0	0
3398	0	3	0	0
3399	0	3	0	0
3400	1	5	0	0
3401	0	2	0	0
3402	3	2	0	0
3403	2	0	0	0
3404	1	0	0	0
3405	0	4	0	0
3406	1	2	0	0
3407	1	2	0	0
3408	2	2	0	0
3409	2	2	0	0
3410	2	5	0	0
3411	2	5	0	0
3412	1	3	0	0
3413	2	4	0	0
3414	2	1	0	0
3415	1	2	0	0
3416	2	2	0	0
3417	0	4	0	0
3418	1	1	0	0
3419	1	2	0	0
3420	3	0	0	0
3421	0	2	0	0
3422	0	5	0	0
3423	3	1	0	0
3424	1	4	0	0
3425	0	3	0	0
3426	1	1	0	0
3427	2	3	0	0
3428	0	7	0	0
3429	2	2	0	0
3430	1	2	0	0
3431	0	3	0	0
3432	0	3	0	0
3433	1	5	0	0
3434	0	4	0	0
3435	0	1	0	0
3436	1	3	0	0
3437	0	2	0	0
3438	0	2	0	0
3439	0	1	0	0
3440	2	1	0	0
3441	0	2	0	0
3442	0	4	0	0
3443	3	3	0	0
3444	1	0	0	0
3445	1	2	0	0
3446	0	1	0	0
3447	0	2	0	0
3448	1	3	0	0
3449	0	1	0	0
3450	2	2	0	0
3451	2	3	0	0
3452	0	3	0	0
3453	2	3	0	0
3454	3	3	0	0
3455	2	2	0	0
3456	0	0	0	0
3457	2	1	0	0
3458	2	2	0	0
3459	2	1	0	0
3460	0	1	0	0
3461	2	0	0	0
3462	1	1	0	0
3463	1	1	0	0
3464	2	2	0	0
3465	0	1	0	0
3466	0	1	0	0
3467	3	2	0	0
3468	1	2	0	0
3469	0	0	0	0
3470	0	3	0	0
3471	1	4	0	0
3472	0	4	0	0
3473	0	1	0	0
3474	0	0	0	0
3475	2	3	0	0
3476	0	3	0	0
3477	0	5	0	0
3478	0	4	0	0
3479	2	2	0	0
3480	0	2	0	0
3481	0	2	0	0
3482	0	2	0	0
3483	2	1	0	0
3484	2	3	0	0
3485	0	0	0	0
3486	3	3	0	0
3487	2	3	0	0
3488	0	2	0	0
3489	0	4	0	0
3490	0	3	0	0
3491	0	1	0	0
3492	1	2	0	0
3493	2	3	0	0
3494	0	1	0	0
3495	0	2	0	0
3496	3	3	0	0
3497	2	1	0	0
3498	1	2	0	0
3499	0	4	0	0
3500	2	1	0	0
3501	1	2	0	0
3502	0	0	0	0
3503	0	2	0	0
3504	0	5	0	0
3505	1	3	0	0
3506	1	1	0	0
3507	0	2	0	0
3508	1	1	0	0
3509	0	3	0	0
3510	1	2	0	0
3511	0	2	0	0
3512	1	2	0	0
3513	0	1	0	0
3514	1	3	0	0
3515	3	2	0	0
3516	1	2	0	0
3517	1	2	0	0
3518	1	1	0	0
3519	1	2	0	0
3520	1	1	0	0
3521	0	1	0	0
3522	0	7	0	0
3523	0	1	0	0
3524	1	4	0	0
3525	0	1	0	0
3526	0	1	0	0
3527	0	1	0	0
3528	1	1	0	0
3529	2	3	0	0
3530	0	2	0	0
3531	0	1	0	0
3532	1	1	0	0
3533	0	2	0	0
3534	1	1	0	0
3535	1	1	0	0
3536	0	1	0	0
3537	0	3	0	0
3538	0	2	0	0
3539	0	1	0	0
3540	1	2	0	0
3541	0	1	0	0
3542	1	6	0	0
3543	0	1	0	0
3544	0	2	0	0
3545	0	3	0	0
3546	1	1	0	0
3547	1	4	0	0
3548	0	2	0	0
3549	0	0	0	0
3550	1	1	0	0
3551	0	2	0	0
3552	1	5	0	0
3553	0	3	0	0
3554	0	4	0	0
3555	0	0	0	0
3556	1	1	0	0
3557	2	3	0	0
3558	3	2	0	0
3559	1	1	0	0
3560	0	4	0	0
3561	0	3	0	0
3562	1	1	0	0
3563	0	4	0	0
3564	0	3	0	0
3565	1	2	0	0
3566	0	2	0	0
3567	1	4	0	0
3568	2	1	0	0
3569	0	1	0	0
3570	0	0	0	0
3571	0	2	0	0
3572	0	1	0	0
3573	0	0	0	0
3574	1	1	0	0
3575	0	1	0	0
3576	1	2	0	0
3577	1	2	0	0
3578	0	1	0	0
3579	0	3	0	0
3580	1	2	0	0
3581	0	3	0	0
3582	1	2	0	0
3583	1	2	0	0
3584	1	2	0	0
3585	0	0	0	0
3586	1	3	0	0
3587	1	0	0	0
3588	0	3	0	0
3589	1	3	0	0
3590	0	1	0	0
3591	0	1	0	0
3592	1	2	0	0
3593	1	3	0	0
3594	0	3	0	0
3595	2	2	0	0
3596	2	2	0	0
3597	1	5	0	0
3598	1	1	0	0
3599	0	0	0	0
3600	0	2	0	0
3601	0	1	0	0
3602	0	3	0	0
3603	0	2	0	0
3604	0	2	0	0
3605	2	3	0	0
3606	1	3	0	0
3607	1	2	0	0
3608	0	3	0	0
3609	1	0	0	0
3610	0	0	0	0
3611	0	4	0	0
3612	0	0	0	0
3613	1	2	0	0
3614	0	5	0	0
3615	0	3	0	0
3616	2	1	0	0
3617	1	2	0	0
3618	2	1	0	0
3619	1	0	0	0
3620	0	1	0	0
3621	0	4	0	0
3622	0	2	0	0
3623	0	0	0	0
3624	0	0	0	0
3625	2	4	0	0
3626	0	0	0	0
3627	1	1	0	0
3628	0	7	0	0
3629	0	7	0	0
3630	0	1	0	0
3631	1	2	0	0
3632	1	1	0	0
3633	0	1	0	0
3634	1	2	0	0
3635	1	2	0	0
3636	0	1	0	0
3637	1	1	0	0
3638	0	6	0	0
3639	1	3	0	0
3640	1	1	0	0
3641	0	2	0	0
3642	1	4	0	0
3643	0	2	0	0
3644	0	3	0	0
3645	2	4	0	0
3646	0	0	0	0
3647	2	2	0	0
3648	2	1	0	0
3649	2	1	0	0
3650	0	1	0	0
3651	1	2	0	0
3652	1	1	0	0
3653	0	1	0	0
3654	1	4	0	0
3655	1	1	0	0
3656	1	3	0	0
3657	1	6	0	0
3658	0	0	0	0
3659	1	1	0	0
3660	0	0	0	0
3661	1	3	0	0
3662	2	1	0	0
3663	1	1	0	0
3664	1	3	0	0
3665	0	0	0	0
3666	2	1	0	0
3667	1	2	0	0
3668	1	4	0	0
3669	2	1	0	0
3670	0	1	0	0
3671	0	2	0	0
3672	2	2	0	0
3673	2	1	0	0
3674	0	2	0	0
3675	1	3	0	0
3676	0	2	0	0
3677	2	1	0	0
3678	0	3	0	0
3679	0	0	0	0
3680	0	2	0	0
3681	2	2	0	0
3682	3	2	0	0
3683	0	1	0	0
3684	0	2	0	0
3685	2	2	0	0
3686	0	0	0	0
3687	0	1	0	0
3688	1	0	0	0
3689	1	1	0	0
3690	0	0	0	0
3691	1	1	0	0
3692	0	1	0	0
3693	0	0	0	0
3694	1	2	0	0
3695	2	2	0	0
3696	0	3	0	0
3697	1	2	0	0
3698	0	3	0	0
3699	1	3	0	0
3700	1	3	0	0
3701	1	2	0	0
3702	0	2	0	0
3703	2	2	0	0
3704	0	2	0	0
3705	1	3	0	0
3706	0	4	0	0
3707	0	1	0	0
3708	1	2	0	0
3709	0	1	0	0
3710	0	5	0	0
3711	1	3	0	0
3712	0	1	0	0
3713	0	2	0	0
3714	0	2	0	0
3715	1	3	0	0
3716	1	1	0	0
3717	1	3	0	0
3718	0	2	0	0
3719	1	0	0	0
3720	2	3	0	0
3721	0	0	0	0
3722	1	2	0	0
3723	0	2	0	0
3724	0	3	0	0
3725	1	0	0	0
3726	0	0	0	0
3727	1	0	0	0
3728	0	0	0	0
3729	2	3	0	0
3730	0	3	0	0
3731	0	0	0	0
3732	0	2	0	0
3733	1	2	0	0
3734	1	2	0	0
3735	0	4	0	0
3736	1	0	0	0
3737	0	2	0	0
3738	0	1	0	0
3739	1	3	0	0
3740	0	2	0	0
3741	0	4	0	0
3742	0	1	0	0
3743	0	1	0	0
3744	2	0	0	0
3745	0	2	0	0
3746	0	1	0	0
3747	4	4	0	0
3748	2	4	0	0
3749	0	3	0	0
3750	3	1	0	0
3751	3	2	0	0
3752	1	1	0	0
3753	1	1	0	0
3754	1	1	0	0
3755	0	3	0	0
3756	0	1	0	0
3757	2	1	0	0
3758	1	2	0	0
3759	0	3	0	0
3760	2	2	0	0
3761	1	0	0	0
3762	0	1	0	0
3763	0	1	0	0
3764	1	3	0	0
3765	0	6	0	0
3766	1	0	0	0
3767	1	1	0	0
3768	1	2	0	0
3769	1	4	0	0
3770	1	2	0	0
3771	1	1	0	0
3772	0	0	0	0
3773	0	1	0	0
3774	0	3	0	0
3775	1	0	0	0
3776	0	4	0	0
3777	0	4	0	0
3778	2	2	0	0
3779	0	1	0	0
3780	1	1	0	0
3781	1	2	0	0
3782	0	2	0	0
3783	0	1	0	0
3784	0	1	0	0
3785	0	2	0	0
3786	2	0	0	0
3787	0	1	0	0
3788	0	0	0	0
3789	2	2	0	0
3790	0	2	0	0
3791	1	2	0	0
3792	0	3	0	0
3793	0	1	0	0
3794	0	3	0	0
3795	0	0	0	0
3796	1	0	0	0
3797	2	0	0	0
3798	1	0	0	0
3799	0	0	0	0
3800	0	0	0	0
3801	1	2	0	0
3802	0	2	0	0
3803	1	3	0	0
3804	2	1	0	0
3805	1	1	0	0
3806	1	2	0	0
3807	0	3	0	0
3808	1	3	0	0
3809	0	2	0	0
3810	0	2	0	0
3811	0	1	0	0
3812	0	2	0	0
3813	2	0	0	0
3814	2	1	0	0
3815	0	1	0	0
3816	0	0	0	0
3817	1	1	0	0
3818	2	1	0	0
3819	2	1	0	0
3820	0	2	0	0
3821	0	1	0	0
3822	2	0	0	0
3823	0	2	0	0
3824	1	3	0	0
3825	0	0	0	0
3826	0	0	0	0
3827	1	2	0	0
3828	2	1	0	0
3829	0	1	0	0
3830	1	1	0	0
3831	1	3	0	0
3832	0	1	0	0
3833	0	3	0	0
3834	1	1	0	0
3835	1	1	0	0
3836	1	2	0	0
3837	1	1	0	0
3838	0	1	0	0
3839	2	1	0	0
3840	1	3	0	0
3841	1	3	0	0
3842	1	0	0	0
3843	0	1	0	0
3844	2	2	0	0
3845	1	4	0	0
3846	2	3	0	0
3847	1	1	0	0
3848	2	0	0	0
3849	0	3	0	0
3850	1	2	0	0
3851	1	0	0	0
3852	1	2	0	0
3853	0	4	0	0
3854	0	4	0	0
3855	2	5	0	0
3856	1	1	0	0
3857	1	4	0	0
3858	0	3	0	0
3859	2	2	0	0
3860	0	0	0	0
3861	0	0	0	0
3862	0	3	0	0
3863	0	1	0	0
3864	0	2	0	0
3865	1	2	0	0
3866	0	3	0	0
3867	2	1	0	0
3868	0	2	0	0
3869	1	3	0	0
3870	1	1	0	0
3871	2	0	0	0
3872	1	3	0	0
3873	2	2	0	0
3874	1	1	0	0
3875	0	2	0	0
3876	1	1	0	0
3877	1	2	0	0
3878	1	0	0	0
3879	0	2	0	0
3880	1	0	0	0
3881	0	1	0	0
3882	0	1	0	0
3883	0	3	0	0
3884	2	6	0	0
3885	1	3	0	0
3886	2	2	0	0
3887	0	2	0	0
3888	0	0	0	0
3889	0	4	0	0
3890	2	2	0	0
3891	1	1	0	0
3892	1	2	0	0
3893	0	1	0	0
3894	1	0	0	0
3895	3	1	0	0
3896	1	2	0	0
3897	0	4	0	0
3898	0	0	0	0
3899	1	0	0	0
3900	0	2	0	0
3901	0	4	0	0
3902	0	0	0	0
3903	0	1	0	0
3904	0	2	0	0
3905	2	3	0	0
3906	0	2	0	0
3907	0	3	0	0
3908	1	3	0	0
3909	1	1	0	0
3910	0	3	0	0
3911	0	3	0	0
3912	1	1	0	0
3913	1	1	0	0
3914	0	2	0	0
3915	0	2	0	0
3916	0	1	0	0
3917	0	3	0	0
3918	2	0	0	0
3919	1	0	0	0
3920	1	0	0	0
3921	1	4	0	0
3922	2	3	0	0
3923	0	1	0	0
3924	0	2	0	0
3925	1	1	0	0
3926	1	0	0	0
3927	1	0	0	0
3928	2	0	0	0
3929	1	0	0	0
3930	0	1	0	0
3931	1	1	0	0
3932	1	1	0	0
3933	0	3	0	0
3934	1	2	0	0
3935	0	4	0	0
3936	1	1	0	0
3937	0	0	0	0
3938	2	1	0	0
3939	0	1	0	0
3940	2	3	0	0
3941	1	4	0	0
3942	0	0	0	0
3943	0	0	0	0
3944	1	1	0	0
3945	1	2	0	0
3946	0	3	0	0
3947	0	1	0	0
3948	1	1	0	0
3949	2	2	0	0
3950	0	2	0	0
3951	0	2	0	0
3952	0	0	0	0
3953	0	0	0	0
3954	1	4	0	0
3955	0	1	0	0
3956	3	0	0	0
3957	1	1	0	0
3958	1	3	0	0
3959	0	2	0	0
3960	0	1	0	0
3961	0	1	0	0
3962	0	3	0	0
3963	0	1	0	0
3964	0	1	0	0
3965	1	0	0	0
3966	0	1	0	0
3967	3	1	0	0
3968	0	1	0	0
3969	1	2	0	0
3970	1	0	0	0
3971	3	0	0	0
3972	0	0	0	0
3973	0	2	0	0
3974	0	1	0	0
3975	2	1	0	0
3976	1	1	0	0
3977	0	0	0	0
3978	1	1	0	0
3979	2	4	0	0
3980	0	0	0	0
3981	0	2	0	0
3982	0	2	0	0
3983	1	2	0	0
3984	1	3	0	0
3985	0	1	0	0
3986	2	1	0	0
3987	1	0	0	0
3988	0	0	0	0
3989	0	1	0	0
3990	0	2	0	0
3991	0	0	0	0
3992	0	2	0	0
3993	1	1	0	0
3994	0	1	0	0
3995	1	0	0	0
3996	0	2	0	0
3997	1	4	0	0
3998	0	1	0	0
3999	1	0	0	0
4000	0	1	0	0
4001	1	1	0	0
4002	0	0	0	0
4003	0	0	0	0
4004	2	1	0	0
4005	0	2	0	0
4006	0	0	0	0
4007	1	4	0	0
4008	0	1	0	0
4009	1	3	0	0
4010	1	2	0	0
4011	0	0	0	0
4012	0	1	0	0
4013	0	3	0	0
4014	0	2	0	0
4015	2	0	0	0
4016	3	2	0	0
4017	1	2	0	0
4018	2	2	0	0
4019	0	1	0	0
4020	0	2	0	0
4021	1	3	0	0
4022	1	1	0	0
4023	2	1	0	0
4024	3	1	0	0
4025	0	2	0	0
4026	1	1	0	0
4027	0	3	0	0
4028	0	2	0	0
4029	0	2	0	0
4030	0	0	0	0
4031	1	2	0	0
4032	0	3	0	0
4033	2	1	0	0
4034	1	2	0	0
4035	1	1	0	0
4036	0	1	0	0
4037	2	3	0	0
4038	0	1	0	0
4039	1	1	0	0
4040	0	3	0	0
4041	0	2	0	0
4042	1	0	0	0
4043	2	0	0	0
4044	0	1	0	0
4045	1	1	0	0
4046	1	0	0	0
4047	1	3	0	0
4048	0	4	0	0
4049	0	1	0	0
4050	0	2	0	0
4051	1	1	0	0
4052	3	1	0	0
4053	0	1	0	0
4054	0	2	0	0
4055	0	0	0	0
4056	1	0	0	0
4057	1	1	0	0
4058	0	2	0	0
4059	1	2	0	0
4060	1	3	0	0
4061	1	3	0	0
4062	0	1	0	0
4063	3	1	0	0
4064	0	0	0	0
4065	2	2	0	0
4066	0	1	0	0
4067	1	1	0	0
4068	3	2	0	0
4069	1	4	0	0
4070	0	3	0	0
4071	0	2	0	0
4072	0	0	0	0
4073	0	0	0	0
4074	0	3	0	0
4075	0	0	0	0
4076	0	2	0	0
4077	0	1	0	0
4078	0	1	0	0
4079	0	2	0	0
4080	0	2	0	0
4081	1	3	0	0
4082	1	1	0	0
4083	0	0	0	0
4084	1	3	0	0
4085	0	0	0	0
4086	0	3	0	0
4087	1	0	0	0
4088	0	2	0	0
4089	3	0	0	0
4090	0	0	0	0
4091	0	1	0	0
4092	0	1	0	0
4093	1	1	0	0
4094	1	0	0	0
4095	0	1	0	0
4096	0	0	0	0