A;B;C
320;300;5.224,560604527921
325;300;6.890,978003454315
330;300;10.326,80141647071
335;300;12.451,29062436012
340;300;18.009,00960647166
345;300;21.464,89540403621
350;300;26.705,29175140602
355;300;35.643,74884214868
360;300;40.573,47218037579
365;300;44.781,09740546311
370;300;56.478,12709425148
375;300;64.275,03605323879
380;300;72.272,61659190737
385;300;80.437,28107149355
390;300;84.761,45202425124
395;300;93.347,43365701691
400;300;95.614,35496250316
405;300;96.416,7949555895
410;300;97.852,87242067316
415;300;79.964,86543981935
420;300;78.300,61365263294
425;300;101.192,5652725738
430;300;118.747,20690624
435;300;126.921,4695568575
440;300;126.877,5783903176
445;300;124.523,255400643
450;300;126.872,4516286281
455;300;126.004,7807815139
460;300;121.829,8341947387
465;300;118.745,4195848806
470;300;116.143,9507972178
475;300;109.085,0725613033
480;300;103.283,6030270157
485;300;98.690,01598725641
490;300;96.004,87975177159
495;300;90.795,17749151505
500;300;84.145,90521746028
505;300;78.558,8375174986
510;300;74.327,27648123189
515;300;67.690,06916552881
520;300;64.606,23913520859
525;300;60.331,70552454283
530;300;55.302,6017696871
535;300;51.505,75592030619
540;300;48.117,25996094115
545;300;41.593,8387334049
550;300;37.432,38257526144
555;300;35.855,38311093869
560;300;31.968,33120555527
565;300;27.617,76180285181
570;300;25.160,90783623608
575;300;23.169,9791239899
580;300;20.233,97844680015
585;300;18.882,43139236514
590;300;17.205,60378841443
595;300;16.331,55506778433
600;300;26.317,77860223451
320;305;4.222,522882507376
325;305;6.049,164929332748
330;305;10.190,46921800696
335;305;15.171,37210189141
340;305;18.749,58828422631
345;305;25.520,43297714502
350;305;34.189,98470149477
355;305;44.210,18401056817
360;305;51.736,14567770637
365;305;62.592,50908126216
370;305;74.548,96050355806
375;305;83.519,45152572537
380;305;95.486,59700215545
385;305;103.810,3099522811
390;305;112.229,6219831622
395;305;119.078,2457912098
400;305;124.537,1426322435
405;305;129.505,8610241342
410;305;120.729,762999368
415;305;103.264,3044455794
420;305;100.196,1269878369
425;305;124.988,659511386
430;305;151.026,2082072082
435;305;156.699,3403447509
440;305;154.499,8628415655
445;305;152.670,3206068065
450;305;154.889,84290989
455;305;148.508,6261093128
460;305;146.698,991299665
465;305;140.393,846840034
470;305;132.436,7754089243
475;305;130.524,9735331751
480;305;123.011,070084298
485;305;117.489,7286133008
490;305;109.373,4544234477
495;305;108.248,2925578281
500;305;100.726,3398994119
505;305;92.733,37042744129
510;305;86.813,83792427124
515;305;80.059,59169215651
520;305;73.981,03769076621
525;305;69.874,70008670651
530;305;64.167,09127570687
535;305;58.354,33321716838
540;305;55.201,15016682737
545;305;48.910,94995027368
550;305;45.454,08106398513
555;305;40.158,91576260047
560;305;35.829,55989540996
565;305;34.125,33968407043
570;305;29.748,1085448832
575;305;26.528,08512054476
580;305;24.166,7997245431
585;305;20.973,46801949207
590;305;19.853,26429404708
595;305;16.734,68379723463
600;305;15.136,5774012026
320;310;3.515,81267583015
325;310;5.832,766937227475
330;310;9.663,240746749996
335;310;14.537,63599971779
340;310;21.828,42523969023
345;310;28.252,32741168547
350;310;40.410,77359864827
355;310;52.285,81597236684
360;310;64.131,1047663604
365;310;78.228,41965236621
370;310;93.809,22595186619
375;310;108.840,6749154948
380;310;120.717,9310384018
385;310;137.282,9367436989
390;310;152.814,2511648353
395;310;160.329,9118527995
400;310;164.210,4575214908
405;310;165.219,6685420932
410;310;158.349,0730470131
415;310;128.450,2849559736
420;310;122.004,4015211856
425;310;157.898,8583036803
430;310;187.054,6152236637
435;310;194.884,4406818943
440;310;196.321,6451782939
445;310;192.171,2813607296
450;310;187.517,4922361448
455;310;187.383,7533614109
460;310;181.295,7814051038
465;310;170.839,9476056325
470;310;164.444,7860155469
475;310;157.459,767068801
480;310;146.564,8752610725
485;310;138.248,0307977528
490;310;129.730,9182848356
495;310;124.638,9591505326
500;310;117.100,7539025182
505;310;109.736,5454260995
510;310;99.813,79917889666
515;310;93.062,48823726909
520;310;86.368,19146518003
525;310;81.001,70568832839
530;310;73.570,18322352777
535;310;68.920,53062640894
540;310;61.505,12215109202
545;310;55.415,43509300264
550;310;51.044,64021242779
555;310;46.415,65503066405
560;310;42.821,05063672085
565;310;37.502,21487381636
570;310;33.592,43351751877
575;310;30.648,15641047147
580;310;26.389,08061828236
585;310;24.042,08900414103
590;310;21.946,11541794538
595;310;19.977,16933147557
600;310;17.546,13249129003
320;315;2.878,246245629182
325;315;4.755,754069942578
330;315;8.335,013460020804
335;315;13.289,37634937701
340;315;21.886,74204618271
345;315;32.015,6969412871
350;315;43.506,43061845835
355;315;59.586,76556797193
360;315;78.394,41164386785
365;315;94.630,29020196511
370;315;116.746,7315824635
375;315;140.425,8553261199
380;315;157.118,4900055171
385;315;179.752,1809609528
390;315;192.736,8657000005
395;315;204.750,425459934
400;315;213.723,5353367295
405;315;212.935,4452646073
410;315;202.293,8256986427
415;315;165.735,5581670154
420;315;158.671,3820437379
425;315;203.250,1557441423
430;315;235.710,6650308315
435;315;239.432,3591978885
440;315;243.168,7365480371
445;315;238.026,2253366851
450;315;234.027,5705166766
455;315;230.077,147961043
460;315;218.593,3277314341
465;315;212.499,1537750998
470;315;198.988,5893362767
475;315;185.392,412967934
480;315;177.035,3425805076
485;315;166.713,7788794354
490;315;157.936,3692702922
495;315;147.174,025034149
500;315;139.170,9956866656
505;315;131.331,3183628466
510;315;120.219,7364229455
515;315;109.995,5029012133
520;315;100.656,1660978759
525;315;96.457,54847695473
530;315;88.859,09776608167
535;315;80.242,64426426285
540;315;73.834,11734861878
545;315;66.488,14743882189
550;315;59.354,30135927812
555;315;56.412,92028245627
560;315;48.996,99450131185
565;315;44.613,0059004789
570;315;39.702,34690803787
575;315;35.610,03128400369
580;315;31.074,66574140681
585;315;28.212,02689987074
590;315;24.550,14673747412
595;315;21.854,89265457308
600;315;20.792,33105966802
320;320;77.902,63560693315
325;320;4.266,544755909215
330;320;7.115,563091898365
335;320;12.570,2092352421
340;320;21.166,08020522498
345;320;33.233,37964465722
350;320;48.919,54677907658
355;320;66.896,66918387734
360;320;89.843,74988664848
365;320;113.074,9272308571
370;320;141.727,6611958173
375;320;166.778,1381745837
380;320;195.522,6248709394
385;320;222.173,5890371998
390;320;244.870,4070256737
395;320;264.447,7700653432
400;320;269.471,9712038664
405;320;274.004,3790966246
410;320;256.690,1540404108
415;320;211.318,0170770887
420;320;204.012,7598017236
425;320;257.571,1800428426
430;320;301.899,878733647
435;320;309.521,0439871695
440;320;303.950,2641125796
445;320;293.747,0278172978
450;320;289.755,0712025453
455;320;279.239,9835963256
460;320;269.022,4777971419
465;320;252.468,5493765787
470;320;241.870,7541499219
475;320;223.513,8734843382
480;320;209.711,048639055
485;320;203.143,0058328143
490;320;189.876,5932430598
495;320;174.284,7696701414
500;320;168.553,7229156059
505;320;150.474,0252004162
510;320;139.866,6136454737
515;320;131.215,1511054082
520;320;121.773,3693086941
525;320;114.240,1813799857
530;320;104.427,391700347
535;320;95.124,41396145811
540;320;84.912,65072162826
545;320;78.266,48722869426
550;320;71.514,81547871466
555;320;64.842,98070961692
560;320;59.051,82172155215
565;320;52.787,08324692099
570;320;45.400,12903870417
575;320;42.595,04296416109
580;320;36.828,68744691895
585;320;32.076,83492791966
590;320;29.350,76824945443
595;320;26.995,37194040048
600;320;21.415,93330886956
320;325;2.177,238257519349
325;325;91.456,79250770417
330;325;6.023,024475150418
335;325;10.369,34973706785
340;325;19.484,48155452844
345;325;31.585,28739781591
350;325;47.984,11518884059
355;325;70.945,65762266396
360;325;97.845,17391146823
365;325;125.118,1512776402
370;325;162.330,1437867588
375;325;197.720,0765596105
380;325;232.303,1590007928
385;325;266.970,4874611862
390;325;303.106,2080974582
395;325;327.905,3135294651
400;325;335.798,3165501794
405;325;347.054,1137619189
410;325;329.706,0816698234
415;325;271.063,8328812848
420;325;260.923,8248139896
425;325;324.779,0016640699
430;325;377.356,1209370154
435;325;390.731,156899086
440;325;377.787,2096755601
445;325;369.583,5701494797
450;325;357.809,9245071407
455;325;345.416,7920428257
460;325;330.798,6517590187
465;325;310.849,3623200869
470;325;293.490,9451380274
475;325;274.203,7157535735
480;325;256.859,0447364412
485;325;242.397,7543409938
490;325;227.755,2243754044
495;325;209.833,2750060854
500;325;199.190,3475508411
505;325;181.328,9482925357
510;325;165.488,9783364122
515;325;153.134,3204960088
520;325;141.847,7797786109
525;325;130.397,5228414579
530;325;122.260,9415480261
535;325;112.232,9178830926
540;325;101.197,6796291335
545;325;92.342,1546533201
550;325;83.031,38098175006
555;325;74.360,38249971485
560;325;69.420,92404597516
565;325;59.324,747816545
570;325;54.402,87356658305
575;325;48.917,98849621244
580;325;41.612,04873326344
585;325;37.016,28211190541
590;325;33.286,71312888263
595;325;29.722,01362077109
600;325;27.191,738269394
320;330;1.623,240147938435
325;330;2.335,193946869938
330;330;127.291,5410556086
335;330;8.351,624958543154
340;330;14.158,8956257316
345;330;26.418,39401614989
350;330;44.868,008319006
355;330;67.617,18461046502
360;330;95.218,20503803699
365;330;131.337,1012177069
370;330;172.718,3556532916
375;330;219.356,3456332081
380;330;263.296,341612464
385;330;310.305,1611752649
390;330;352.224,2161442665
395;330;384.378,9924522859
400;330;407.881,5969120461
405;330;420.714,3087247775
410;330;397.498,3466906763
415;330;330.951,9290368109
420;330;321.756,0050929851
425;330;404.914,7001552001
430;330;460.491,6326940983
435;330;481.137,6537166185
440;330;470.429,7721688884
445;330;453.101,1499888992
450;330;440.386,4549492506
455;330;422.973,740187184
460;330;403.518,5104126488
465;330;376.650,7412361875
470;330;355.178,3567217634
475;330;329.964,2118731496
480;330;313.482,4146532337
485;330;291.761,2579620433
490;330;271.309,3651198391
495;330;249.931,3477050367
500;330;233.199,0359877281
505;330;216.032,3683948921
510;330;197.845,7357580027
515;330;182.482,9409480919
520;330;165.679,4129395809
525;330;153.630,1169321086
530;330;141.566,6750092309
535;330;129.491,7836498724
540;330;118.729,4251236426
545;330;105.404,6082010141
550;330;93.400,85938812466
555;330;85.663,16525269151
560;330;77.119,03966190889
565;330;70.099,44810566246
570;330;60.128,73411925943
575;330;56.575,27043050477
580;330;48.199,14527045796
585;330;43.823,60634898533
590;330;37.743,59196617358
595;330;36.274,66498631239
600;330;30.792,25297637244
320;335;1.429,245004876298
325;335;1.792,662196625612
330;335;2.947,437854092246
335;335;170.823,7690137798
340;335;10.794,7003500251
345;335;19.443,54747418235
350;335;35.112,35775541732
355;335;57.647,48431367135
360;335;86.956,88482229
365;335;127.789,8870549172
370;335;176.772,3683880968
375;335;228.413,7615784809
380;335;283.724,1029505766
385;335;338.733,5597657471
390;335;399.832,464503007
395;335;437.866,3170615392
400;335;471.168,677198787
405;335;496.316,8864872956
410;335;473.309,7131517782
415;335;398.793,4796470891
420;335;380.938,7005200335
425;335;479.762,9654846342
430;335;555.648,4812712171
435;335;566.710,3448624247
440;335;561.648,5638900769
445;335;549.031,1521961733
450;335;529.138,087155655
455;335;506.950,1366888403
460;335;481.736,0640182837
465;335;453.134,692499335
470;335;422.602,468541529
475;335;396.053,8148112771
480;335;365.332,3594938151
485;335;341.785,3318302014
490;335;318.196,5013060357
495;335;295.428,7885674692
500;335;272.539,2742629243
505;335;248.893,5069470572
510;335;227.698,6366271617
515;335;208.659,6399860457
520;335;194.340,5868353168
525;335;177.423,0027844723
530;335;163.872,9081479487
535;335;148.517,0091090246
540;335;134.966,5766027573
545;335;122.037,3431877299
550;335;108.632,5060254386
555;335;98.372,19081410771
560;335;88.207,8252849454
565;335;80.066,97415606536
570;335;71.315,4257531332
575;335;62.904,13382149166
580;335;56.537,90047860277
585;335;50.714,15976008833
590;335;44.225,71881842803
595;335;38.651,11874197173
600;335;33.857,89314365387
320;340;1.367,084534405479
325;340;1.231,482747264428
330;340;1.555,165270984949
335;340;3.287,651779041239
340;340;230.410,7295414213
345;340;13.695,57808064563
350;340;24.654,18410055216
355;340;43.701,80126864475
360;340;72.206,39545571755
365;340;110.664,5402673796
370;340;159.327,4496297527
375;340;217.231,3529026561
380;340;284.766,6222661264
385;340;348.426,0625794537
390;340;412.606,6477205397
395;340;469.538,2408240596
400;340;513.546,9858772653
405;340;540.865,4062152101
410;340;528.552,4393508744
415;340;445.271,2013962577
420;340;431.036,8763865198
425;340;546.354,7112285928
430;340;637.494,5127507948
435;340;658.801,7829110373
440;340;646.404,0504832898
445;340;631.209,0431787699
450;340;605.440,1366806575
455;340;590.651,8578008772
460;340;556.796,5520861304
465;340;514.620,2424783218
470;340;485.970,3215460745
475;340;450.329,2897184717
480;340;419.789,5691927174
485;340;393.766,7502211677
490;340;363.866,512814539
495;340;337.076,3186225786
500;340;310.446,2599570566
505;340;287.822,7898222927
510;340;265.495,0900396322
515;340;240.561,9304420402
520;340;220.771,2143095201
525;340;201.942,6371565812
530;340;185.036,9632109768
535;340;164.930,8018418739
540;340;149.722,1041988019
545;340;135.159,6832620122
550;340;122.247,9931964388
555;340;109.599,3427065174
560;340;98.621,5587153925
565;340;89.750,79366458519
570;340;77.987,62323665022
575;340;68.849,19130965302
580;340;62.264,93929336951
585;340;54.991,42400222641
590;340;50.747,00075771148
595;340;44.108,20978656551
600;340;39.841,85204178753
320;345;1.518,612223570078
325;345;1.456,605789736635
330;345;1.358,374674882422
335;345;1.859,552214789589
340;345;3.879,741698725394
345;345;283.595,0522463974
350;345;16.811,60881375524
355;345;30.918,26366525036
360;345;55.096,62095634481
365;345;88.187,63224705041
370;345;135.476,9605384638
375;345;195.667,6833046476
380;345;262.868,0470206133
385;345;342.491,4795309535
390;345;411.302,5898752972
395;345;475.808,5844139861
400;345;522.732,5648225078
405;345;565.858,8084770326
410;345;561.281,9779767139
415;345;472.111,2182334288
420;345;466.755,2741302651
425;345;592.557,1848702098
430;345;693.928,2566813389
435;345;722.040,5102860414
440;345;717.019,759704664
445;345;692.798,5773376152
450;345;669.363,0647837206
455;345;650.392,0754641329
460;345;618.495,3713870563
465;345;578.531,479849837
470;345;544.444,6345091532
475;345;505.581,9198573214
480;345;462.262,5187466327
485;345;433.582,9784597821
490;345;404.048,4190410273
495;345;376.466,992084367
500;345;346.414,1978447767
505;345;314.643,8247514383
510;345;291.158,4600921749
515;345;265.216,3624970436
520;345;242.714,01922333
525;345;223.203,841084903
530;345;201.529,2065036216
535;345;182.947,7154108408
540;345;164.846,9639867487
545;345;144.562,2306430736
550;345;133.847,5734298328
555;345;119.541,7274704919
560;345;104.954,3808479384
565;345;94.578,04723446482
570;345;84.189,23209833933
575;345;76.152,25791741692
580;345;65.534,59440084652
585;345;58.949,74694963102
590;345;52.997,09334551288
595;345;46.243,29181201864
600;345;42.310,57481302255
320;350;1.236,062117838156
325;350;1.429,714277869846
330;350;1.551,345247211217
335;350;1.130,293037024516
340;350;1.706,699934740282
345;350;4.685,318840194714
350;350;367.750,3506377151
355;350;21.549,33477342809
360;350;37.775,97829473372
365;350;66.777,97437184927
370;350;107.958,5768282673
375;350;163.416,678363883
380;350;231.482,6278853287
385;350;305.169,2411708708
390;350;394.491,8097532708
395;350;458.672,6853373253
400;350;518.723,1737469468
405;350;564.435,9294861151
410;350;570.860,4619488905
415;350;492.343,0549198633
420;350;493.203,6531900653
425;350;627.179,136558168
430;350;742.934,7920306846
435;350;770.617,0970286393
440;350;771.400,3146228116
445;350;748.028,3924998195
450;350;727.180,5916883904
455;350;709.721,7616505225
460;350;670.335,9403548412
465;350;632.393,5028388387
470;350;593.796,1125114517
475;350;554.668,4666424752
480;350;515.056,9223634481
485;350;472.571,2657213956
490;350;441.561,2665932223
495;350;405.491,9628609261
500;350;374.621,0012845465
505;350;339.475,0660617203
510;350;313.115,9676387726
515;350;288.276,894597911
520;350;260.960,6730961691
525;350;238.959,0164605454
530;350;216.685,7437962694
535;350;196.799,8102842607
540;350;179.345,3225665597
545;350;161.073,8958942262
550;350;142.990,2731640394
555;350;128.816,261596076
560;350;115.701,509317124
565;350;101.013,2262002582
570;350;91.031,80410828073
575;350;81.997,32278552042
580;350;70.305,48108161075
585;350;62.439,04744100251
590;350;55.286,06258011041
595;350;49.887,24250899339
600;350;43.995,2465946768
320;355;1.270,536848848745
325;355;1.119,968227948942
330;355;1.355,316193411161
335;355;1.339,343447856467
340;355;1.575,215492437656
345;355;2.399,350572884371
350;355;5.744,276055216735
355;355;478.882,1478306516
360;355;24.906,39536529673
365;355;45.518,24112669293
370;355;81.777,65026609795
375;355;132.368,3404309266
380;355;197.818,2447425846
385;355;272.781,7389608738
390;355;352.722,7228424219
395;355;433.095,3778101432
400;355;495.613,2835558809
405;355;553.638,0465675314
410;355;565.882,6995375921
415;355;497.217,4869120238
420;355;498.841,6402094096
425;355;650.334,070034519
430;355;768.582,6466610188
435;355;809.674,768887203
440;355;820.926,992810722
445;355;808.176,4458939214
450;355;790.479,7461120602
455;355;765.232,9326812226
460;355;735.761,4931685237
465;355;693.094,896818144
470;355;648.037,9308577277
475;355;603.719,3305182495
480;355;559.247,0821507523
485;355;524.163,4150330756
490;355;483.428,7169976189
495;355;444.975,2116799254
500;355;406.613,5834663529
505;355;373.511,1677352873
510;355;343.774,0018989177
515;355;308.975,5137691209
520;355;282.516,9697459314
525;355;261.094,2063194122
530;355;237.374,7507981409
535;355;213.152,5576804537
540;355;192.640,2418498086
545;355;173.329,0146906324
550;355;153.505,7895154714
555;355;139.754,6117601108
560;355;123.576,2966611721
565;355;111.972,4301014543
570;355;98.314,73671118804
575;355;86.613,34856945896
580;355;76.466,74872090991
585;355;68.390,98546624166
590;355;59.560,4084685507
595;355;53.227,22500930875
600;355;46.694,87605780383
320;360;1.195,783728417808
325;360;1.400,367166466564
330;360;1.062,212345485659
335;360;1.277,999730264267
340;360;1.420,543406714057
345;360;1.501,824701576331
350;360;2.558,61381858989
355;360;6.875,943019472891
360;360;639.801,7764823246
365;360;32.621,20764330254
370;360;58.435,94645092439
375;360;98.630,9473350578
380;360;158.925,7371791468
385;360;230.131,5270319431
390;360;309.744,3233753453
395;360;385.225,1968979109
400;360;463.219,216955989
405;360;531.049,6720861547
410;360;554.915,5494655771
415;360;494.485,91319081
420;360;505.847,1510897049
425;360;661.707,3660062529
430;360;789.623,3759842723
435;360;846.379,4164672348
440;360;854.003,8086113923
445;360;846.066,1886402183
450;360;839.761,4793912394
455;360;820.165,6657864181
460;360;774.693,5771748682
465;360;746.610,9774317336
470;360;694.709,1220622193
475;360;651.438,1817746193
480;360;601.483,3332177507
485;360;567.843,4914426146
490;360;524.623,9944322089
495;360;485.283,689598667
500;360;444.656,3969854533
505;360;405.035,2573778508
510;360;371.021,2376769739
515;360;337.616,4712874589
520;360;308.873,8212564589
525;360;283.225,5985099286
530;360;256.062,8920909475
535;360;233.292,735613883
540;360;209.312,1121636955
545;360;187.118,7370776283
550;360;167.019,1435415807
555;360;148.681,140211957
560;360;131.661,0320014988
565;360;116.753,7801728147
570;360;106.847,2619614355
575;360;93.378,50347549093
580;360;81.717,77381665484
585;360;72.003,66648071157
590;360;64.831,30525470152
595;360;58.363,00653362588
600;360;50.120,44827468608
320;365;1.137,735383512806
325;365;1.171,76667359245
330;365;1.270,919100513943
335;365;1.291,495672696389
340;365;1.170,657505588103
345;365;1.248,527790369573
350;365;1.671,84249647843
355;365;2.861,94586758854
360;365;8.405,42367718638
365;365;815.676,9840000431
370;365;40.134,97010029938
375;365;69.282,47655278354
380;365;117.738,4276788638
385;365;180.698,4765379621
390;365;260.213,3420463446
395;365;332.517,7210051522
400;365;406.251,5886743656
405;365;483.454,9613109024
410;365;515.645,8785384338
415;365;463.125,0927385638
420;365;491.969,6110107178
425;365;655.486,9283823287
430;365;792.409,3441487248
435;365;852.601,9452697018
440;365;874.096,3434095044
445;365;874.709,8524585227
450;365;867.012,5976782943
455;365;849.342,687044618
460;365;820.115,2551178288
465;365;781.973,7111777584
470;365;734.686,4255708313
475;365;692.371,9154230156
480;365;646.632,6878458135
485;365;599.879,4387308015
490;365;558.845,3616172809
495;365;521.417,8930056675
500;365;474.358,6171214633
505;365;437.029,9412496653
510;365;395.697,2814630924
515;365;361.194,2827511417
520;365;326.920,3477060556
525;365;301.140,0541110993
530;365;275.598,7561086548
535;365;245.598,4697719587
540;365;221.266,1133006711
545;365;198.991,5299302279
550;365;175.546,1351093302
555;365;159.159,822273417
560;365;140.644,3242184048
565;365;128.065,4398979623
570;365;111.211,6586604256
575;365;98.574,33285637996
580;365;86.339,22823646692
585;365;76.872,5643337498
590;365;67.532,54804575931
595;365;60.536,16769900893
600;365;52.010,55103407087
320;370;1.315,99675549927
325;370;1.052,797404399416
330;370;1.198,074437640264
335;370;1.243,999837348784
340;370;1.244,638331704994
345;370;1.415,047546504292
350;370;1.325,439241902285
355;370;1.822,981385436608
360;370;3.153,126213250085
365;370;10.129,70752275649
370;370;1.021.850,244261542
375;370;47.041,72923914537
380;370;79.826,32933339634
385;370;132.149,7938275399
390;370;196.992,1957501958
395;370;267.330,2266259826
400;370;334.900,9281706335
405;370;411.231,3531737289
410;370;452.196,0552697248
415;370;423.422,4147501885
420;370;454.706,0240193921
425;370;606.315,9753411589
430;370;746.972,6417810617
435;370;817.644,2444015834
440;370;845.544,3315886867
445;370;859.690,3407225998
450;370;857.721,2254305718
455;370;849.721,113360464
460;370;825.124,8297972047
465;370;792.787,4625901799
470;370;746.770,4869207734
475;370;704.203,4695970735
480;370;653.690,159677649
485;370;617.356,0005082111
490;370;570.741,027969241
495;370;529.250,9590796096
500;370;488.832,2573846095
505;370;446.898,2566862389
510;370;407.332,9497215723
515;370;375.448,8882423543
520;370;338.933,5404998644
525;370;306.901,9181017564
530;370;281.416,2704749348
535;370;252.473,1477889184
540;370;228.677,5212441046
545;370;204.294,5676478966
550;370;183.668,4071501061
555;370;164.775,0839623738
560;370;146.495,4035293342
565;370;126.750,713485031
570;370;113.667,0144470171
575;370;101.227,3352634364
580;370;89.422,01967722131
585;370;78.774,14186331544
590;370;65.990,75404051795
595;370;62.257,6553903126
600;370;54.611,52571104746
320;375;1.246,369493577001
325;375;1.058,950763366273
330;375;1.067,304751980846
335;375;1.123,604914448283
340;375;1.160,939519459883
345;375;1.243,846202306354
350;375;1.274,133572920883
355;375;1.432,866154518927
360;375;1.588,252213908424
365;375;3.833,855160117579
370;375;13.076,12570013064
375;375;1.187.604,079139165
380;375;54.235,36530538645
385;375;88.105,69158666432
390;375;139.871,3198750546
395;375;197.487,6511322657
400;375;260.539,0439552389
405;375;332.468,1013558176
410;375;374.310,2051105131
415;375;359.731,2377643059
420;375;390.786,181139645
425;375;538.426,3711689166
430;375;677.360,0743006021
435;375;747.902,3098329197
440;375;791.120,7427535473
445;375;805.148,9263923074
450;375;811.566,7728393768
455;375;804.215,967522794
460;375;792.051,7407739294
465;375;762.289,8748555913
470;375;721.349,2848668207
475;375;682.875,0877248606
480;375;645.082,8922030627
485;375;604.616,557144412
490;375;563.422,8959262628
495;375;521.858,1840538167
500;375;483.962,8465854682
505;375;438.770,8079744996
510;375;403.731,1347275678
515;375;367.482,0457344279
520;375;337.449,1826696643
525;375;307.851,1818629224
530;375;276.713,0857030777
535;375;251.625,8718262409
540;375;223.929,8035816498
545;375;201.564,9561176114
550;375;177.757,7686370156
555;375;161.443,5462044371
560;375;142.763,0823603887
565;375;127.431,6116886977
570;375;111.440,4408339655
575;375;99.913,95927391553
580;375;88.994,04648271139
585;375;77.250,82080194334
590;375;67.122,61593056747
595;375;60.724,21012147472
600;375;54.096,70275954293
320;380;962,0060718180473
325;380;1.035,634658168592
330;380;1.086,399052061387
335;380;922,1245790902772
340;380;931,0752232245831
345;380;1.079,94324575617
350;380;964,182332340412
355;380;1.195,664507174267
360;380;1.295,882734968484
365;380;1.984,010673325635
370;380;4.293,568845159964
375;380;15.499,51044316768
380;380;1.356.782,941277937
385;380;58.765,12514660822
390;380;93.443,34689106868
395;380;135.920,9667712462
400;380;192.309,1518655802
405;380;249.911,6916864646
410;380;297.392,9079581968
415;380;290.509,3773114196
420;380;329.419,8126709586
425;380;463.364,1544942723
430;380;587.703,4884048058
435;380;660.284,5620141919
440;380;703.578,902689359
445;380;728.015,414066031
450;380;742.838,973968663
455;380;745.032,6084060492
460;380;736.693,7793208071
465;380;705.565,6685078876
470;380;681.359,895046837
475;380;649.014,7969227232
480;380;613.921,6815781337
485;380;580.124,5617371303
490;380;536.977,0990631115
495;380;502.050,0876522954
500;380;462.700,4130832307
505;380;426.037,1334295053
510;380;386.321,6402893884
515;380;353.139,8981069829
520;380;322.864,6263363874
525;380;297.662,7371565914
530;380;268.222,7970294709
535;380;240.918,430041815
540;380;217.768,8023418094
545;380;196.942,0481183889
550;380;175.281,1407962556
555;380;156.100,3685334963
560;380;138.909,8387248537
565;380;122.400,3593664647
570;380;110.316,1222963533
575;380;95.514,1619310278
580;380;86.495,81886203805
585;380;73.887,80214973356
590;380;65.452,73568025592
595;380;59.017,72951208771
600;380;51.502,52148563926
320;385;821,440359209487
325;385;887,4613175488862
330;385;828,9490908473317
335;385;739,6629831721315
340;385;887,0221976490599
345;385;864,0617351547335
350;385;917,4736280176799
355;385;987,7849902935562
360;385;1.017,061081044338
365;385;1.424,004572412151
370;385;2.154,953158542916
375;385;4.699,22849107577
380;385;17.934,24786140308
385;385;1.537.692,930939988
390;385;58.962,55619239223
395;385;89.252,66663610385
400;385;129.723,0658194218
405;385;180.516,350916589
410;385;223.706,4398905247
415;385;226.772,5481903493
420;385;262.086,6387250924
425;385;378.328,186588027
430;385;497.271,0618293321
435;385;569.670,5923357122
440;385;611.590,363973225
445;385;634.763,1507305632
450;385;665.422,7655045637
455;385;675.675,4364776878
460;385;668.229,470221538
465;385;650.854,4716865171
470;385;628.033,6434592545
475;385;595.980,9264038514
480;385;564.921,3414794583
485;385;537.784,1553835279
490;385;502.937,5922763589
495;385;474.653,6051729706
500;385;438.382,5667591901
505;385;400.523,1162057437
510;385;369.586,3309804302
515;385;334.901,4157102946
520;385;308.057,5050666123
525;385;282.638,0694825618
530;385;258.203,1657855549
535;385;233.814,4432851416
540;385;206.468,2935101661
545;385;187.642,3912167489
550;385;166.290,9504701936
555;385;149.897,3004398304
560;385;131.601,2691793845
565;385;117.154,8236631528
570;385;105.561,2455984052
575;385;92.483,02875467735
580;385;81.604,20092023458
585;385;71.194,42996613374
590;385;62.824,71609626067
595;385;56.418,04663105473
600;385;48.492,03340387141
320;390;934,3380471639352
325;390;739,5208500922499
330;390;925,9559845036476
335;390;746,8553111277485
340;390;761,3181473535527
345;390;701,1137189573215
350;390;806,6783504171812
355;390;937,1259456682242
360;390;923,4534007617459
365;390;1.083,880993549124
370;390;1.153,832850874928
375;390;2.234,37390282182
380;390;5.122,08572924218
385;390;18.296,76309764728
390;390;1.679.784,202042049
395;390;57.443,19708229954
400;390;83.807,82495697837
405;390;122.303,4820962842
410;390;159.555,7382183428
415;390;171.084,9759863215
420;390;203.424,3368657918
425;390;303.029,9184262801
430;390;400.702,2623287847
435;390;472.782,1516319406
440;390;522.245,9927286691
445;390;552.369,3086645327
450;390;581.075,3425070412
455;390;592.535,5807447031
460;390;595.485,9588073184
465;390;588.382,9481765801
470;390;568.030,3975690412
475;390;545.059,8026830343
480;390;521.115,6079493079
485;390;497.229,2315097747
490;390;467.401,3345307836
495;390;437.272,9514342707
500;390;409.256,3011109987
505;390;377.268,1968453665
510;390;345.201,5999537387
515;390;315.868,4517086044
520;390;290.339,9223776038
525;390;265.203,6762822006
530;390;241.638,1037885763
535;390;216.910,8044475729
540;390;195.722,6879259
545;390;175.543,5011755707
550;390;154.416,9968624852
555;390;140.131,7368505289
560;390;124.446,6658459161
565;390;111.947,6023057321
570;390;97.339,38210915677
575;390;86.760,5780005331
580;390;77.539,79549167361
585;390;67.672,41429874745
590;390;60.244,51692552731
595;390;51.878,77454884659
600;390;46.492,26159405561
320;395;674,8747971278539
325;395;639,4908461311394
330;395;743,8247415018526
335;395;626,7313382171952
340;395;960,8798524379971
345;395;692,9527686996339
350;395;758,8437294321992
355;395;833,3369115949664
360;395;748,9046253860079
365;395;884,1400691385987
370;395;914,7318369744438
375;395;1.365,678983865231
380;395;2.341,692272921428
385;395;5.047,016506548677
390;395;18.347,04935583653
395;395;1.732.648,388344618
400;395;54.193,69276814782
405;395;80.201,20879705889
410;395;109.915,8329070892
415;395;120.058,7442127571
420;395;153.000,4421339371
425;395;233.060,4727279585
430;395;319.554,5640086706
435;395;378.972,8915317159
440;395;426.996,1609914223
445;395;464.961,7604603991
450;395;491.865,8192822791
455;395;511.153,5891394567
460;395;515.251,9567244455
465;395;511.704,6891028446
470;395;502.848,4121703755
475;395;483.866,9657907317
480;395;466.429,2233690457
485;395;444.783,6361101515
490;395;420.294,4020921635
495;395;397.204,5731391487
500;395;369.919,15129042
505;395;343.206,8656986595
510;395;315.669,9282824207
515;395;288.522,9751000003
520;395;267.666,5946705877
525;395;244.003,5039310381
530;395;222.232,9234593643
535;395;202.518,9747268084
540;395;181.241,8541281367
545;395;162.276,4997033222
550;395;145.863,6490547147
555;395;130.062,9887186014
560;395;116.054,7890315476
565;395;102.835,4972106229
570;395;91.072,75700373069
575;395;80.236,69334862137
580;395;70.871,04662723013
585;395;61.904,78780708894
590;395;55.003,28609985008
595;395;48.470,95838638335
600;395;43.727,52568698896
320;400;715,2611651291944
325;400;623,2901789062336
330;400;613,0249922453617
335;400;556,6622366084066
340;400;639,4366547472796
345;400;742,3788896916307
350;400;744,1392401084992
355;400;664,1363383845869
360;400;709,6291874510118
365;400;755,5136046262274
370;400;750,5346745567043
375;400;889,072414004793
380;400;1.462,531830838392
385;400;2.418,762976737513
390;400;5.567,827614947255
395;400;18.838,53688616225
400;400;1.764.268,986884502
405;400;53.288,38739131099
410;400;72.781,29378843766
415;400;84.807,41031323935
420;400;108.616,6179791822
425;400;175.039,3230827174
430;400;247.107,679371774
435;400;304.745,0022606539
440;400;350.571,1071688225
445;400;385.555,0129188561
450;400;416.539,2952854265
455;400;438.273,3108201982
460;400;448.774,4462721314
465;400;448.587,0875352506
470;400;443.358,262181491
475;400;433.884,0665935597
480;400;418.997,6703630725
485;400;400.466,7475606736
490;400;382.284,1202340436
495;400;361.056,9281154514
500;400;340.479,2323605532
505;400;316.482,8028648134
510;400;289.885,905464086
515;400;269.152,8633125231
520;400;248.853,3397636022
525;400;228.379,8366305093
530;400;207.781,1405909122
535;400;187.629,3388179536
540;400;169.748,9329740831
545;400;152.830,9567876371
550;400;136.972,3139295907
555;400;122.436,6919791923
560;400;108.513,2568542604
565;400;97.039,63688972076
570;400;85.384,47397208039
575;400;76.077,37989469699
580;400;65.979,40329381467
585;400;58.588,89935598587
590;400;52.247,66054233124
595;400;45.027,95558995875
600;400;39.728,24484496463
320;405;528,8596616638043
325;405;663,0243154231147
330;405;702,7734765324207
335;405;657,9777345761858
340;405;635,1379938853825
345;405;685,3716150097712
350;405;740,3707317363186
355;405;673,8091244526692
360;405;791,0315997025751
365;405;753,4731617898553
370;405;813,1700072872143
375;405;814,5778750970429
380;405;1.018,570247109755
385;405;1.373,910747593244
390;405;2.582,911361413929
395;405;5.674,726627565237
400;405;18.956,68701603909
405;405;1.796.477,980843026
410;405;50.195,70912698808
415;405;57.279,79116795249
420;405;79.151,84972401033
425;405;130.856,454605596
430;405;192.547,2042119782
435;405;243.852,9067217028
440;405;283.909,5692426919
445;405;323.469,2770075261
450;405;351.537,089595067
455;405;377.166,4366472616
460;405;391.437,9707358169
465;405;400.428,7220472445
470;405;393.611,0677490785
475;405;387.708,2249929408
480;405;378.065,6563876733
485;405;368.415,3759743678
490;405;352.313,2555362339
495;405;336.233,8638798164
500;405;313.550,0179560959
505;405;294.723,0570108116
510;405;275.829,31117743
515;405;252.173,0800271764
520;405;233.458,5773533086
525;405;216.924,8096131023
530;405;198.461,6159966242
535;405;179.629,363348565
540;405;162.900,0816396294
545;405;146.284,4130067561
550;405;130.150,3060755037
555;405;117.030,4357047422
560;405;105.392,5034698216
565;405;93.070,45366176836
570;405;82.220,6394175898
575;405;71.737,97836703231
580;405;64.690,67470739574
585;405;58.012,70961400195
590;405;50.053,42780034971
595;405;43.533,78632114293
600;405;39.707,26738965895
320;410;586,7096858272107
325;410;427,1333594037059
330;410;576,4339692190782
335;410;671,9351183009547
340;410;593,6318747404514
345;410;529,3652782118061
350;410;577,2190342095025
355;410;662,4228421500618
360;410;609,8577862219736
365;410;696,0152204821846
370;410;667,3674995997701
375;410;685,1320310762654
380;410;811,2429582656641
385;410;1.020,952907843004
390;410;1.395,539947223195
395;410;2.694,172867429846
400;410;5.888,431755938551
405;410;18.077,44571196138
410;410;1.589.569,273433167
415;410;38.919,74788416948
420;410;50.994,35484953205
425;410;89.956,98110698834
430;410;134.748,3063805666
435;410;175.887,1675579252
440;410;215.210,3307425198
445;410;249.470,9314627418
450;410;277.853,0283804508
455;410;301.818,7672255397
460;410;318.306,3763900697
465;410;328.824,4821034751
470;410;329.819,4285336829
475;410;330.310,2234206978
480;410;322.853,9662609331
485;410;314.520,8283994449
490;410;304.445,4264869354
495;410;290.743,887958878
500;410;273.795,7186857744
505;410;257.269,7206446272
510;410;238.401,2311878771
515;410;221.613,7651228839
520;410;208.072,9099543042
525;410;195.001,3098667814
530;410;175.858,3023836364
535;410;162.331,2516782102
540;410;144.769,8329091713
545;410;130.374,023032544
550;410;116.716,5157832792
555;410;105.270,3111426265
560;410;94.694,68244811855
565;410;85.602,6240234365
570;410;75.266,39002996287
575;410;66.287,98144677337
580;410;59.319,32531389662
585;410;52.479,86829972158
590;410;46.427,45837366733
595;410;40.323,64293777649
600;410;36.886,63270730165
320;415;600,2736619588447
325;415;430,4134299904448
330;415;549,658543867727
335;415;604,4664043803496
340;415;536,8839774752374
345;415;450,4324698438656
350;415;461,5647265531398
355;415;720,4256687846832
360;415;590,7465119804089
365;415;516,2782494866615
370;415;536,2291307665067
375;415;696,951303857525
380;415;713,99555650465
385;415;789,3856543367685
390;415;956,7816175777201
395;415;1.483,54902500815
400;415;2.468,315047991604
405;415;5.334,425215150207
410;415;14.222,63401588163
415;415;1.093.901,751090238
420;415;29.527,09557525205
425;415;50.606,60140455583
430;415;79.079,88794156865
435;415;108.245,6324416995
440;415;136.015,9954739804
445;415;162.264,8848940568
450;415;184.922,7208644337
455;415;206.382,7665939542
460;415;220.098,7598860312
465;415;228.652,8129974435
470;415;233.184,7396007925
475;415;236.903,3294893572
480;415;232.785,2007465087
485;415;229.981,2083894106
490;415;223.754,93653198
495;415;215.913,6081797499
500;415;205.371,4766620236
505;415;194.753,0953591385
510;415;182.343,6589541069
515;415;168.872,3802520483
520;415;159.095,15129363
525;415;147.991,6705404114
530;415;134.729,0492271314
535;415;124.247,504577183
540;415;111.075,5591696358
545;415;101.496,4461262854
550;415;90.245,84923464032
555;415;83.068,64922733534
560;415;73.681,71296888863
565;415;66.058,45550479878
570;415;58.110,34937972877
575;415;52.041,58943046559
580;415;45.050,21947511681
585;415;40.470,91467402707
590;415;36.320,88776458602
595;415;32.519,32497415449
600;415;29.797,90361164748
320;420;448,1890621688334
325;420;524,9359422677445
330;420;442,7825056432208
335;420;489,0297009643095
340;420;586,0243286490287
345;420;596,3803546784234
350;420;600,4139808618062
355;420;481,8126180047688
360;420;620,5962825798171
365;420;524,3374306764032
370;420;548,9489894205727
375;420;580,2661909424522
380;420;621,7443136453206
385;420;658,0397662581319
390;420;856,3747349885409
395;420;926,7906502430852
400;420;1.372,948700768659
405;420;2.158,013357484517
410;420;5.041,396505378971
415;420;11.794,58314819537
420;420;1.022.120,998960571
425;420;35.183,01004176714
430;420;53.768,70008771899
435;420;76.235,88372628806
440;420;97.095,31530038945
445;420;120.250,6475719291
450;420;142.446,7339794448
455;420;161.756,7617127155
460;420;178.447,9009179162
465;420;185.378,8346023975
470;420;193.851,5774893895
475;420;196.612,2117870382
480;420;199.162,5387277494
485;420;196.435,0488632171
490;420;193.487,4844257446
495;420;187.572,8757010889
500;420;180.647,1775196865
505;420;171.086,9053505062
510;420;161.043,3391970264
515;420;153.519,6030228738
520;420;142.699,2591376073
525;420;132.496,4922335597
530;420;122.067,9339235187
535;420;112.551,6758817767
540;420;101.368,0276751818
545;420;93.582,36125492981
550;420;82.416,3091662503
555;420;75.603,05500244354
560;420;66.213,97525469151
565;420;59.621,60561037944
570;420;54.368,89581658412
575;420;47.390,53374303594
580;420;42.474,42904677676
585;420;37.514,79554179418
590;420;33.772,49647950266
595;420;30.280,23630261483
600;420;27.616,19670326625
320;425;650,3312459613607
325;425;482,9863239506405
330;425;477,871877079148
335;425;586,5301530316286
340;425;487,5452511529469
345;425;636,0568981711237
350;425;614,73096884502
355;425;544,6520992145055
360;425;571,6438343899403
365;425;572,3588216348903
370;425;618,9067231983873
375;425;577,658440353732
380;425;645,2777681191752
385;425;832,2416094918559
390;425;900,971533687179
395;425;846,0274542666624
400;425;1.190,492899817116
405;425;1.969,471607420141
410;425;2.997,725665766854
415;425;5.072,963186520421
420;425;16.072,11086450996
425;425;1.665.314,193654574
430;425;52.219,83221320986
435;425;72.373,53757347094
440;425;96.636,80594599097
445;425;124.379,8011803089
450;425;150.338,1145513441
455;425;174.816,4993432772
460;425;196.997,4880423037
465;425;213.994,8015072155
470;425;222.365,2021971231
475;425;232.053,5215721297
480;425;235.256,9559273068
485;425;237.517,6546310595
490;425;234.064,9941423217
495;425;228.895,9883653399
500;425;219.245,5828030792
505;425;210.097,0688826363
510;425;199.469,0093350817
515;425;187.874,307824457
520;425;179.685,776112564
525;425;167.432,6683683079
530;425;154.804,7058975585
535;425;142.851,9305469858
540;425;129.020,9099643712
545;425;118.212,7714546194
550;425;105.885,0840495117
555;425;96.750,51401020453
560;425;85.904,73974875848
565;425;77.277,7776119734
570;425;70.148,10867749887
575;425;61.491,10936514872
580;425;54.942,18911654835
585;425;48.181,26352048642
590;425;43.402,4952624471
595;425;39.385,18536667776
600;425;34.577,45904411742
320;430;531,1087754741277
325;430;568,7852645258678
330;430;622,1165345176232
335;430;590,3780720601859
340;430;546,8022418775033
345;430;472,6491233623127
350;430;628,4371020211363
355;430;690,6341457881164
360;430;616,6516217738368
365;430;554,7861078695489
370;430;659,5214498690365
375;430;660,127627672225
380;430;652,4054682559954
385;430;622,0420503573663
390;430;712,1684311972995
395;430;738,3883869189084
400;430;816,9304415814524
405;430;1.323,885916502701
410;430;1.963,235241908732
415;430;3.154,631514744829
420;430;6.874,740191940778
425;430;25.897,45883211632
430;430;2.295.296,532602478
435;430;65.335,51375192129
440;430;88.893,41365974677
445;430;116.083,1652777456
450;430;144.206,3841002268
455;430;172.904,2586162932
460;430;199.342,9209452247
465;430;220.472,5101436239
470;430;235.289,6704077044
475;430;248.312,0706883507
480;430;257.055,5283674489
485;430;259.814,516013904
490;430;262.239,0544516889
495;430;259.707,8457714128
500;430;251.069,2181782319
505;430;244.597,358359494
510;430;231.523,9412322513
515;430;218.487,9516966816
520;430;209.980,5260689949
525;430;196.131,5426685218
530;430;181.976,2641582689
535;430;168.907,3962733781
540;430;156.332,6911563714
545;430;139.370,2912608833
550;430;126.513,1427057487
555;430;113.951,4950497762
560;430;103.534,2874799273
565;430;92.563,33113639656
570;430;84.253,37283684791
575;430;73.535,5771509011
580;430;65.580,00983347258
585;430;58.404,95734513097
590;430;51.633,86025387215
595;430;45.734,01819446613
600;430;41.325,55304505101
320;435;517,1894765870975
325;435;621,7188595656606
330;435;516,7053112230498
335;435;502,4557096715409
340;435;554,8898354539613
345;435;511,0341388279513
350;435;539,7110592457398
355;435;659,3972638765658
360;435;693,2397319450586
365;435;560,3935925828382
370;435;660,4798487050708
375;435;575,0392969677528
380;435;622,8599399467756
385;435;601,2529824218926
390;435;780,6958930596908
395;435;703,5205760705097
400;435;886,5066965172658
405;435;1.174,485468669334
410;435;1.309,368356039101
415;435;1.979,505075515264
420;435;3.453,065942793117
425;435;9.521,922584161077
430;435;33.496,73398683833
435;435;2.541.818,196900831
440;435;72.017,38012693038
445;435;92.293,46593499665
450;435;120.895,6440265119
455;435;147.773,2073081991
460;435;174.880,5289466425
465;435;197.064,7726443275
470;435;215.525,6414459821
475;435;233.894,2853515834
480;435;244.676,2498437062
485;435;251.565,173862063
490;435;253.991,3603099452
495;435;253.170,1966789353
500;435;248.746,5914400188
505;435;241.306,8063426616
510;435;234.104,8624394915
515;435;222.128,3758687033
520;435;209.680,6873587208
525;435;198.954,1656599857
530;435;187.848,5496515483
535;435;173.580,0245937673
540;435;160.020,9402705698
545;435;146.747,4558214553
550;435;132.925,2527722945
555;435;120.558,065114792
560;435;108.469,9691984516
565;435;96.688,08241412835
570;435;88.927,98051052444
575;435;78.011,74645006463
580;435;69.199,15674796539
585;435;60.812,5005860315
590;435;55.278,08637698562
595;435;48.476,74424409588
600;435;42.315,23176156812
320;440;541,6758213778688
325;440;510,8968297567833
330;440;489,6801830308756
335;440;442,3532668391398
340;440;540,4697351275369
345;440;521,1391069878823
350;440;540,2454653668366
355;440;509,0094696347929
360;440;601,2393453125175
365;440;682,7655633426923
370;440;606,9498312444011
375;440;652,7010973101592
380;440;663,4548403152418
385;440;700,4599413911652
390;440;555,2411970176522
395;440;798,6198863915396
400;440;867,4687588966555
405;440;826,630132260287
410;440;1.103,527787149744
415;440;1.237,507683256743
420;440;1.995,028614992842
425;440;4.700,222551307879
430;440;11.423,72974373162
435;440;36.704,02564006224
440;440;2.575.690,529402082
445;440;71.941,69897102662
450;440;91.750,42799537
455;440;116.378,1281433362
460;440;140.718,2941733782
465;440;165.139,1353466789
470;440;185.885,6456861534
475;440;203.502,2413821988
480;440;215.223,5440354617
485;440;226.186,0237677871
490;440;230.107,7839249565
495;440;233.426,8925807101
500;440;230.531,4052391629
505;440;228.442,6488269393
510;440;217.350,0616847201
515;440;209.162,1325147191
520;440;200.987,0206040987
525;440;191.701,3689949051
530;440;182.028,5038357202
535;440;168.804,1140853733
540;440;155.684,6188401619
545;440;141.324,4957986994
550;440;129.982,5752525549
555;440;118.531,68976634
560;440;105.552,0982292101
565;440;96.887,99876152883
570;440;86.116,15765750757
575;440;77.442,46257777637
580;440;68.821,27364753727
585;440;60.693,82608605778
590;440;54.972,33837563369
595;440;47.490,14900319906
600;440;43.228,71876251106
320;445;500,2196793154051
325;445;427,8916296404374
330;445;526,5541739187112
335;445;616,1468927019931
340;445;473,3174253199631
345;445;527,3799674822145
350;445;526,2928766609739
355;445;494,2920907329041
360;445;573,2559092164666
365;445;645,0583214560143
370;445;656,5132694301419
375;445;495,0279532949755
380;445;547,6169463908298
385;445;625,824028591451
390;445;655,712368792661
395;445;703,8906818658141
400;445;709,3214307937718
405;445;833,6994655256751
410;445;831,3195523100385
415;445;1.033,91434045313
420;445;1.179,793856298794
425;445;2.601,239876453184
430;445;5.400,997337659524
435;445;12.021,16916269054
440;445;39.538,8122664718
445;445;2.532.163,177763737
450;445;69.557,94945857643
455;445;87.279,87313863508
460;445;108.014,6940500256
465;445;132.287,5292619063
470;445;151.019,1191110111
475;445;169.206,1654484373
480;445;184.446,7344122347
485;445;191.859,8713571705
490;445;203.297,3910775851
495;445;206.630,877384242
500;445;209.070,1352680615
505;445;205.098,2826112432
510;445;201.170,8596113719
515;445;194.229,5876223515
520;445;186.511,5847011702
525;445;179.792,2463457087
530;445;170.975,5043356245
535;445;159.539,9292860128
540;445;147.610,7284284976
545;445;135.200,0001999668
550;445;124.319,3846149345
555;445;112.863,545587404
560;445;103.823,9858143992
565;445;92.037,58381351615
570;445;83.107,39086417021
575;445;75.073,86216034069
580;445;66.920,82814547162
585;445;58.930,10960234912
590;445;51.818,56950729907
595;445;46.107,37736769388
600;445;41.402,78636072831
320;450;431,134597845594
325;450;483,3586056154425
330;450;453,2345516130132
335;450;400,4878033824567
340;450;417,3318042225213
345;450;500,3370677052062
350;450;525,6029172380032
355;450;469,4628806414302
360;450;379,7457928315196
365;450;508,9956912852909
370;450;595,4352571363161
375;450;573,9702224172433
380;450;470,1739860177688
385;450;482,8859801809838
390;450;482,9316777280814
395;450;554,0190843738019
400;450;642,1677516961438
405;450;677,0521565690906
410;450;587,1393625666287
415;450;853,4311607509611
420;450;888,3334025765284
425;450;1.420,763048597135
430;450;3.086,603882534301
435;450;5.535,123112890773
440;450;12.066,45813559874
445;450;35.994,96779510746
450;450;2.521.793,843801451
455;450;65.691,0788909344
460;450;81.097,65615357281
465;450;101.192,9392722055
470;450;119.195,0236175083
475;450;135.972,136691449
480;450;151.774,8392583505
485;450;163.114,0397372843
490;450;173.298,567066677
495;450;181.250,8851025137
500;450;184.140,8157814808
505;450;184.831,0177054008
510;450;180.497,8762015748
515;450;177.473,718096849
520;450;172.349,617671816
525;450;165.640,7841655312
530;450;157.410,3732437714
535;450;148.680,5475915271
540;450;137.395,043931618
545;450;128.658,6626130956
550;450;117.851,388329885
555;450;107.726,5443124062
560;450;98.456,76326775695
565;450;89.984,11603432171
570;450;79.492,35611603467
575;450;71.111,81299841886
580;450;64.177,35654537794
585;450;56.600,83176266661
590;450;50.125,14863579805
595;450;44.608,94147282487
600;450;39.206,41180770213
320;455;463,1111860185769
325;455;467,7856254926425
330;455;458,4976752655747
335;455;443,2768295688483
340;455;463,0945363264676
345;455;477,239317092591
350;455;511,6608971048431
355;455;501,6591658614993
360;455;408,1981999377722
365;455;600,3469155569395
370;455;482,4017926423196
375;455;699,3923310975161
380;455;644,2646288174476
385;455;523,3230384381502
390;455;605,1591340452443
395;455;691,6578411269392
400;455;717,3659870002974
405;455;640,0127077971724
410;455;773,2440101536802
415;455;582,1686402109052
420;455;772,5221047256936
425;455;1.009,540968963568
430;455;1.752,902092468623
435;455;3.202,316553116866
440;455;5.941,658268195188
445;455;11.652,35067296343
450;455;33.661,80124934826
455;455;2.656.879,89717608
460;455;62.791,268815787
465;455;74.548,70791657397
470;455;90.943,5127900958
475;455;107.415,8096053348
480;455;121.172,567315728
485;455;137.100,4966224732
490;455;145.717,7168539625
495;455;154.935,571086867
500;455;158.852,1879560304
505;455;159.986,4324410291
510;455;160.557,7173746754
515;455;157.493,64903908
520;455;155.386,3772305167
525;455;151.027,8084481427
530;455;146.390,4289155894
535;455;138.182,0136017836
540;455;129.105,6997391378
545;455;118.686,7364719496
550;455;109.304,4394243302
555;455;101.344,6332724886
560;455;93.360,81618965908
565;455;84.078,07839189218
570;455;76.920,37696295709
575;455;68.680,81351333165
580;455;62.308,57376536916
585;455;55.115,57686746114
590;455;48.381,74344906835
595;455;43.741,96125656927
600;455;38.889,94237812603
320;460;472,0631775402912
325;460;457,4917667580572
330;460;404,72029335387
335;460;518,056665532693
340;460;367,4881181586618
345;460;509,9335681550318
350;460;485,7066914220986
355;460;423,2249245267772
360;460;467,4873982948289
365;460;448,6299191353033
370;460;543,3215875219006
375;460;466,8282407416929
380;460;622,566115588284
385;460;786,4771966881316
390;460;470,9444291545698
395;460;543,1531505308324
400;460;627,4120134497678
405;460;559,8470061847319
410;460;617,021972513285
415;460;758,3768167331353
420;460;626,5282434785772
425;460;984,1386498370746
430;460;1.075,360209444599
435;460;1.606,766864058137
440;460;3.259,83811074166
445;460;5.757,709529228801
450;460;11.424,71815651065
455;460;32.635,77172416731
460;460;2.665.884,31732018
465;460;59.050,89359723069
470;460;68.292,18068308261
475;460;84.244,75449774167
480;460;95.587,99556017968
485;460;109.541,5447075876
490;460;122.287,9714982354
495;460;130.041,6422608066
500;460;136.950,7135630058
505;460;140.660,1823632559
510;460;141.247,833526204
515;460;143.164,544137553
520;460;140.568,644519274
525;460;137.148,3812702649
530;460;132.881,0983858382
535;460;126.329,1478179204
540;460;119.017,4554200469
545;460;109.847,6014996805
550;460;102.320,3336029281
555;460;95.317,15425443722
560;460;88.187,16090767914
565;460;80.046,8840063432
570;460;72.579,75144402836
575;460;64.185,01624947632
580;460;57.243,11126860056
585;460;52.175,10151479682
590;460;47.664,50954912372
595;460;42.443,52841811853
600;460;36.787,07746419228
320;465;390,6061305050901
325;465;431,1261057045202
330;465;620,3709251217387
335;465;448,6361561573274
340;465;407,9665101555714
345;465;425,8297912617602
350;465;380,9684023951872
355;465;491,2432789942554
360;465;443,2256857903533
365;465;357,8480644273316
370;465;393,44117899736
375;465;416,4447541115611
380;465;609,7875955978134
385;465;541,0870208397338
390;465;607,8678462624141
395;465;473,1343978339105
400;465;581,0878666697042
405;465;562,8793806160413
410;465;542,3903357131841
415;465;542,0903703367202
420;465;715,4405064955034
425;465;693,5333662544107
430;465;1.062,148498593061
435;465;1.092,181580203763
440;465;1.795,638133319742
445;465;3.285,701342372561
450;465;6.155,637759030195
455;465;11.318,23254164298
460;465;31.848,05628556263
465;465;2.643.888,338253548
470;465;54.307,09809245839
475;465;61.336,17341671984
480;465;75.509,25856509099
485;465;87.340,02446839743
490;465;100.107,5321302625
495;465;108.923,2621769624
500;465;116.722,239001931
505;465;120.897,6974995456
510;465;124.884,4164768422
515;465;126.377,5618788064
520;465;125.689,6958251469
525;465;124.289,4661220966
530;465;120.482,4017868025
535;465;116.088,2779729951
540;465;110.209,1697632681
545;465;102.744,2917930464
550;465;95.978,22970421184
555;465;89.995,51163025064
560;465;82.772,94587013448
565;465;76.500,47183812673
570;465;69.099,56187276449
575;465;62.831,04748014841
580;465;55.400,94794016755
585;465;50.087,75553781239
590;465;44.581,02645806196
595;465;40.547,81525995221
600;465;36.350,37118526483
320;470;455,7438400396159
325;470;465,2281205030443
330;470;471,0831931299615
335;470;395,4534031638203
340;470;438,3607012730006
345;470;429,0750804143556
350;470;451,6040107009719
355;470;470,6453398716166
360;470;402,2071638491106
365;470;475,4646896534449
370;470;434,8289758040464
375;470;452,8350302102294
380;470;416,1455794387418
385;470;470,8172565462062
390;470;567,6371234756372
395;470;600,001436317388
400;470;511,4258909656003
405;470;586,9738202471995
410;470;572,3850838607337
415;470;632,8765821221452
420;470;577,7493483244782
425;470;665,7664877611818
430;470;740,5287315264295
435;470;1.006,15625474762
440;470;1.345,403110684055
445;470;1.695,708241418508
450;470;3.477,355781484997
455;470;6.002,437415258889
460;470;11.531,81513617786
465;470;32.001,56228311057
470;470;2.573.131,542017878
475;470;51.082,20487564316
480;470;58.274,55480726051
485;470;70.640,06700713521
490;470;79.989,5523909585
495;470;89.462,14858259178
500;470;96.512,98529628999
505;470;103.709,6161116622
510;470;108.799,3376798596
515;470;111.124,7029116199
520;470;111.931,1413434706
525;470;112.658,7746517284
530;470;109.998,2537849501
535;470;106.275,4219409149
540;470;103.003,9151447823
545;470;96.105,71423161485
550;470;90.279,61361688975
555;470;84.798,25647233162
560;470;77.908,86722804804
565;470;71.392,95043939186
570;470;64.645,27708738686
575;470;60.043,78547890495
580;470;54.400,29251514762
585;470;47.720,02879326032
590;470;42.688,23913868523
595;470;38.911,44460230933
600;470;34.564,5252553692
320;475;519,1540106706447
325;475;567,2312327920243
330;475;491,1916072809432
335;475;429,7729177823101
340;475;436,4648228548536
345;475;545,3097924459086
350;475;529,5956362138407
355;475;397,1187016374245
360;475;523,95547944541
365;475;591,0914292920826
370;475;547,1345043724461
375;475;502,0322579297386
380;475;535,8070716874355
385;475;580,0886442669312
390;475;613,913028360127
395;475;739,8668630492882
400;475;751,6191171177038
405;475;833,3700303305891
410;475;567,6766090740532
415;475;651,3964545173045
420;475;663,0628247318563
425;475;721,883102927938
430;475;794,2374032748489
435;475;821,5568716227365
440;475;1.350,460172765226
445;475;1.592,980940510991
450;475;1.956,862599381775
455;475;3.400,338332019482
460;475;6.046,878268435046
465;475;11.552,89132667938
470;475;30.685,37689732694
475;475;2.605.738,792538189
480;475;47.528,90845815752
485;475;53.571,70125922123
490;475;64.756,51040858401
495;475;72.056,15308606737
500;475;81.346,65287853402
505;475;86.932,78513497055
510;475;92.534,92008843346
515;475;97.135,46956080226
520;475;97.615,50081805942
525;475;99.932,94011059139
530;475;100.494,6609576296
535;475;95.191,07499819149
540;475;92.410,33722082914
545;475;88.512,51922501558
550;475;82.557,09831323294
555;475;78.701,37122707642
560;475;71.575,0322975671
565;475;68.348,54098181895
570;475;61.628,06380009364
575;475;55.378,51826586525
580;475;49.913,15452881709
585;475;45.130,10368715789
590;475;41.025,64966151069
595;475;37.657,66398459748
600;475;33.170,65289914715
320;480;402,0240466044087
325;480;519,8511715999609
330;480;387,0619159904696
335;480;446,4261022917355
340;480;451,0046508792015
345;480;476,2063085278559
350;480;506,2925649745757
355;480;352,0849331641882
360;480;499,8543177476394
365;480;479,9209106945623
370;480;446,17944951931
375;480;549,5044677531104
380;480;554,1426858537856
385;480;461,15937968821
390;480;490,7137702971876
395;480;538,1299351538049
400;480;534,5085549462456
405;480;563,8726219034978
410;480;613,2438559683643
415;480;481,3653054512104
420;480;556,0246508944589
425;480;525,7360076682662
430;480;775,9982238259292
435;480;793,9958843130678
440;480;864,8868198114786
445;480;1.172,117264267836
450;480;1.469,094976052677
455;480;2.081,201800416506
460;480;3.224,776378480449
465;480;5.788,340012481
470;480;11.131,50843787135
475;480;29.049,80439909687
480;480;2.578.202,403167925
485;480;44.012,23832018904
490;480;48.798,60093781094
495;480;57.556,36047799019
500;480;66.334,93293577182
505;480;72.172,55211478566
510;480;77.579,72582827866
515;480;82.541,8388938994
520;480;86.614,80061269608
525;480;88.028,76176208425
530;480;86.340,69979732859
535;480;86.461,62806980981
540;480;84.267,36347441562
545;480;81.601,46847943557
550;480;76.181,30551146009
555;480;72.182,68103245222
560;480;66.762,29145343846
565;480;62.661,82121525546
570;480;57.672,52821427079
575;480;53.098,98119688514
580;480;48.006,24742063608
585;480;43.687,11814516356
590;480;39.495,10548111061
595;480;34.979,21485609215
600;480;31.326,71759472084
320;485;507,4850717504265
325;485;584,4062730056154
330;485;537,7900509492993
335;485;378,881639350582
340;485;461,2858886599371
345;485;434,7584687867504
350;485;639,4563604223013
355;485;444,4517211691868
360;485;471,0730535270737
365;485;525,1402911476462
370;485;476,792873978543
375;485;536,1293925355226
380;485;552,438148400106
385;485;445,1732064653578
390;485;654,3083076658428
395;485;547,599550739205
400;485;531,4945235430632
405;485;650,9814742748682
410;485;693,699859116487
415;485;622,1674029941612
420;485;622,7062180505986
425;485;742,6715490904861
430;485;662,455911742122
435;485;824,6076407864222
440;485;730,6178078144867
445;485;948,1676471164207
450;485;1.398,502298844246
455;485;1.477,749632101174
460;485;1.837,566974062788
465;485;3.543,76100346987
470;485;6.051,334666300661
475;485;10.563,06234143796
480;485;33.626,4053762577
485;485;2.304.718,680445098
490;485;41.760,10650434127
495;485;44.740,38956293173
500;485;53.253,71729520271
505;485;59.183,51962897315
510;485;64.442,0994738243
515;485;69.605,82206798943
520;485;73.422,51573227489
525;485;76.222,01320124396
530;485;78.195,35210307618
535;485;76.929,22526421554
540;485;76.276,44485887731
545;485;72.717,92674634942
550;485;69.007,11488629997
555;485;65.425,47169384689
560;485;62.428,28196665178
565;485;57.302,56115717972
570;485;54.205,43171402942
575;485;49.183,78822342707
580;485;44.809,30355209905
585;485;39.956,39152824687
590;485;36.364,67265191911
595;485;33.510,42701056621
600;485;30.438,14217202062
320;490;465,2542748362998
325;490;514,8617738093552
330;490;455,1615030324092
335;490;498,8443272959038
340;490;469,756735560522
345;490;406,5606053373339
350;490;454,6370844419829
355;490;448,3083270639899
360;490;432,2005951363735
365;490;493,9370647494251
370;490;520,6689180737852
375;490;547,3793595236302
380;490;518,4099251040581
385;490;584,7724672454463
390;490;541,5365290385699
395;490;524,9000422988702
400;490;481,394656394711
405;490;623,7876717224499
410;490;725,2004903814511
415;490;772,8165993987213
420;490;600,1236038848177
425;490;659,7667758058134
430;490;722,8900790984695
435;490;799,2153012020896
440;490;883,2957930961626
445;490;848,9495495796891
450;490;910,4585161695505
455;490;1.255,804349757007
460;490;1.474,009585498757
465;490;2.138,765175000312
470;490;3.605,798235594666
475;490;5.268,954490075867
480;490;10.482,58793136281
485;490;32.285,3844566871
490;490;2.306.078,694047029
495;490;37.798,70236954797
500;490;41.866,0572128347
505;490;47.568,86149293761
510;490;54.164,91372187328
515;490;58.953,54908488042
520;490;62.307,22561369494
525;490;65.408,38673092814
530;490;68.053,67397991246
535;490;68.201,66707252397
540;490;66.948,43407143578
545;490;66.071,21515974238
550;490;62.325,59390920468
555;490;59.542,78901112383
560;490;56.555,23166932693
565;490;52.987,82024404508
570;490;50.120,21810607926
575;490;45.830,81523972682
580;490;42.665,62977125259
585;490;37.764,92803613918
590;490;35.278,06921139019
595;490;30.581,43321010208
600;490;27.706,1882751753
320;495;539,0725110824461
325;495;460,4226646513531
330;495;465,2218010622005
335;495;404,4894267002073
340;495;426,2619782161
345;495;369,9072557651918
350;495;565,8548849331236
355;495;408,471517511296
360;495;453,4939303464338
365;495;453,3560745329758
370;495;604,9114920518329
375;495;509,8878308213078
380;495;587,907194778395
385;495;452,8398608374512
390;495;554,5443749295524
395;495;594,7044458501509
400;495;515,863841217601
405;495;633,6153701911838
410;495;594,3196117905621
415;495;794,7421787626804
420;495;571,6530982456195
425;495;675,8488394853885
430;495;688,1419645509884
435;495;757,4931630213661
440;495;672,0216636664344
445;495;839,1019044925447
450;495;896,6083975780638
455;495;1.025,49585472991
460;495;1.195,201409181498
465;495;1.597,752350980706
470;495;2.102,54130260938
475;495;3.582,753379498238
480;495;5.483,202152173629
485;495;9.749,794651742843
490;495;35.019,80906564128
495;495;2.172.807,138672646
500;495;34.060,96639889575
505;495;37.364,56892289207
510;495;43.286,01011990129
515;495;48.493,5308556068
520;495;51.319,36969771822
525;495;54.367,5364951361
530;495;57.669,91879851442
535;495;58.528,26562278913
540;495;59.174,04889469427
545;495;57.494,99220850294
550;495;56.791,90400903746
555;495;54.504,87909451356
560;495;51.575,18613888851
565;495;48.724,5502387084
570;495;45.624,32675640077
575;495;43.478,78957891867
580;495;39.242,75454946078
585;495;35.205,5501156922
590;495;32.946,37450583149
595;495;29.006,19617108366
600;495;26.887,04432237219
320;500;575,2206261333565
325;500;522,5807343171836
330;500;551,0320803004014
335;500;481,1090151313726
340;500;476,4639833378857
345;500;523,132238375445
350;500;483,5972175369419
355;500;435,6880863379229
360;500;482,1803181184221
365;500;535,3014047208353
370;500;602,3658030536095
375;500;423,4246511782031
380;500;556,745555431345
385;500;545,4019280964817
390;500;463,9003552469795
395;500;691,5348908884066
400;500;516,4717914995913
405;500;599,4690202251406
410;500;643,6868428015692
415;500;628,0041535902426
420;500;767,1406755904916
425;500;691,2107592310883
430;500;709,1070952011296
435;500;580,5092619309827
440;500;721,4649691294112
445;500;638,5352618929886
450;500;831,9143744983553
455;500;801,4782250647398
460;500;1.000,506861418498
465;500;1.308,546654927394
470;500;1.565,174759455486
475;500;1.926,22282519968
480;500;3.445,917360553081
485;500;5.562,856903053547
490;500;9.558,497507207478
495;500;28.296,77115949871
500;500;2.216.998,916305593
505;500;31.554,71424064529
510;500;33.071,63919366321
515;500;37.565,54250605034
520;500;41.946,2580624476
525;500;46.286,9252222279
530;500;48.800,78827165718
535;500;50.690,05808277368
540;500;50.148,71217143877
545;500;49.752,29160863646
550;500;48.797,52403758752
555;500;48.371,73241658285
560;500;46.601,54555723548
565;500;44.192,72065429699
570;500;41.970,07125851003
575;500;38.512,69636311993
580;500;35.415,26031802078
585;500;33.310,41071364728
590;500;30.696,31779501745
595;500;26.564,11358089485
600;500;25.392,61393122931
320;505;487,7706111909712
325;505;464,9758240478601
330;505;447,990957032835
335;505;532,8828888666301
340;505;480,6787303477607
345;505;511,7314056100217
350;505;528,2134996028801
355;505;576,3239787350126
360;505;529,3411095422589
365;505;558,144157492683
370;505;488,1678185290746
375;505;523,3210532303225
380;505;534,3698886340278
385;505;452,5966618591149
390;505;564,0238018149032
395;505;632,8423550706398
400;505;644,4791086322361
405;505;614,6151255686598
410;505;632,89139171045
415;505;725,3151632357611
420;505;470,7880218484583
425;505;799,8189264368001
430;505;730,5237168301159
435;505;720,7404792027929
440;505;703,1941195478337
445;505;708,7582848853727
450;505;639,564991919881
455;505;749,4247438542056
460;505;849,701291682272
465;505;878,1867966763288
470;505;1.255,532109618741
475;505;1.389,276912145442
480;505;1.948,289360710017
485;505;3.241,572072290164
490;505;4.844,167516000297
495;505;8.628,595534354119
500;505;25.785,03135336642
505;505;2.144.819,90469045
510;505;28.883,34759360223
515;505;29.726,50791236304
520;505;33.356,11204561211
525;505;36.935,16707845037
530;505;40.096,2366441691
535;505;41.791,37650974729
540;505;42.255,29046058823
545;505;42.675,04624026501
550;505;43.517,03581064294
555;505;41.279,41164789635
560;505;41.160,51119774072
565;505;39.369,76155719274
570;505;36.180,32041030638
575;505;35.230,87383821887
580;505;32.098,72502810392
585;505;29.409,78272445369
590;505;27.368,37372049962
595;505;25.265,22271854374
600;505;22.708,07999719998
320;510;373,4291679147087
325;510;432,5127286587704
330;510;538,0933748744658
335;510;497,2670371008828
340;510;490,8844034551535
345;510;642,725332512601
350;510;473,5543847045626
355;510;450,9195846530395
360;510;491,0554168340765
365;510;502,8250672484338
370;510;478,918701754042
375;510;555,7905712185964
380;510;573,4973680877326
385;510;665,6850855091916
390;510;600,7554628501487
395;510;597,6696777881255
400;510;606,916191655267
405;510;632,2134897057127
410;510;438,1879113343543
415;510;579,4841092402572
420;510;514,5186734635136
425;510;693,4874778260853
430;510;854,360932388888
435;510;954,0631212946392
440;510;678,6495395932335
445;510;690,0296237743067
450;510;782,7746045673364
455;510;705,8236321513525
460;510;822,0124424533349
465;510;922,437839581935
470;510;794,7344722339755
475;510;1.174,934501386399
480;510;1.598,528936301856
485;510;1.866,937137818805
490;510;3.441,384260945617
495;510;4.686,150780164652
500;510;7.733,083951367497
505;510;20.650,21609621653
510;510;2.162.503,000625336
515;510;25.837,78349564683
520;510;26.157,67985112605
525;510;29.270,04863538261
530;510;32.472,08768835731
535;510;34.514,01092537198
540;510;35.557,54820624804
545;510;36.516,88027198612
550;510;36.649,57184020656
555;510;36.726,2692783509
560;510;35.922,72974852788
565;510;34.795,15724824774
570;510;33.733,14148732974
575;510;31.731,92072506497
580;510;29.164,89421352423
585;510;26.725,68791738761
590;510;25.021,85997767272
595;510;23.898,58221642863
600;510;22.403,60170607795
320;515;375,1990687505371
325;515;551,1160861876941
330;515;504,7180657710604
335;515;527,9490451553394
340;515;488,1468279218547
345;515;527,0147299136534
350;515;456,5704479493204
355;515;599,7059020111635
360;515;440,960222067032
365;515;491,1246347457412
370;515;527,8269901223592
375;515;505,2245565545737
380;515;556,4217656226964
385;515;468,9446498291129
390;515;458,4746614414435
395;515;623,8985781182574
400;515;553,7396359439093
405;515;516,8343284152269
410;515;541,4340677447379
415;515;517,3133962308443
420;515;627,092716485943
425;515;657,1552171638658
430;515;651,0117054072733
435;515;732,5003355195788
440;515;684,3030293974509
445;515;662,8693566950371
450;515;744,077105901771
455;515;697,7970280261909
460;515;688,3499685763701
465;515;733,6867081129702
470;515;821,4756885335313
475;515;897,0293743267788
480;515;1.189,717957445294
485;515;1.245,100882091228
490;515;1.844,657101838792
495;515;2.974,66691581831
500;515;4.280,088557878287
505;515;7.358,43274860208
510;515;18.676,00865012072
515;515;2.147.605,853043404
520;515;24.004,65192646095
525;515;23.256,2389366658
530;515;26.553,66273984504
535;515;28.442,14372164055
540;515;29.902,55614855817
545;515;30.426,29948148887
550;515;31.602,12499682662
555;515;31.470,04364937629
560;515;31.677,44908161821
565;515;30.661,42936385156
570;515;28.662,10994887698
575;515;28.118,19880178661
580;515;25.982,09524169023
585;515;24.947,74808888826
590;515;22.775,79861388945
595;515;20.802,24815515565
600;515;19.449,25197634063
320;520;451,3541459882216
325;520;522,1354092869601
330;520;492,3733954026775
335;520;433,1183016674318
340;520;517,0220238539615
345;520;515,9426042023815
350;520;640,0597892251113
355;520;504,0233945921917
360;520;534,4569449194843
365;520;523,2689021897385
370;520;589,1571358291874
375;520;524,0001786058421
380;520;475,735886460082
385;520;492,7545336117596
390;520;640,3071840106807
395;520;623,8712440017299
400;520;595,3623008534854
405;520;516,4018054985914
410;520;570,5070608043712
415;520;593,1750771178002
420;520;522,1152129689589
425;520;521,5100491012051
430;520;623,0265767339233
435;520;652,1899327860584
440;520;844,8242313726109
445;520;762,5669137593572
450;520;726,201073747946
455;520;695,1977436936418
460;520;790,1756931025496
465;520;780,5608420983508
470;520;946,2220666347555
475;520;885,680385025844
480;520;891,0375446822009
485;520;1.197,472731391775
490;520;1.471,586364084689
495;520;1.937,647176369077
500;520;2.810,064864238155
505;520;3.903,304159737815
510;520;6.917,71259749745
515;520;16.519,28707615696
520;520;2.182.078,512415717
525;520;21.686,7689560314
530;520;20.474,90018160368
535;520;22.763,87934401492
540;520;24.529,63779972058
545;520;25.356,38329325427
550;520;25.991,40106778644
555;520;27.544,52031531295
560;520;26.197,53287330878
565;520;26.304,44700258307
570;520;25.093,56083820882
575;520;25.117,77702506339
580;520;23.497,17702256804
585;520;22.070,89417755279
590;520;20.188,41222095532
595;520;19.072,82263010843
600;520;17.871,96237259597
320;525;539,8022817989478
325;525;510,1170356883035
330;525;498,8536247625086
335;525;497,756209497475
340;525;437,0542327294903
345;525;466,7634580308662
350;525;474,5006204765715
355;525;544,6915903749169
360;525;461,4800517370414
365;525;479,0751231421834
370;525;393,9283791794261
375;525;461,5163230607652
380;525;733,8308881561451
385;525;571,0247864801157
390;525;612,1281047269682
395;525;569,9492836450738
400;525;577,0087828998579
405;525;605,7348179560249
410;525;655,1438316076964
415;525;641,6513071814819
420;525;501,717522240281
425;525;630,3348505314973
430;525;592,7603750709294
435;525;551,6511823269109
440;525;661,0283271037455
445;525;793,6370548081328
450;525;843,1943758654611
455;525;783,7020175276223
460;525;725,9426945648449
465;525;665,7080925337413
470;525;677,891524903454
475;525;861,3928156323416
480;525;868,4135250408025
485;525;975,3477587232405
490;525;1.135,082375587415
495;525;1.481,535632157727
500;525;1.639,468604855279
505;525;2.808,405370129517
510;525;3.636,334104042138
515;525;6.481,443437306634
520;525;15.322,18972458953
525;525;2.174.209,716399183
530;525;20.104,72259612671
535;525;18.332,81977037646
540;525;20.565,52531538148
545;525;21.139,80928898012
550;525;22.710,9360962327
555;525;22.936,33702933322
560;525;23.153,49423448509
565;525;23.526,74032941201
570;525;23.203,28183141335
575;525;21.407,61463005708
580;525;21.389,97146584797
585;525;19.806,1227381009
590;525;19.052,85358308456
595;525;17.729,16313281814
600;525;16.486,08619394634
320;530;562,9229470733419
325;530;500,9636834338914
330;530;537,9651701103751
335;530;507,2492490111433
340;530;475,8652926530631
345;530;463,6525043268539
350;530;468,9772774451794
355;530;471,1638695174312
360;530;519,2495372492358
365;530;506,4437398618938
370;530;520,2417733170714
375;530;475,3743010419286
380;530;593,4516231174268
385;530;611,5352852185258
390;530;537,5805582399383
395;530;679,5376139207036
400;530;592,6509344195698
405;530;666,7058446408795
410;530;739,8448236125886
415;530;588,0409293394353
420;530;500,6452321452564
425;530;675,9636793861096
430;530;655,087285989931
435;530;777,1758645598001
440;530;781,3892073637596
445;530;808,1443416350608
450;530;832,6884263140714
455;530;903,7979810445273
460;530;798,2435967854376
465;530;780,9844876659338
470;530;799,0381536384251
475;530;828,3595572680749
480;530;772,1711716026896
485;530;841,6595735053961
490;530;919,6246795400076
495;530;1.118,814666306811
500;530;1.269,081910404023
505;530;1.633,225027051982
510;530;2.666,433124306798
515;530;3.808,306540833471
520;530;5.935,173831541014
525;530;14.094,4971648885
530;530;2.127.754,400063657
535;530;17.911,9340389545
540;530;16.243,80178431166
545;530;17.186,23061261828
550;530;18.446,96755449457
555;530;19.609,35809854765
560;530;20.175,18181870364
565;530;19.263,86551884511
570;530;20.120,7632105976
575;530;19.696,2761806114
580;530;18.647,95640392735
585;530;17.600,02420054622
590;530;17.072,3595659803
595;530;16.622,16673408565
600;530;14.700,43832765181
320;535;422,52880258559
325;535;493,249483399428
330;535;511,0652945725159
335;535;534,816766738194
340;535;479,7305979309922
345;535;410,1141252742411
350;535;544,1906615947412
355;535;613,0287959407748
360;535;581,8284166407349
365;535;631,7335845408633
370;535;587,5122336230028
375;535;766,1587797894234
380;535;670,3675235208467
385;535;683,2366332092952
390;535;517,6666442574765
395;535;643,3564040013279
400;535;630,5130889861051
405;535;740,531891077008
410;535;505,9990372951033
415;535;695,3556137946717
420;535;618,0769684331502
425;535;631,5807642567344
430;535;724,7983242904345
435;535;662,5721079819848
440;535;706,0894003285157
445;535;808,8146928603333
450;535;663,1865406278838
455;535;926,7050429761312
460;535;846,8303579333593
465;535;727,3442486369004
470;535;738,4731175372071
475;535;680,3516914597081
480;535;744,6348405218556
485;535;782,686805659849
490;535;903,5247733263216
495;535;928,2740199505737
500;535;1.076,920361016331
505;535;1.285,367198920198
510;535;1.662,948165067748
515;535;2.410,500430943983
520;535;3.645,242169400698
525;535;5.418,30759616532
530;535;13.037,45264973856
535;535;2.030.763,998793917
540;535;16.502,22190272604
545;535;14.263,40386459397
550;535;14.958,84802959754
555;535;16.089,43442802754
560;535;16.931,99763046286
565;535;17.897,00403101015
570;535;17.038,10151225005
575;535;17.160,98923540626
580;535;16.980,09260434975
585;535;15.863,5495669314
590;535;15.099,19304822594
595;535;14.532,93232830864
600;535;13.708,53328485079
320;540;507,9031553844727
325;540;586,4875998391876
330;540;560,6391884515078
335;540;584,8860890310191
340;540;527,2766011798396
345;540;559,564509963102
350;540;565,2355382435339
355;540;559,5188703472655
360;540;501,3309334551592
365;540;481,970400886143
370;540;578,6474382458878
375;540;501,9446577677215
380;540;676,6335033035439
385;540;547,2589527821265
390;540;507,4686964735533
395;540;644,0707174594486
400;540;579,3796940562164
405;540;624,3406135049491
410;540;657,4891864841401
415;540;716,3227639998363
420;540;612,1171783920273
425;540;714,5682893360002
430;540;658,0271199564118
435;540;784,9968277258723
440;540;895,0024256337779
445;540;915,2906708956236
450;540;825,9622546648014
455;540;743,44438159153
460;540;920,8330857207951
465;540;862,6672041465038
470;540;733,3720131098083
475;540;720,59402305226
480;540;779,3255681259328
485;540;882,0526650723687
490;540;854,2416453224783
495;540;856,0895966368495
500;540;929,2075364979015
505;540;1.158,144787049787
510;540;1.263,410593636191
515;540;1.596,773664399893
520;540;2.390,771711672522
525;540;3.220,616655841725
530;540;5.582,725084820675
535;540;12.612,19042041619
540;540;1.913.588,420330253
545;540;15.156,08869006106
550;540;12.906,05787664051
555;540;14.052,66615589483
560;540;14.351,62669246185
565;540;14.305,46444306205
570;540;14.021,6881764716
575;540;14.704,56964475022
580;540;14.335,84501605965
585;540;13.566,06771887581
590;540;13.748,10236373355
595;540;13.120,80251138395
600;540;11.989,88315499181
320;545;500,0609960333533
325;545;505,8855051175863
330;545;519,3479647430105
335;545;572,9609767144264
340;545;592,447750144307
345;545;632,7580867055824
350;545;599,3786463518477
355;545;565,7881063466656
360;545;619,8846418409781
365;545;612,9080121475599
370;545;663,8389856828461
375;545;667,572302203037
380;545;644,7085514412319
385;545;647,2850238805941
390;545;474,233654256407
395;545;725,4572253120261
400;545;579,4264821863876
405;545;697,077695759565
410;545;743,4500828197463
415;545;625,802896825349
420;545;664,334346836245
425;545;723,7724942588009
430;545;809,3092435802955
435;545;742,9879489984254
440;545;677,0965070793319
445;545;902,8859963894163
450;545;834,7282295219945
455;545;854,4108252096112
460;545;748,9733452390238
465;545;803,1624832767862
470;545;933,3955097473826
475;545;841,1615122143131
480;545;880,0442109504087
485;545;698,1773243219325
490;545;950,6339855793808
495;545;756,169514204884
500;545;1.006,367871940054
505;545;960,7231741559398
510;545;1.224,392016964901
515;545;1.342,213328187877
520;545;1.588,222534814063
525;545;2.182,033799766084
530;545;2.686,543360661575
535;545;5.210,199907878074
540;545;12.153,19057042292
545;545;1.803.484,896039522
550;545;13.353,14665765902
555;545;11.403,81659575255
560;545;11.327,51092022113
565;545;12.059,18138294695
570;545;11.929,0866553746
575;545;12.111,7123387979
580;545;11.954,77503437173
585;545;12.655,24042884095
590;545;11.778,52813482162
595;545;11.216,6130633398
600;545;10.792,44651134417
320;550;555,4286991032667
325;550;467,7698999882443
330;550;528,3346162201805
335;550;507,6048169245198
340;550;540,9634865130614
345;550;622,9524402982362
350;550;576,4096363740848
355;550;548,678460024623
360;550;536,793660379152
365;550;651,003824610731
370;550;597,3625416195453
375;550;698,2355601801244
380;550;683,8934398926289
385;550;723,5386632112196
390;550;671,890001267628
395;550;669,5841335402033
400;550;718,1760392004091
405;550;636,5488866789872
410;550;812,8224864925854
415;550;757,6377250851504
420;550;737,4063548092943
425;550;832,2954613051601
430;550;827,3173604428041
435;550;864,0409354610176
440;550;784,4635156901111
445;550;934,0720687774075
450;550;697,0515080177025
455;550;885,7151516417372
460;550;846,8338222341331
465;550;764,6939929367842
470;550;828,8173164900815
475;550;893,3087287217159
480;550;960,4949966674606
485;550;802,7110068178465
490;550;845,6494894601999
495;550;731,7575885082209
500;550;937,5305643293345
505;550;909,1949427781138
510;550;1.124,356730702063
515;550;1.158,567006634622
520;550;1.480,081690037437
525;550;1.481,089576785845
530;550;2.221,149306709657
535;550;2.829,410730672299
540;550;4.130,15641776241
545;550;10.895,33742383749
550;550;1.759.818,031479678
555;550;12.004,92293519581
560;550;10.111,48795313643
565;550;10.032,51100243401
570;550;10.744,04178046791
575;550;10.307,97431242187
580;550;10.253,6173018753
585;550;10.468,53266241918
590;550;10.053,28812292873
595;550;9.850,456928302536
600;550;9.358,997591309284
