A,B,C
340,320,23.644,09609074862
345,320,35.957,40257601143
350,320,53.631,1809496308
355,320,77.185,67211419911
360,320,107.177,1185526632
365,320,137.955,0587999434
370,320,177.742,4871892185
375,320,214.437,6081744648
380,320,253.140,8714595526
385,320,290.073,1057538685
390,320,319.210,8126578656
395,320,350.069,1836430661
400,320,359.761,4256939146
405,320,378.081,3991948515
410,320,383.820,5366861679
415,320,387.650,054577
420,320,374.578,8701515138
425,320,371.377,1212115587
430,320,357.550,4132224692
435,320,353.193,3600715268
440,320,334.038,3958205011
445,320,317.786,2108899518
450,320,303.180,5710532608
455,320,289.391,0837916509
460,320,271.743,7325523327
465,320,253.589,6381353394
470,320,232.473,3044635559
475,320,217.447,5896138579
480,320,200.759,2233149937
485,320,187.451,9984499571
490,320,170.696,9000612887
495,320,156.546,5620564441
340,325,19.079,51281042147
345,325,31.019,81200364325
350,325,49.747,84786547942
355,325,76.038,79054616475
360,325,107.907,7784471449
365,325,147.265,7641894778
370,325,190.480,5128509943
375,325,233.857,6034070204
380,325,278.959,7733204569
385,325,323.309,7596792553
390,325,362.146,9468527315
395,325,403.496,0262585133
400,325,421.375,6487860471
405,325,441.343,661262015
410,325,448.975,8631929294
415,325,454.040,9377845269
420,325,448.278,6486972576
425,325,439.925,4001709427
430,325,429.215,9052703104
435,325,419.586,8798920585
440,325,404.599,1021442868
445,325,383.288,9526482724
450,325,365.006,6989261769
455,325,345.989,352297932
460,325,323.269,1218019624
465,325,299.502,9094187907
470,325,278.071,9087871289
475,325,256.079,1968145299
480,325,238.318,8888218093
485,325,217.175,607298985
490,325,205.002,9042858526
495,325,188.046,4423600357
340,330,16.315,67116011673
345,330,24.908,78412752134
350,330,41.536,8739911142
355,330,64.518,31725520016
360,330,96.582,7888023369
365,330,141.903,3479724937
370,330,188.505,8627791496
375,330,241.029,8349194193
380,330,292.411,3804763572
385,330,347.283,2250550906
390,330,394.837,3957358756
395,330,444.934,7823495255
400,330,477.110,2681691254
405,330,500.399,5696860501
410,330,514.864,3987251701
415,330,526.243,0341210188
420,330,522.213,250242341
425,330,519.598,6471266776
430,330,501.995,9832447804
435,330,490.749,7669076418
440,330,471.934,6085989187
445,330,453.674,7864771776
450,330,430.868,6587419382
455,330,405.810,1095111257
460,330,378.333,0082985964
465,330,354.082,3250109367
470,330,325.045,7137790113
475,330,300.196,0445084663
480,330,274.802,5292602485
485,330,254.364,9676446261
490,330,237.744,994045524
495,330,220.817,8763925495
340,335,29.266,80437639531
345,335,20.198,04362293251
350,335,31.630,37959222611
355,335,53.370,51783812155
360,335,85.316,02113266535
365,335,123.496,1492659841
370,335,179.198,3386927941
375,335,238.557,0694634962
380,335,293.859,0236733616
385,335,354.481,2245450142
390,335,417.573,6684193761
395,335,477.139,2216725977
400,335,521.097,3379331246
405,335,550.416,5361962338
410,335,572.294,6426163277
415,335,584.804,6485775417
420,335,592.684,4774105632
425,335,584.915,190433129
430,335,578.365,7305735361
435,335,564.744,7119756904
440,335,538.323,3476804397
445,335,522.860,0172563145
450,335,492.748,7456260583
455,335,466.789,3046532879
460,335,439.249,644698809
465,335,409.365,0513071452
470,335,377.310,4329410698
475,335,346.374,1153689054
480,335,320.727,2041357523
485,335,293.390,0124362732
490,335,269.237,9907139835
495,335,247.537,9085885574
340,340,5.364.991,585842307
345,340,33.928,46139391827
350,340,25.399,76305739799
355,340,42.555,02100562141
360,340,68.931,67877637885
365,340,105.862,2992666771
370,340,156.760,1404117711
375,340,216.680,254043982
380,340,280.468,3397675635
385,340,352.979,0406158257
390,340,419.131,5927788081
395,340,482.423,0840978016
400,340,537.974,5545981779
405,340,576.733,9548222861
410,340,614.369,0635656877
415,340,633.425,4130153516
420,340,644.320,8879407679
425,340,645.099,4232879782
430,340,640.906,4063493217
435,340,619.388,9958523837
440,340,600.041,1703736476
445,340,578.755,3243964927
450,340,549.686,363961963
455,340,527.447,086319743
460,340,493.066,4433330314
465,340,457.747,4830685143
470,340,426.672,3254519044
475,340,388.836,2868228614
480,340,361.516,1296571394
485,340,330.842,2315925579
490,340,304.252,8187255594
495,340,280.990,0956557434
340,345,24.153,29390873162
345,345,6.266.402,059046785
350,345,42.396,38339870939
355,345,32.076,38372774629
360,345,51.848,93825772461
365,345,82.706,83766233714
370,345,128.892,8173211752
375,345,189.207,5508113549
380,345,254.921,8439645343
385,345,321.911,936556713
390,345,399.517,4370768386
395,345,469.253,8165637234
400,345,535.146,2924842325
405,345,585.732,9042065613
410,345,631.117,2308997049
415,345,655.459,9392441837
420,345,676.714,744483412
425,345,676.926,6516855097
430,345,684.754,3549055307
435,345,664.664,6704291371
440,345,646.144,7826496923
445,345,627.676,2959753366
450,345,604.676,559566075
455,345,573.086,2878697582
460,345,537.542,2789067961
465,345,496.228,9151152656
470,345,464.017,3597094636
475,345,424.232,6803862552
480,345,393.819,186073676
485,345,359.582,0643376683
490,345,332.265,1785937171
495,345,304.765,7331386933
340,350,5.313,762693325178
345,350,27.114,21432957716
350,350,7.218.140,65434937
355,350,52.488,13630270691
360,350,38.272,46595477222
365,350,61.788,68926526495
370,350,101.723,3963299195
375,350,154.869,9542138454
380,350,216.215,4596586466
385,350,287.248,1129902286
390,350,366.532,5975515856
395,350,444.358,3310612741
400,350,511.517,7212236481
405,350,575.889,5906355479
410,350,622.278,4060025979
415,350,656.558,3112273169
420,350,686.357,5440928244
425,350,706.528,9574132351
430,350,705.053,4803940755
435,350,702.819,6271384074
440,350,685.676,4419719822
445,350,668.650,81779225
450,350,641.321,439757048
455,350,612.888,2202925381
460,350,581.666,6372163963
465,350,539.173,1870465124
470,350,500.331,19262506
475,350,464.948,5516727705
480,350,429.894,3857168329
485,350,392.383,1848678407
490,350,358.725,5077842021
495,350,329.763,4533058811
340,355,3.383,413822651026
345,355,6.115,027977832403
350,355,30.520,84687779917
355,355,8.246.467,628290217
360,355,66.309,43034222462
365,355,46.642,64270761146
370,355,76.613,79837378045
375,355,123.771,2271471649
380,355,177.659,8618803709
385,355,246.491,9792670856
390,355,321.084,2820081716
395,355,403.676,4465555531
400,355,481.015,738513089
405,355,547.378,3044717687
410,355,612.282,4270253426
415,355,655.510,6105853959
420,355,688.166,3242025415
425,355,718.534,5460192201
430,355,723.738,5799003182
435,355,730.116,4403421475
440,355,718.030,1218247731
445,355,700.396,657547025
450,355,680.743,6606961155
455,355,659.707,6225251573
460,355,622.648,9461321947
465,355,583.196,5714132704
470,355,537.515,8640239201
475,355,499.860,1444803697
480,355,461.287,0770296044
485,355,424.377,6769289073
490,355,393.018,5282910587
495,355,361.631,3087301894
340,360,3.312,947301964877
345,360,3.916,061503512367
350,360,7.721,798396391078
355,360,37.608,81149074581
360,360,9.326.618,704948997
365,360,78.444,4113399284
370,360,60.758,88734931998
375,360,95.108,063804545
380,360,146.881,2976480185
385,360,206.494,6244743818
390,360,280.055,6540068554
395,360,359.752,4735595158
400,360,429.970,8837678602
405,360,506.885,4936864557
410,360,579.470,7348564317
415,360,639.482,8369398644
420,360,687.118,8078905506
425,360,716.189,9796956069
430,360,741.115,6925124644
435,360,747.609,3469032305
440,360,746.611,6836042416
445,360,729.351,6197590054
450,360,714.778,0803695908
455,360,685.203,9108312185
460,360,656.064,2993978796
465,360,611.441,0740839021
470,360,572.615,9198528647
475,360,531.248,7553586991
480,360,492.522,6925850022
485,360,458.341,2877495123
490,360,424.889,0426097829
495,360,389.836,7764427753
340,365,2.780,814442150166
345,365,3.639,676972887415
350,365,4.664,262494211771
355,365,8.453,411378627416
360,365,43.599,74612028043
365,365,10.162.476,34741252
370,365,89.665,31769785628
375,365,73.923,70195327322
380,365,108.131,4053582221
385,365,159.972,1432052908
390,365,224.720,8470262712
395,365,300.380,8703942198
400,365,376.947,2812403471
405,365,455.440,8918077169
410,365,526.612,9038994653
415,365,592.291,6836158109
420,365,646.332,6926143162
425,365,691.766,3781328319
430,365,718.594,7839843455
435,365,739.265,802878915
440,365,737.463,0171956455
445,365,732.614,9023815987
450,365,720.318,7523901324
455,365,703.024,2255636703
460,365,676.694,2353366636
465,365,631.610,545118764
470,365,595.076,1707246279
475,365,555.460,9520323782
480,365,518.671,1738977575
485,365,481.573,4538906359
490,365,444.504,6875362836
495,365,409.657,8624301889
340,370,2.191,705875645865
345,370,2.488,708951074413
350,370,3.876,465427370343
355,370,4.938,077283512495
360,370,9.491,090890084113
365,370,48.574,86899182951
370,370,10.637.973,94637084
375,370,96.254,2774079003
380,370,80.246,85628500987
385,370,113.276,7755602907
390,370,166.584,1075851175
395,370,232.852,2953210497
400,370,302.214,5722408051
405,370,374.960,1367222187
410,370,451.554,307019656
415,370,522.747,3107092017
420,370,586.997,0190400123
425,370,634.834,1361425037
430,370,668.321,8823038746
435,370,687.945,2357065186
440,370,701.597,7503017159
445,370,702.341,5877940768
450,370,697.258,423338937
455,370,684.734,3835620753
460,370,662.538,9841356134
465,370,624.285,2251380053
470,370,588.622,8597990202
475,370,555.580,3083126323
480,370,517.348,9336691414
485,370,483.857,1593287575
490,370,445.343,6249631968
495,370,414.677,8828404091
340,375,2.258,597530912284
345,375,2.447,977479216706
350,375,2.680,130517618442
355,375,3.967,07249904401
360,375,4.927,239048268627
365,375,10.143,48067390042
370,375,63.485,92732848445
375,375,10.430.256,57230911
380,375,91.633,82101024339
385,375,78.337,30239286853
390,375,112.911,3483541872
395,375,165.506,4838441255
400,375,228.439,90473624
405,375,292.466,0686805724
410,375,365.353,0104402158
415,375,428.405,1491404932
420,375,491.931,0285107108
425,375,541.134,4787078633
430,375,587.841,4573448595
435,375,609.581,0721822014
440,375,632.652,7845636997
445,375,638.975,2593954494
450,375,638.026,717666554
455,375,633.233,4258654985
460,375,616.891,1789878774
465,375,585.917,4757566553
470,375,555.526,9569255736
475,375,524.213,1184621894
480,375,494.138,8802902101
485,375,458.559,9610054202
490,375,425.852,6749100137
495,375,402.365,9191719929
340,380,1.514,452200119496
345,380,1.782,778708454822
350,380,2.157,002057346264
355,380,2.657,15760447704
360,380,4.094,902570452626
365,380,4.903,666698780602
370,380,11.170,03164809609
375,380,69.290,60467984898
380,380,9.894.474,628539436
385,380,89.175,49262228029
390,380,75.297,82566119898
395,380,111.270,2004995787
400,380,158.428,1112771851
405,380,215.082,1105715662
410,380,277.555,0792652806
415,380,337.638,0952744563
420,380,396.657,2838030641
425,380,442.700,1529132266
430,380,484.910,8048749747
435,380,520.599,8711051386
440,380,546.445,6085802482
445,380,557.101,6959798493
450,380,564.643,1843073273
455,380,561.026,3350113464
460,380,551.862,2749472188
465,380,533.372,1316746117
470,380,506.541,3670855162
475,380,480.698,3858713791
480,380,455.271,3344698653
485,380,420.255,8797687042
490,380,399.803,5481969033
495,380,367.905,0532281258
340,385,1.288,452667395788
345,385,1.746,129307114
350,385,2.103,684449614153
355,385,2.419,307487661314
360,385,2.642,365561428219
365,385,3.874,744588673
370,385,5.079,922593564007
375,385,11.435,69249249655
380,385,69.071,03348998573
385,385,9.448.669,065483324
390,385,86.328,42018374974
395,385,72.433,52676129674
400,385,105.677,914945055
405,385,148.511,5928158604
410,385,200.105,9957803973
415,385,253.907,6991993295
420,385,308.009,4038025606
425,385,357.073,7652929716
430,385,397.767,097700242
435,385,431.567,4098127773
440,385,455.232,8171672092
445,385,474.943,236185274
450,385,483.003,9916914222
455,385,489.200,235063163
460,385,485.237,2404580555
465,385,470.667,5661152565
470,385,452.098,3545037121
475,385,432.151,1723525249
480,385,410.084,6064120253
485,385,387.991,3707748338
490,385,362.037,6644766677
495,385,338.138,6976995374
340,390,1.188,959334865166
345,390,1.203,799026888986
350,390,1.660,513823881609
355,390,1.893,167690000069
360,390,2.271,524902560165
365,390,2.410,045627532779
370,390,4.151,246403440326
375,390,5.268,348812461093
380,390,10.896,7501289886
385,390,64.977,48737022439
390,390,8.852.053,985309191
395,390,85.589,09654397485
400,390,72.403,63731133712
405,390,100.986,8326513244
410,390,142.139,7046815671
415,390,187.343,4708850395
420,390,234.655,1793046922
425,390,274.057,5359532522
430,390,316.617,093283562
435,390,347.894,7592695425
440,390,376.449,6579522748
445,390,397.643,3652871459
450,390,414.528,3089804754
455,390,419.245,3223614549
460,390,421.072,4572049096
465,390,411.447,1319664171
470,390,402.988,1278330915
475,390,385.288,9577976196
480,390,366.174,3567131045
485,390,348.146,9337491518
490,390,331.391,4240454094
495,390,309.969,5062114934
340,395,1.099,581700199442
345,395,1.084,155125529446
350,395,1.188,286439684219
355,395,1.458,665796471282
360,395,1.739,107450720757
365,395,1.905,097859142781
370,395,2.364,789137665192
375,395,4.086,543836083858
380,395,4.997,457903766131
385,395,10.056,02219084768
390,395,61.090,22442791814
395,395,8.257.072,517616816
400,395,83.010,38757598962
405,395,69.317,23660805856
410,395,99.059,74087035118
415,395,133.252,9491920689
420,395,170.660,6783689295
425,395,210.820,1168652281
430,395,245.370,5024977533
435,395,279.672,2302463657
440,395,307.174,6653825542
445,395,329.757,3665928637
450,395,344.524,7766014275
455,395,360.779,9670830783
460,395,364.797,3123930654
465,395,360.160,9160287904
470,395,352.570,0832575031
475,395,344.278,3831882555
480,395,331.477,3775925781
485,395,317.836,6254657774
490,395,298.844,2370808864
495,395,284.158,8176600889
340,400,1.056,145093905696
345,400,1.085,626020059072
350,400,1.015,091922308419
355,400,1.163,267793961647
360,400,1.654,059939752263
365,400,1.717,075250312349
370,400,2.051,119648307906
375,400,2.389,216293633385
380,400,3.736,086789673324
385,400,5.608,465610310822
390,400,10.253,77967114694
395,400,59.509,29356154801
400,400,8.233.799,616850615
405,400,84.071,2667596634
410,400,68.772,87709567868
415,400,93.675,00042149235
420,400,122.804,8068564014
425,400,157.465,0311627651
430,400,190.203,99286711
435,400,222.156,3485128944
440,400,249.996,9601655417
445,400,270.958,1018600497
450,400,291.318,1614220752
455,400,304.971,7324010911
460,400,311.904,0986463424
465,400,315.701,4872746732
470,400,313.504,3169525131
475,400,305.934,7878778239
480,400,298.731,6832903952
485,400,286.282,9425643799
490,400,275.312,2921274454
495,400,260.607,7639147516
340,405,858,2217010255574
345,405,1.029,975849495497
350,405,1.018,705593291326
355,405,1.209,580572798194
360,405,1.249,652363218516
365,405,1.563,480160776517
370,405,1.881,460328844591
375,405,2.099,667859466833
380,405,2.330,897507921546
385,405,3.983,364343338877
390,405,5.471,828666175571
395,405,11.320,80931009101
400,405,58.805,05713007666
405,405,8.243.210,470869412
410,405,82.991,90182614743
415,405,67.478,75650505777
420,405,88.544,26648969905
425,405,117.704,7187809455
430,405,144.181,5860095209
435,405,173.394,6362590764
440,405,199.360,6967016668
445,405,225.314,3775793468
450,405,243.466,4419763424
455,405,259.899,1470964988
460,405,272.096,3755289779
465,405,276.732,3374621443
470,405,280.139,490496738
475,405,275.799,0791741509
480,405,270.729,0574235616
485,405,262.299,6550817622
490,405,248.688,051561907
495,405,241.403,9594997902
340,410,869,9883053954605
345,410,896,4083657390204
350,410,981,3219319758292
355,410,1.025,599722302964
360,410,1.052,979905931039
365,410,1.249,683873162259
370,410,1.834,879133358247
375,410,1.930,808238813184
380,410,2.055,238590569013
385,410,2.376,216996964426
390,410,4.138,794357519605
395,410,5.452,925991806843
400,410,11.302,16203879872
405,410,57.739,2267051585
410,410,8.041.228,771193476
415,410,83.711,04999315023
420,410,65.003,22822384766
425,410,84.482,22408247835
430,410,108.328,3536412184
435,410,134.356,1776329086
440,410,157.393,088681895
445,410,183.376,9083937242
450,410,205.397,7973141206
455,410,224.082,3429745903
460,410,237.852,6716081756
465,410,244.698,6893968357
470,410,249.105,3077891913
475,410,250.775,769143275
480,410,248.745,1964969166
485,410,242.480,6905063789
490,410,234.962,6034517779
495,410,224.501,9888170564
340,415,768,1322457442334
345,415,929,5530173917194
350,415,842,5530406437684
355,415,914,3970165075133
360,415,1.141,510840602308
365,415,1.162,214350550987
370,415,1.316,529981543704
375,415,1.719,98432554529
380,415,1.953,928553732484
385,415,2.052,020146880385
390,415,2.682,439820693648
395,415,4.530,728395056913
400,415,6.350,782446411342
405,415,11.790,56139446568
410,415,65.147,0347787358
415,415,8.145.927,522022329
420,415,86.108,74152835512
425,415,64.306,19691121273
430,415,81.250,71131356925
435,415,103.969,9792676641
440,415,127.252,4944192872
445,415,149.389,5889409881
450,415,171.864,2237380734
455,415,191.377,4553789805
460,415,205.852,1634973296
465,415,217.552,2879819113
470,415,223.420,2277101884
475,415,225.217,1054956047
480,415,225.610,5976977414
485,415,222.933,0946584891
490,415,219.590,9018464094
495,415,213.984,7405507979
340,420,935,2464264202351
345,420,975,2202211761194
350,420,828,4087858146004
355,420,893,1470340397094
360,420,924,2428150917639
365,420,1.158,664889924573
370,420,1.039,147232212537
375,420,1.197,580700030599
380,420,1.656,622498916686
385,420,2.104,717570376356
390,420,2.051,695159201652
395,420,2.670,908969925647
400,420,4.529,61413818927
405,420,6.219,424451049368
410,420,12.928,73793854236
415,420,67.791,44963566106
420,420,7.897.886,071076375
425,420,82.654,46359739543
430,420,61.737,50477897922
435,420,78.905,54341685765
440,420,98.779,11571310002
445,420,120.217,2421218685
450,420,142.158,8114453437
455,420,161.250,4652134756
460,420,179.069,410766212
465,420,190.438,3655962835
470,420,197.800,9415790474
475,420,202.389,5980120491
480,420,204.687,5414670526
485,420,205.943,7962704177
490,420,204.754,3020321139
495,420,198.697,9455947777
340,425,753,6709670438566
345,425,819,7210911827401
350,425,879,7722034827748
355,425,927,433275797276
360,425,909,0403810725475
365,425,984,9740078232084
370,425,1.050,38613378948
375,425,1.113,953658378264
380,425,1.449,405488515881
385,425,1.784,71839853325
390,425,2.213,071284400079
395,425,2.366,92410409096
400,425,2.846,502730828132
405,425,5.012,469547845124
410,425,6.418,199824312216
415,425,13.879,4417484625
420,425,71.117,80909034643
425,425,8.110.380,986215685
430,425,79.811,84244155452
435,425,60.564,5170853091
440,425,75.520,24120161377
445,425,92.765,38922015426
450,425,114.589,1549397802
455,425,132.325,432835948
460,425,150.662,088675527
465,425,162.728,9739734458
470,425,173.548,1763113084
475,425,181.598,7277687128
480,425,182.848,6813441002
485,425,187.546,8421727185
490,425,188.134,0612282286
495,425,183.525,5747920073
340,430,782,195561606079
345,430,777,1538764621255
350,430,981,5729097559527
355,430,1.028,710533993633
360,430,893,0460228069699
365,430,864,7075623926648
370,430,1.088,295724125128
375,430,1.075,197333336241
380,430,1.213,152822889963
385,430,1.522,158215688922
390,430,1.632,171063243169
395,430,2.372,731893294913
400,430,2.384,583334170259
405,430,2.789,739447569244
410,430,5.304,247608215612
415,430,6.864,388381774374
420,430,14.031,62400110122
425,430,77.157,63138162919
430,430,8.054.902,4996821
435,430,78.707,90356416762
440,430,57.519,19920344566
445,430,73.176,69076091546
450,430,90.453,19723635237
455,430,108.080,2339609684
460,430,124.903,8339289048
465,430,140.606,0410724873
470,430,150.035,6374530261
475,430,158.364,3692461108
480,430,166.313,507534906
485,430,168.198,0569491363
490,430,170.206,4795340923
495,430,167.797,1279356555
340,435,760,4863295170244
345,435,805,4049411651024
350,435,833,1529959748939
355,435,919,8194181261551
360,435,906,1989473671897
365,435,1.009,173760234051
370,435,964,4166632903837
375,435,896,6053246642258
380,435,1.230,028556632076
385,435,1.143,597901278761
390,435,1.400,901176724523
395,435,1.686,356145247717
400,435,2.385,311395732662
405,435,2.148,590654717832
410,435,2.993,245457555309
415,435,5.305,379848624108
420,435,6.835,770249924386
425,435,14.330,5731811526
430,435,91.066,89783900704
435,435,7.831.329,341409838
440,435,74.037,521183962
445,435,56.150,86785727463
450,435,72.268,16137767372
455,435,85.780,17866997392
460,435,101.732,1965029338
465,435,116.999,5065285563
470,435,127.589,6000772821
475,435,137.831,9098833702
480,435,145.585,9913003219
485,435,150.024,0931859936
490,435,155.267,7443722517
495,435,152.415,7211614849
340,440,674,2748899507944
345,440,736,2350132372592
350,440,741,831543379076
355,440,726,1024702497763
360,440,793,5874135081568
365,440,916,6053907382728
370,440,928,6222455605764
375,440,1.009,333930276285
380,440,1.092,470984829411
385,440,1.021,561749922211
390,440,1.184,869826230469
395,440,1.475,168447135434
400,440,1.614,221392996654
405,440,2.409,642249028602
410,440,2.545,527129372957
415,440,2.725,000190974144
420,440,5.407,350213860475
425,440,6.699,549225241538
430,440,13.767,79345836715
435,440,86.427,30254249579
440,440,7.637.856,474447252
445,440,72.040,7738976502
450,440,54.782,99928518562
455,440,67.097,61453783484
460,440,81.667,45501629257
465,440,94.213,18767678886
470,440,107.379,0110724357
475,440,118.483,6002443683
480,440,125.643,2510512614
485,440,131.946,2305266023
490,440,135.684,3632230768
495,440,136.882,6915952545
340,445,646,9319859861367
345,445,620,4903010750465
350,445,729,4035064734716
355,445,791,3499491971606
360,445,818,6613315685132
365,445,1.036,280818687172
370,445,1.080,71541800305
375,445,1.005,304620278799
380,445,863,7433121883247
385,445,975,3542330057853
390,445,1.043,279194745769
395,445,1.350,324155186806
400,445,1.402,353103594472
405,445,1.629,804780745641
410,445,2.641,684346040333
415,445,2.398,533936928751
420,445,2.911,181795597788
425,445,5.565,592778275643
430,445,6.605,051697373401
435,445,14.405,3527184257
440,445,92.839,73310186667
445,445,7.547.975,783151558
450,445,69.804,39155102397
455,445,52.234,35498700957
460,445,62.839,92759818312
465,445,75.491,64736375
470,445,85.657,71007771259
475,445,97.046,19936836901
480,445,106.122,3423414338
485,445,111.927,0503843582
490,445,116.839,79867893
495,445,121.047,9517726685
340,450,591,7369015019291
345,450,619,9148491924971
350,450,611,2279204895539
355,450,612,3076922102925
360,450,633,5280753003439
365,450,619,6221327654537
370,450,1.042,392269104457
375,450,889,2030250693402
380,450,740,8971912669664
385,450,886,0616907707144
390,450,914,2648769672031
395,450,943,7085246392325
400,450,1.103,495739876323
405,450,1.410,343934898912
410,450,1.516,343342836128
415,450,2.104,268688722696
420,450,2.292,47915574462
425,450,2.752,77946088239
430,450,4.778,085359227282
435,450,6.093,797463898866
440,450,13.160,23691082564
445,450,76.940,64297064868
450,450,6.815.041,304407134
455,450,65.997,36690814469
460,450,49.354,47404639495
465,450,58.101,62711211545
470,450,67.915,06146123599
475,450,78.206,55048508875
480,450,87.295,15299469607
485,450,94.172,61986540341
490,450,99.991,05103553337
495,450,105.182,4908404972
340,455,650,9114036724817
345,455,697,4620393489048
350,455,673,3379439842489
355,455,714,2452412932616
360,455,658,8296180432239
365,455,753,570610267042
370,455,802,7947366563685
375,455,993,6601956649349
380,455,999,2249619078323
385,455,851,9847042993941
390,455,836,6992121754361
395,455,954,5129050779394
400,455,1.031,051423215711
405,455,1.138,046944265602
410,455,1.641,15637791497
415,455,1.517,118522731689
420,455,2.289,182508117845
425,455,2.361,767977736063
430,455,2.854,928462593807
435,455,5.233,591564226761
440,455,6.376,992463804563
445,455,12.824,48595436349
450,455,72.698,13834086718
455,455,7.418.131,082468815
460,455,66.041,06549828711
465,455,46.179,37845490367
470,455,52.266,45649558391
475,455,61.520,19032432388
480,455,70.095,70694001506
485,455,76.496,05053768665
490,455,84.502,10868371527
495,455,89.136,56473458058
340,460,561,5231948260034
345,460,579,2019670804114
350,460,589,591806623465
355,460,754,6255946524655
360,460,683,6677978580924
365,460,779,1724976056704
370,460,755,8215147707737
375,460,712,2759065914854
380,460,862,6875854482773
385,460,918,9097417922409
390,460,918,0263264181574
395,460,815,265892386069
400,460,965,8673445952983
405,460,1.121,849564801403
410,460,1.003,077181851875
415,460,1.735,103176692121
420,460,1.582,862574872762
425,460,2.227,94976191587
430,460,2.383,426704767942
435,460,2.762,770888193613
440,460,4.764,938993670037
445,460,5.814,283024487591
450,460,13.466,06696770533
455,460,67.916,0422056453
460,460,7.285.148,702534788
465,460,65.636,82354470692
470,460,41.866,45704472794
475,460,47.472,62121263066
480,460,56.292,33346438718
485,460,62.707,13684958607
490,460,69.418,09536958906
495,460,73.631,89424755757
340,465,587,8474189032218
345,465,711,8473135420826
350,465,658,5297521429305
355,465,625,5432863686269
360,465,554,1425219776285
365,465,680,8179887821535
370,465,809,2106990690399
375,465,713,0062964687223
380,465,832,0369229719089
385,465,787,8543229408843
390,465,837,530808195263
395,465,900,8195864782836
400,465,856,1698687703979
405,465,959,2064139346242
410,465,1.062,423934184268
415,465,1.212,68299164544
420,465,1.474,255725135845
425,465,1.327,433022352778
430,465,2.164,769846545039
435,465,2.308,944986968139
440,465,2.554,953929904241
445,465,4.615,466069442507
450,465,6.411,086593187461
455,465,12.353,45513949961
460,465,68.037,75400427586
465,465,7.053.893,197094316
470,465,62.604,69830955321
475,465,37.857,33149899745
480,465,44.005,2238429005
485,465,50.364,86329522579
490,465,56.869,28370627315
495,465,61.876,52619772054
340,470,565,6513771805907
345,470,572,575226067112
350,470,642,1156563137093
355,470,559,6707845288842
360,470,638,0262174377992
365,470,676,9948025807819
370,470,700,8341698562392
375,470,626,1554477503815
380,470,777,1411482455298
385,470,874,6039569573094
390,470,904,8996757146343
395,470,1.119,937835707952
400,470,835,6267723657376
405,470,933,736090746591
410,470,934,8863949137889
415,470,1.094,539441661992
420,470,1.156,568399779744
425,470,1.425,969874427235
430,470,1.492,251868049966
435,470,2.342,88393299621
440,470,2.193,570382788349
445,470,2.579,368167861126
450,470,5.068,212067788998
455,470,6.257,453396252778
460,470,12.885,25282346927
465,470,70.196,9658063957
470,470,7.133.432,635876257
475,470,57.375,35900616989
480,470,36.233,66277614938
485,470,40.504,84134547538
490,470,45.704,53335567766
495,470,51.814,21779182497
340,475,531,4123950305516
345,475,650,910146751653
350,475,597,1796238200026
355,475,613,1883051534688
360,475,702,6541350960329
365,475,690,7448167996079
370,475,728,5375415457816
375,475,800,6651825881484
380,475,740,3618741348031
385,475,839,6152051184556
390,475,1.066,21621585495
395,475,1.054,918267533767
400,475,1.001,420460254976
405,475,1.055,790547079312
410,475,948,4116248787352
415,475,1.149,082761128651
420,475,1.165,88546682018
425,475,1.514,649219529868
430,475,1.514,708863129771
435,475,1.689,34063965665
440,475,2.650,167958354329
445,475,2.446,421843649571
450,475,2.973,526068557219
455,475,5.759,011345416786
460,475,7.190,538967584333
465,475,14.147,65339229914
470,475,71.614,49864070087
475,475,7.682.333,336771698
480,475,56.922,15613464983
485,475,33.311,22916758074
490,475,36.772,48000134035
495,475,41.779,80036585066
340,480,508,1471115378902
345,480,518,9370451388501
350,480,430,2074986339081
355,480,508,7248100489574
360,480,739,5464952833353
365,480,678,6677243400597
370,480,689,713444393298
375,480,685,246789650411
380,480,566,0003922514426
385,480,840,5706981105694
390,480,854,8787294849983
395,480,835,4248712613631
400,480,944,6616457323522
405,480,999,0879554649629
410,480,914,78937138456
415,480,1.025,431122548083
420,480,1.043,201347651327
425,480,1.046,474662460226
430,480,1.165,441819756066
435,480,1.548,835558756437
440,480,1.525,856155993012
445,480,2.521,885694228055
450,480,2.592,718539218272
455,480,2.672,486351731038
460,480,5.569,882438885791
465,480,6.509,129543936033
470,480,11.747,19348367999
475,480,62.751,08056295925
480,480,7.147.476,851509775
485,480,50.504,99149086834
490,480,30.290,5836524736
495,480,34.128,35381157394
340,485,569,7592413349341
345,485,627,8137432351336
350,485,596,6429893419496
355,485,570,1249542706596
360,485,743,7649912896832
365,485,688,7735152037656
370,485,618,3390980452932
375,485,721,8584663428695
380,485,814,5872465896531
385,485,764,9032322729702
390,485,703,8757615467566
395,485,779,8245709607601
400,485,829,0318980587571
405,485,987,8063223639266
410,485,948,6680371593801
415,485,948,6322774987387
420,485,873,9276199215988
425,485,1.227,079760927428
430,485,1.204,906612993361
435,485,1.118,8265691391
440,485,1.415,510924946321
445,485,1.517,022756772139
450,485,2.411,998006789974
455,485,2.688,848685272494
460,485,2.823,149634094742
465,485,6.661,814259575421
470,485,6.123,258036749196
475,485,12.387,36103939616
480,485,80.769,48337737955
485,485,6.845.757,309182752
490,485,46.579,78852006886
495,485,27.560,20184294993
340,490,589,8580488513578
345,490,687,5979729716233
350,490,594,0994949602716
355,490,626,9001785332284
360,490,812,6674431178346
365,490,747,5984207164589
370,490,654,5533116967007
375,490,741,1333466791252
380,490,769,6974428412931
385,490,731,1558830410535
390,490,756,8845531380554
395,490,721,1822388725174
400,490,867,2970066555703
405,490,914,6865151273228
410,490,991,4911678081858
415,490,1.084,605727656216
420,490,745,2971794718563
425,490,1.009,931685226356
430,490,1.063,426023675023
435,490,1.026,476413448887
440,490,1.346,223219525402
445,490,1.391,904162530006
450,490,1.597,711003682302
455,490,2.536,222354455951
460,490,2.478,279852541867
465,490,2.850,418377287427
470,490,5.684,361820351854
475,490,5.695,087966199584
480,490,12.089,95504885759
485,490,82.979,86152600065
490,490,6.598.670,843809735
495,490,42.139,93216623267
340,495,593,2131657047819
345,495,619,899536034994
350,495,599,4472261396804
355,495,656,4690672257616
360,495,661,3493360650399
365,495,678,1116975257459
370,495,614,7343899005328
375,495,689,4775523346814
380,495,834,6172915606395
385,495,777,9814118528844
390,495,795,1651711023502
395,495,835,7614736815908
400,495,716,5506758996477
405,495,857,5449045714254
410,495,874,6590513144122
415,495,992,5149555233734
420,495,1.014,404027278992
425,495,1.008,339191322425
430,495,1.010,44406461802
435,495,1.059,844452410379
440,495,1.091,620170315869
445,495,1.442,152414067495
450,495,1.455,593521824065
455,495,1.414,041103820364
460,495,2.519,654099103359
465,495,2.755,030689211042
470,495,2.590,336421200374
475,495,5.236,367882368387
480,495,5.947,897284940558
485,495,11.621,99797427516
490,495,89.949,57975806107
495,495,6.286.515,106737322
340,500,504,4326268602156
345,500,585,0354388078855
350,500,661,7288953390073
355,500,683,0278619051599
360,500,544,5520614379755
365,500,714,2494470049501
370,500,778,5510342749452
375,500,696,3121162581233
380,500,596,5970606751018
385,500,785,0358886284786
390,500,757,3524050674521
395,500,858,5504399871762
400,500,819,7981438663347
405,500,848,1726077745737
410,500,955,1672522278234
415,500,977,0099597844609
420,500,1.133,852052302157
425,500,1.024,375504605845
430,500,1.146,332929757606
435,500,1.050,3937338858
440,500,1.058,096426304879
445,500,1.245,760661999021
450,500,1.574,532315585897
455,500,1.362,919876088377
460,500,1.742,820426934056
465,500,2.704,647076208387
470,500,2.428,02181015014
475,500,2.453,580260365909
480,500,5.943,950779185469
485,500,5.331,758113331859
490,500,10.976,87957200927
495,500,63.220,65594717216
340,505,645,0538893332536
345,505,642,9596394703079
350,505,673,9535705934253
355,505,579,2429184417189
360,505,690,4465704344826
365,505,608,3226237159703
370,505,737,4912847423315
375,505,678,474689434524
380,505,626,5510080575234
385,505,725,5960971435911
390,505,707,2777639235604
395,505,916,5854380108112
400,505,835,2073579292282
405,505,949,5179960325228
410,505,782,5223453466449
415,505,766,7937779786898
420,505,997,5701814864262
425,505,1.161,313601615079
430,505,1.039,859141469425
435,505,985,1698870512513
440,505,1.145,402758256514
445,505,983,4055883806632
450,505,1.145,04737421734
455,505,1.349,062441168415
460,505,1.449,227558585328
465,505,1.642,890946922181
470,505,2.385,005923706264
475,505,2.190,893091581584
480,505,2.529,605468071453
485,505,4.235,24789619358
490,505,5.138,281879163303
495,505,9.531,493171253067
340,510,531,5651778589705
345,510,601,8013463161136
350,510,583,6183648326944
355,510,678,807316144596
360,510,591,6265359957873
365,510,736,2981139814773
370,510,548,6012629427328
375,510,689,1223922503962
380,510,748,0432747570934
385,510,754,0332558168736
390,510,777,4743149839982
395,510,800,2065526254105
400,510,765,0130729312896
405,510,922,5091639335615
410,510,840,6378467165408
415,510,895,5663506440339
420,510,886,5517510021612
425,510,863,8887176449557
430,510,1.150,706481560549
435,510,1.094,453838089848
440,510,1.033,084351512768
445,510,1.128,476688361027
450,510,1.030,713303518113
455,510,1.311,003527979283
460,510,1.825,616132178999
465,510,1.169,904130976499
470,510,1.643,651641010091
475,510,1.853,508343059304
480,510,2.436,701854117021
485,510,2.596,700332257315
490,510,4.419,186458086259
495,510,4.581,055970978911
340,515,638,3225100724477
345,515,703,335714359202
350,515,598,1347816021344
355,515,581,6181589512948
360,515,782,7556025261703
365,515,673,01932549995
370,515,669,2255055493835
375,515,691,5868212074529
380,515,745,3394692200544
385,515,716,1334587593784
390,515,821,7924936583032
395,515,796,3778140917428
400,515,710,9764081189161
405,515,722,1147996354614
410,515,925,9873757455981
415,515,872,9051517656887
420,515,910,5791426274294
425,515,890,4804232777495
430,515,928,7050834326675
435,515,1.094,469169505582
440,515,1.098,018737648298
445,515,1.067,218984040057
450,515,1.030,923875713605
455,515,909,8066023807053
460,515,1.096,200335733455
465,515,1.692,563319426841
470,515,1.288,599367106242
475,515,1.324,921711525334
480,515,2.135,260582628262
485,515,2.178,42220143058
490,515,2.174,479583560533
495,515,3.777,272501172129
340,520,523,4515298749949
345,520,534,5397230415192
350,520,693,4516906279505
355,520,807,2175627480286
360,520,677,1885339584727
365,520,576,8968589668303
370,520,635,5821678942199
375,520,736,3914110416433
380,520,764,3386693353701
385,520,741,5835582667376
390,520,847,3883514174445
395,520,807,530038094581
400,520,789,3502048567086
405,520,831,699459599724
410,520,844,6604232073781
415,520,997,962050044065
420,520,884,8231643667017
425,520,992,1754943468105
430,520,900,8596949564383
435,520,997,6143415368297
440,520,1.093,429503614913
445,520,1.129,609969242615
450,520,1.109,709446645149
455,520,963,5145869362738
460,520,1.074,020693142454
465,520,1.320,627876230367
470,520,1.356,636201860094
475,520,1.266,548592800162
480,520,1.475,693402935673
485,520,1.787,253981371095
490,520,1.949,736433571551
495,520,1.959,903095726346
340,525,575,4255201973772
345,525,672,4183659528226
350,525,665,8384803613293
355,525,654,1423182244769
360,525,647,3242451837078
365,525,726,4261634125925
370,525,726,2270100368087
375,525,816,7175056056127
380,525,751,3467985064766
385,525,715,9739405170877
390,525,723,035203492028
395,525,842,7973449645241
400,525,823,8962433935449
405,525,830,4426656323446
410,525,1.041,904729876518
415,525,855,2930925862471
420,525,1.030,880694227256
425,525,937,2723475538158
430,525,890,9191227214289
435,525,932,8681883778127
440,525,1.023,972822736084
445,525,1.014,55997617917
450,525,1.240,055007728296
455,525,1.196,439946387401
460,525,1.001,464593660239
465,525,1.127,550768272587
470,525,1.169,985474605426
475,525,1.282,448552961297
480,525,1.297,187813469502
485,525,1.478,978555006551
490,525,2.029,450305417923
495,525,2.013,170352160782
340,530,674,5653934712366
345,530,644,2884083169106
350,530,631,0187604519022
355,530,563,5279514348969
360,530,669,0687317137149
365,530,687,5718336313048
370,530,619,5327557052171
375,530,714,3687143743318
380,530,692,2777016145001
385,530,694,2914198252852
390,530,768,0676825671683
395,530,743,4689141464138
400,530,835,6703600387356
405,530,686,3147967747791
410,530,838,0713283516963
415,530,922,4792929196683
420,530,957,948708652322
425,530,981,5391601657392
430,530,798,4659133756142
435,530,1.013,128806209049
440,530,1.207,07940894484
445,530,926,3479235747118
450,530,1.158,89546043583
455,530,1.065,256964411146
460,530,931,562097515791
465,530,1.042,733286197675
470,530,987,6339818919151
475,530,1.184,596751725018
480,530,1.417,713768765028
485,530,1.390,570706108209
490,530,1.271,932024080737
495,530,1.935,668723137538
340,535,662,9459747955655
345,535,613,3504789288767
350,535,687,9237939038381
355,535,543,7074831882885
360,535,720,437767197037
365,535,777,1890192766836
370,535,700,179529773873
375,535,611,0074697408014
380,535,775,7496644620151
385,535,756,4634702226052
390,535,899,6421568305017
395,535,876,3779198762417
400,535,903,0876720451315
405,535,821,6512812030551
410,535,908,8899908150241
415,535,890,852131610966
420,535,952,3430840143437
425,535,1.093,56060906454
430,535,1.014,268772232536
435,535,1.028,274373560384
440,535,915,9028894756727
445,535,990,064948371638
450,535,913,2882336454779
455,535,1.181,008413613038
460,535,1.156,07245970978
465,535,1.186,128465432212
470,535,1.117,447423595366
475,535,1.041,688276232968
480,535,1.229,302608029562
485,535,1.162,296050662608
490,535,1.074,077038112512
495,535,1.180,675212254959
340,540,501,6989878153107
345,540,624,1877574360287
350,540,753,7474437225245
355,540,662,0139249471973
360,540,604,9323495602906
365,540,853,6853399651111
370,540,675,1987886496626
375,540,778,0544968629341
380,540,657,7580432359225
385,540,817,302216959116
390,540,920,6451222413665
395,540,925,458594199699
400,540,779,835160225733
405,540,830,0037640523472
410,540,1.036,276688394812
415,540,861,5066179939156
420,540,863,9721915357438
425,540,845,9784474718641
430,540,868,0419370440636
435,540,975,095532151093
440,540,946,2429131793973
445,540,1.012,679957531249
450,540,1.016,510810902883
455,540,1.115,198811494467
460,540,1.121,186746734109
465,540,1.044,204849895007
470,540,1.029,168104873816
475,540,990,0493329054902
480,540,1.155,765968531786
485,540,1.184,267879816752
490,540,1.273,75139119072
495,540,1.017,465515000672
340,545,645,2436236890874
345,545,565,9523749797814
350,545,551,2587823253374
355,545,532,1432367005675
360,545,704,6468956058795
365,545,725,2160694156373
370,545,783,4125861470292
375,545,758,6217519442812
380,545,821,9915152593708
385,545,828,4987720853511
390,545,867,8791609426518
395,545,947,5232859770733
400,545,861,090223781036
405,545,909,8165234487086
410,545,890,2228578443269
415,545,1.021,00444170801
420,545,1.014,75434599358
425,545,1.036,502399529967
430,545,965,5015633352421
435,545,987,6997649491084
440,545,939,2294119519702
445,545,1.017,203705481277
450,545,867,8791609426518
455,545,1.013,15544624868
460,545,1.032,549727166992
465,545,1.130,544907474422
470,545,1.036,071295924123
475,545,1.206,245212670049
480,545,980,9929642712268
485,545,1.055,737105490642
490,545,988,1508630356536
495,545,1.098,863810820634
340,550,515,487519643431
345,550,656,8642766793804
350,550,717,627789965683
355,550,785,9284957287497
360,550,784,2309540854257
365,550,730,7960148045307
370,550,756,3236615998721
375,550,772,2468984600986
380,550,791,595017830444
385,550,793,2424230491184
390,550,1.010,154712525993
395,550,1.002,395998910035
400,550,926,6747503059303
405,550,856,7833859756455
410,550,1.018,264869330427
415,550,1.006,521216247177
420,550,845,1480454596729
425,550,913,4950185056634
430,550,1.193,81129673878
435,550,1.097,403487285403
440,550,975,4283733771075
445,550,1.007,373802936641
450,550,1.014,521414454853
455,550,1.007,032594992888
460,550,1.082,385474942903
465,550,1.053,629100948677
470,550,1.193,948304258478
475,550,1.000,443417247961
480,550,978,6722172352685
485,550,947,1274281954238
490,550,988,3888113934589
495,550,1.292,371503045388
340,555,597,6754778525998
345,555,683,1412854948982
350,555,688,6773704170216
355,555,798,1810585289552
360,555,669,4902039527128
365,555,786,5430299726336
370,555,827,3382682958738
375,555,666,9417508880948
380,555,821,1678766635141
385,555,945,4475960897092
390,555,800,4641455473704
395,555,1.006,706739546631
400,555,1.175,468228105753
405,555,988,0138315979286
410,555,969,4502146785552
415,555,965,1333510707607
420,555,902,7988217298446
425,555,911,1223047172984
430,555,1.022,714439103473
435,555,1.093,23398788472
440,555,925,7140663620078
445,555,1.063,490447893107
450,555,1.117,21207915766
455,555,1.167,097579687885
460,555,1.244,160469080683
465,555,1.159,298108334132
470,555,967,5594653325433
475,555,1.304,852513073422
480,555,1.133,441113256073
485,555,1.270,533333358851
490,555,1.188,041384087963
495,555,923,1536402309233
340,560,624,3135037424352
345,560,582,3692358101507
350,560,754,3526210662271
355,560,853,5670810933815
360,560,847,2967080270433
365,560,725,0030719018085
370,560,847,8994176401866
375,560,906,7143855455161
380,560,932,7994161393154
385,560,1.047,79156544031
390,560,1.017,909792703927
395,560,976,3284832689329
400,560,1.084,63806194229
405,560,1.137,750906341661
410,560,1.144,849847647126
415,560,1.163,496304746906
420,560,956,5763243337227
425,560,1.056,140615335067
430,560,1.077,119939331216
435,560,1.104,22418453719
440,560,1.072,560021251974
445,560,1.183,254820920832
450,560,959,1164517835289
455,560,1.220,410604086166
460,560,1.078,941503981621
465,560,1.274,501742735459
470,560,1.027,950432903037
475,560,1.154,826050891045
480,560,1.239,030471586178
485,560,1.168,756766750402
490,560,1.060,449737104851
495,560,968,8053474389627
340,565,667,9829046959313
345,565,800,3375196074292
350,565,711,6705782585875
355,565,741,1883643212728
360,565,779,9541544340017
365,565,792,6741288840298
370,565,815,1957336977441
375,565,961,8789028651992
380,565,972,5969617999101
385,565,1.046,93660223845
390,565,875,5999909462148
395,565,1.058,355724553453
400,565,1.096,908783353034
405,565,1.345,222687061492
410,565,1.170,597425252621
415,565,1.331,771731369749
420,565,1.327,090095588749
425,565,1.114,322022376112
430,565,1.152,150327077457
435,565,1.128,303397273806
440,565,1.127,788589865276
445,565,1.083,864056666731
450,565,1.150,625066441775
455,565,1.244,742580562724
460,565,1.244,175706266083
465,565,1.187,904686167829
470,565,1.269,283382307236
475,565,1.253,236667669422
480,565,1.098,21015813593
485,565,1.172,895229018068
490,565,1.105,731407962443
495,565,1.164,14327480451
340,570,741,6446084849712
345,570,795,539645958621
350,570,696,3022442807741
355,570,771,0237587767989
360,570,902,2386468790912
365,570,999,9216669607985
370,570,899,9437236224501
375,570,873,4907734875287
380,570,1.141,101036262772
385,570,1.166,251124382742
390,570,1.136,064112608092
395,570,1.239,398798987181
400,570,1.179,049300496125
405,570,1.163,664365269467
410,570,1.022,268313488732
415,570,1.367,873064735853
420,570,1.295,053107218706
425,570,1.468,765371709287
430,570,1.027,746628687
435,570,1.247,417303784255
440,570,1.218,923839408223
445,570,1.382,029626910451
450,570,1.235,724902369765
455,570,1.348,879103278556
460,570,1.355,07556307656
465,570,1.373,650038276994
470,570,1.258,293299458687
475,570,1.190,238096147565
480,570,1.481,095813321928
485,570,1.082,847176510287
490,570,1.082,345974392023
495,570,1.192,016646010232
