A	B	C
320	300	5,224.56
325	300	6,890.98
330	300	10,326.8
335	300	12,451.3
340	300	18,009
345	300	21,464.9
350	300	26,705.3
355	300	35,643.7
360	300	40,573.5
365	300	44,781.1
370	300	56,478.1
375	300	64,275
380	300	72,272.6
385	300	80,437.3
390	300	84,761.5
395	300	93,347.4
400	300	95,614.4
405	300	96,416.8
410	300	97,852.9
415	300	79,964.9
420	300	78,300.6
425	300	101,193
430	300	118,747
435	300	126,921
440	300	126,878
445	300	124,523
450	300	126,872
455	300	126,005
460	300	121,830
465	300	118,745
470	300	116,144
475	300	109,085
480	300	103,284
485	300	98,690
490	300	96,004.9
495	300	90,795.2
500	300	84,145.9
505	300	78,558.8
510	300	74,327.3
515	300	67,690.1
520	300	64,606.2
525	300	60,331.7
530	300	55,302.6
535	300	51,505.8
540	300	48,117.3
545	300	41,593.8
550	300	37,432.4
555	300	35,855.4
560	300	31,968.3
565	300	27,617.8
570	300	25,160.9
575	300	23,170
580	300	20,234
585	300	18,882.4
590	300	17,205.6
595	300	16,331.6
600	300	26,317.8
320	305	4,222.52
325	305	6,049.16
330	305	10,190.5
335	305	15,171.4
340	305	18,749.6
345	305	25,520.4
350	305	34,190
355	305	44,210.2
360	305	51,736.1
365	305	62,592.5
370	305	74,549
375	305	83,519.5
380	305	95,486.6
385	305	103,810
390	305	112,230
395	305	119,078
400	305	124,537
405	305	129,506
410	305	120,730
415	305	103,264
420	305	100,196
425	305	124,989
430	305	151,026
435	305	156,699
440	305	154,500
445	305	152,670
450	305	154,890
455	305	148,509
460	305	146,699
465	305	140,394
470	305	132,437
475	305	130,525
480	305	123,011
485	305	117,490
490	305	109,373
495	305	108,248
500	305	100,726
505	305	92,733.4
510	305	86,813.8
515	305	80,059.6
520	305	73,981
525	305	69,874.7
530	305	64,167.1
535	305	58,354.3
540	305	55,201.2
545	305	48,910.9
550	305	45,454.1
555	305	40,158.9
560	305	35,829.6
565	305	34,125.3
570	305	29,748.1
575	305	26,528.1
580	305	24,166.8
585	305	20,973.5
590	305	19,853.3
595	305	16,734.7
600	305	15,136.6
320	310	3,515.81
325	310	5,832.77
330	310	9,663.24
335	310	14,537.6
340	310	21,828.4
345	310	28,252.3
350	310	40,410.8
355	310	52,285.8
360	310	64,131.1
365	310	78,228.4
370	310	93,809.2
375	310	108,841
380	310	120,718
385	310	137,283
390	310	152,814
395	310	160,330
400	310	164,210
405	310	165,220
410	310	158,349
415	310	128,450
420	310	122,004
425	310	157,899
430	310	187,055
435	310	194,884
440	310	196,322
445	310	192,171
450	310	187,517
455	310	187,384
460	310	181,296
465	310	170,840
470	310	164,445
475	310	157,460
480	310	146,565
485	310	138,248
490	310	129,731
495	310	124,639
500	310	117,101
505	310	109,737
510	310	99,813.8
515	310	93,062.5
520	310	86,368.2
525	310	81,001.7
530	310	73,570.2
535	310	68,920.5
540	310	61,505.1
545	310	55,415.4
550	310	51,044.6
555	310	46,415.7
560	310	42,821.1
565	310	37,502.2
570	310	33,592.4
575	310	30,648.2
580	310	26,389.1
585	310	24,042.1
590	310	21,946.1
595	310	19,977.2
600	310	17,546.1
320	315	2,878.25
325	315	4,755.75
330	315	8,335.01
335	315	13,289.4
340	315	21,886.7
345	315	32,015.7
350	315	43,506.4
355	315	59,586.8
360	315	78,394.4
365	315	94,630.3
370	315	116,747
375	315	140,426
380	315	157,118
385	315	179,752
390	315	192,737
395	315	204,750
400	315	213,724
405	315	212,935
410	315	202,294
415	315	165,736
420	315	158,671
425	315	203,250
430	315	235,711
435	315	239,432
440	315	243,169
445	315	238,026
450	315	234,028
455	315	230,077
460	315	218,593
465	315	212,499
470	315	198,989
475	315	185,392
480	315	177,035
485	315	166,714
490	315	157,936
495	315	147,174
500	315	139,171
505	315	131,331
510	315	120,220
515	315	109,996
520	315	100,656
525	315	96,457.5
530	315	88,859.1
535	315	80,242.6
540	315	73,834.1
545	315	66,488.1
550	315	59,354.3
555	315	56,412.9
560	315	48,997
565	315	44,613
570	315	39,702.3
575	315	35,610
580	315	31,074.7
585	315	28,212
590	315	24,550.1
595	315	21,854.9
600	315	20,792.3
320	320	77,902.6
325	320	4,266.54
330	320	7,115.56
335	320	12,570.2
340	320	21,166.1
345	320	33,233.4
350	320	48,919.5
355	320	66,896.7
360	320	89,843.7
365	320	113,075
370	320	141,728
375	320	166,778
380	320	195,523
385	320	222,174
390	320	244,870
395	320	264,448
400	320	269,472
405	320	274,004
410	320	256,690
415	320	211,318
420	320	204,013
425	320	257,571
430	320	301,900
435	320	309,521
440	320	303,950
445	320	293,747
450	320	289,755
455	320	279,240
460	320	269,022
465	320	252,469
470	320	241,871
475	320	223,514
480	320	209,711
485	320	203,143
490	320	189,877
495	320	174,285
500	320	168,554
505	320	150,474
510	320	139,867
515	320	131,215
520	320	121,773
525	320	114,240
530	320	104,427
535	320	95,124.4
540	320	84,912.7
545	320	78,266.5
550	320	71,514.8
555	320	64,843
560	320	59,051.8
565	320	52,787.1
570	320	45,400.1
575	320	42,595
580	320	36,828.7
585	320	32,076.8
590	320	29,350.8
595	320	26,995.4
600	320	21,415.9
320	325	2,177.24
325	325	91,456.8
330	325	6,023.02
335	325	10,369.3
340	325	19,484.5
345	325	31,585.3
350	325	47,984.1
355	325	70,945.7
360	325	97,845.2
365	325	125,118
370	325	162,330
375	325	197,720
380	325	232,303
385	325	266,970
390	325	303,106
395	325	327,905
400	325	335,798
405	325	347,054
410	325	329,706
415	325	271,064
420	325	260,924
425	325	324,779
430	325	377,356
435	325	390,731
440	325	377,787
445	325	369,584
450	325	357,810
455	325	345,417
460	325	330,799
465	325	310,849
470	325	293,491
475	325	274,204
480	325	256,859
485	325	242,398
490	325	227,755
495	325	209,833
500	325	199,190
505	325	181,329
510	325	165,489
515	325	153,134
520	325	141,848
525	325	130,398
530	325	122,261
535	325	112,233
540	325	101,198
545	325	92,342.2
550	325	83,031.4
555	325	74,360.4
560	325	69,420.9
565	325	59,324.7
570	325	54,402.9
575	325	48,918
580	325	41,612
585	325	37,016.3
590	325	33,286.7
595	325	29,722
600	325	27,191.7
320	330	1,623.24
325	330	2,335.19
330	330	127,292
335	330	8,351.62
340	330	14,158.9
345	330	26,418.4
350	330	44,868
355	330	67,617.2
360	330	95,218.2
365	330	131,337
370	330	172,718
375	330	219,356
380	330	263,296
385	330	310,305
390	330	352,224
395	330	384,379
400	330	407,882
405	330	420,714
410	330	397,498
415	330	330,952
420	330	321,756
425	330	404,915
430	330	460,492
435	330	481,138
440	330	470,430
445	330	453,101
450	330	440,386
455	330	422,974
460	330	403,519
465	330	376,651
470	330	355,178
475	330	329,964
480	330	313,482
485	330	291,761
490	330	271,309
495	330	249,931
500	330	233,199
505	330	216,032
510	330	197,846
515	330	182,483
520	330	165,679
525	330	153,630
530	330	141,567
535	330	129,492
540	330	118,729
545	330	105,405
550	330	93,400.9
555	330	85,663.2
560	330	77,119
565	330	70,099.4
570	330	60,128.7
575	330	56,575.3
580	330	48,199.1
585	330	43,823.6
590	330	37,743.6
595	330	36,274.7
600	330	30,792.3
320	335	1,429.25
325	335	1,792.66
330	335	2,947.44
335	335	170,824
340	335	10,794.7
345	335	19,443.5
350	335	35,112.4
355	335	57,647.5
360	335	86,956.9
365	335	127,790
370	335	176,772
375	335	228,414
380	335	283,724
385	335	338,734
390	335	399,832
395	335	437,866
400	335	471,169
405	335	496,317
410	335	473,310
415	335	398,793
420	335	380,939
425	335	479,763
430	335	555,648
435	335	566,710
440	335	561,649
445	335	549,031
450	335	529,138
455	335	506,950
460	335	481,736
465	335	453,135
470	335	422,602
475	335	396,054
480	335	365,332
485	335	341,785
490	335	318,197
495	335	295,429
500	335	272,539
505	335	248,894
510	335	227,699
515	335	208,660
520	335	194,341
525	335	177,423
530	335	163,873
535	335	148,517
540	335	134,967
545	335	122,037
550	335	108,633
555	335	98,372.2
560	335	88,207.8
565	335	80,067
570	335	71,315.4
575	335	62,904.1
580	335	56,537.9
585	335	50,714.2
590	335	44,225.7
595	335	38,651.1
600	335	33,857.9
320	340	1,367.08
325	340	1,231.48
330	340	1,555.17
335	340	3,287.65
340	340	230,411
345	340	13,695.6
350	340	24,654.2
355	340	43,701.8
360	340	72,206.4
365	340	110,665
370	340	159,327
375	340	217,231
380	340	284,767
385	340	348,426
390	340	412,607
395	340	469,538
400	340	513,547
405	340	540,865
410	340	528,552
415	340	445,271
420	340	431,037
425	340	546,355
430	340	637,495
435	340	658,802
440	340	646,404
445	340	631,209
450	340	605,440
455	340	590,652
460	340	556,797
465	340	514,620
470	340	485,970
475	340	450,329
480	340	419,790
485	340	393,767
490	340	363,867
495	340	337,076
500	340	310,446
505	340	287,823
510	340	265,495
515	340	240,562
520	340	220,771
525	340	201,943
530	340	185,037
535	340	164,931
540	340	149,722
545	340	135,160
550	340	122,248
555	340	109,599
560	340	98,621.6
565	340	89,750.8
570	340	77,987.6
575	340	68,849.2
580	340	62,264.9
585	340	54,991.4
590	340	50,747
595	340	44,108.2
600	340	39,841.9
320	345	1,518.61
325	345	1,456.61
330	345	1,358.37
335	345	1,859.55
340	345	3,879.74
345	345	283,595
350	345	16,811.6
355	345	30,918.3
360	345	55,096.6
365	345	88,187.6
370	345	135,477
375	345	195,668
380	345	262,868
385	345	342,491
390	345	411,303
395	345	475,809
400	345	522,733
405	345	565,859
410	345	561,282
415	345	472,111
420	345	466,755
425	345	592,557
430	345	693,928
435	345	722,041
440	345	717,020
445	345	692,799
450	345	669,363
455	345	650,392
460	345	618,495
465	345	578,531
470	345	544,445
475	345	505,582
480	345	462,263
485	345	433,583
490	345	404,048
495	345	376,467
500	345	346,414
505	345	314,644
510	345	291,158
515	345	265,216
520	345	242,714
525	345	223,204
530	345	201,529
535	345	182,948
540	345	164,847
545	345	144,562
550	345	133,848
555	345	119,542
560	345	104,954
565	345	94,578
570	345	84,189.2
575	345	76,152.3
580	345	65,534.6
585	345	58,949.7
590	345	52,997.1
595	345	46,243.3
600	345	42,310.6
320	350	1,236.06
325	350	1,429.71
330	350	1,551.35
335	350	1,130.29
340	350	1,706.7
345	350	4,685.32
350	350	367,750
355	350	21,549.3
360	350	37,776
365	350	66,778
370	350	107,959
375	350	163,417
380	350	231,483
385	350	305,169
390	350	394,492
395	350	458,673
400	350	518,723
405	350	564,436
410	350	570,860
415	350	492,343
420	350	493,204
425	350	627,179
430	350	742,935
435	350	770,617
440	350	771,400
445	350	748,028
450	350	727,181
455	350	709,722
460	350	670,336
465	350	632,394
470	350	593,796
475	350	554,668
480	350	515,057
485	350	472,571
490	350	441,561
495	350	405,492
500	350	374,621
505	350	339,475
510	350	313,116
515	350	288,277
520	350	260,961
525	350	238,959
530	350	216,686
535	350	196,800
540	350	179,345
545	350	161,074
550	350	142,990
555	350	128,816
560	350	115,702
565	350	101,013
570	350	91,031.8
575	350	81,997.3
580	350	70,305.5
585	350	62,439
590	350	55,286.1
595	350	49,887.2
600	350	43,995.2
320	355	1,270.54
325	355	1,119.97
330	355	1,355.32
335	355	1,339.34
340	355	1,575.22
345	355	2,399.35
350	355	5,744.28
355	355	478,882
360	355	24,906.4
365	355	45,518.2
370	355	81,777.7
375	355	132,368
380	355	197,818
385	355	272,782
390	355	352,723
395	355	433,095
400	355	495,613
405	355	553,638
410	355	565,883
415	355	497,217
420	355	498,842
425	355	650,334
430	355	768,583
435	355	809,675
440	355	820,927
445	355	808,176
450	355	790,480
455	355	765,233
460	355	735,761
465	355	693,095
470	355	648,038
475	355	603,719
480	355	559,247
485	355	524,163
490	355	483,429
495	355	444,975
500	355	406,614
505	355	373,511
510	355	343,774
515	355	308,976
520	355	282,517
525	355	261,094
530	355	237,375
535	355	213,153
540	355	192,640
545	355	173,329
550	355	153,506
555	355	139,755
560	355	123,576
565	355	111,972
570	355	98,314.7
575	355	86,613.3
580	355	76,466.7
585	355	68,391
590	355	59,560.4
595	355	53,227.2
600	355	46,694.9
320	360	1,195.78
325	360	1,400.37
330	360	1,062.21
335	360	1,278
340	360	1,420.54
345	360	1,501.82
350	360	2,558.61
355	360	6,875.94
360	360	639,802
365	360	32,621.2
370	360	58,435.9
375	360	98,630.9
380	360	158,926
385	360	230,132
390	360	309,744
395	360	385,225
400	360	463,219
405	360	531,050
410	360	554,916
415	360	494,486
420	360	505,847
425	360	661,707
430	360	789,623
435	360	846,379
440	360	854,004
445	360	846,066
450	360	839,761
455	360	820,166
460	360	774,694
465	360	746,611
470	360	694,709
475	360	651,438
480	360	601,483
485	360	567,843
490	360	524,624
495	360	485,284
500	360	444,656
505	360	405,035
510	360	371,021
515	360	337,616
520	360	308,874
525	360	283,226
530	360	256,063
535	360	233,293
540	360	209,312
545	360	187,119
550	360	167,019
555	360	148,681
560	360	131,661
565	360	116,754
570	360	106,847
575	360	93,378.5
580	360	81,717.8
585	360	72,003.7
590	360	64,831.3
595	360	58,363
600	360	50,120.4
320	365	1,137.74
325	365	1,171.77
330	365	1,270.92
335	365	1,291.5
340	365	1,170.66
345	365	1,248.53
350	365	1,671.84
355	365	2,861.95
360	365	8,405.42
365	365	815,677
370	365	40,135
375	365	69,282.5
380	365	117,738
385	365	180,698
390	365	260,213
395	365	332,518
400	365	406,252
405	365	483,455
410	365	515,646
415	365	463,125
420	365	491,970
425	365	655,487
430	365	792,409
435	365	852,602
440	365	874,096
445	365	874,710
450	365	867,013
455	365	849,343
460	365	820,115
465	365	781,974
470	365	734,686
475	365	692,372
480	365	646,633
485	365	599,879
490	365	558,845
495	365	521,418
500	365	474,359
505	365	437,030
510	365	395,697
515	365	361,194
520	365	326,920
525	365	301,140
530	365	275,599
535	365	245,598
540	365	221,266
545	365	198,992
550	365	175,546
555	365	159,160
560	365	140,644
565	365	128,065
570	365	111,212
575	365	98,574.3
580	365	86,339.2
585	365	76,872.6
590	365	67,532.5
595	365	60,536.2
600	365	52,010.6
320	370	1,316
325	370	1,052.8
330	370	1,198.07
335	370	1,244
340	370	1,244.64
345	370	1,415.05
350	370	1,325.44
355	370	1,822.98
360	370	3,153.13
365	370	10,129.7
370	370	1.02185e+06
375	370	47,041.7
380	370	79,826.3
385	370	132,150
390	370	196,992
395	370	267,330
400	370	334,901
405	370	411,231
410	370	452,196
415	370	423,422
420	370	454,706
425	370	606,316
430	370	746,973
435	370	817,644
440	370	845,544
445	370	859,690
450	370	857,721
455	370	849,721
460	370	825,125
465	370	792,787
470	370	746,770
475	370	704,203
480	370	653,690
485	370	617,356
490	370	570,741
495	370	529,251
500	370	488,832
505	370	446,898
510	370	407,333
515	370	375,449
520	370	338,934
525	370	306,902
530	370	281,416
535	370	252,473
540	370	228,678
545	370	204,295
550	370	183,668
555	370	164,775
560	370	146,495
565	370	126,751
570	370	113,667
575	370	101,227
580	370	89,422
585	370	78,774.1
590	370	65,990.8
595	370	62,257.7
600	370	54,611.5
320	375	1,246.37
325	375	1,058.95
330	375	1,067.3
335	375	1,123.6
340	375	1,160.94
345	375	1,243.85
350	375	1,274.13
355	375	1,432.87
360	375	1,588.25
365	375	3,833.86
370	375	13,076.1
375	375	1.1876e+06
380	375	54,235.4
385	375	88,105.7
390	375	139,871
395	375	197,488
400	375	260,539
405	375	332,468
410	375	374,310
415	375	359,731
420	375	390,786
425	375	538,426
430	375	677,360
435	375	747,902
440	375	791,121
445	375	805,149
450	375	811,567
455	375	804,216
460	375	792,052
465	375	762,290
470	375	721,349
475	375	682,875
480	375	645,083
485	375	604,617
490	375	563,423
495	375	521,858
500	375	483,963
505	375	438,771
510	375	403,731
515	375	367,482
520	375	337,449
525	375	307,851
530	375	276,713
535	375	251,626
540	375	223,930
545	375	201,565
550	375	177,758
555	375	161,444
560	375	142,763
565	375	127,432
570	375	111,440
575	375	99,914
580	375	88,994
585	375	77,250.8
590	375	67,122.6
595	375	60,724.2
600	375	54,096.7
320	380	962.006
325	380	1,035.63
330	380	1,086.4
335	380	922.125
340	380	931.075
345	380	1,079.94
350	380	964.182
355	380	1,195.66
360	380	1,295.88
365	380	1,984.01
370	380	4,293.57
375	380	15,499.5
380	380	1.35678e+06
385	380	58,765.1
390	380	93,443.3
395	380	135,921
400	380	192,309
405	380	249,912
410	380	297,393
415	380	290,509
420	380	329,420
425	380	463,364
430	380	587,703
435	380	660,285
440	380	703,579
445	380	728,015
450	380	742,839
455	380	745,033
460	380	736,694
465	380	705,566
470	380	681,360
475	380	649,015
480	380	613,922
485	380	580,125
490	380	536,977
495	380	502,050
500	380	462,700
505	380	426,037
510	380	386,322
515	380	353,140
520	380	322,865
525	380	297,663
530	380	268,223
535	380	240,918
540	380	217,769
545	380	196,942
550	380	175,281
555	380	156,100
560	380	138,910
565	380	122,400
570	380	110,316
575	380	95,514.2
580	380	86,495.8
585	380	73,887.8
590	380	65,452.7
595	380	59,017.7
600	380	51,502.5
320	385	821.44
325	385	887.461
330	385	828.949
335	385	739.663
340	385	887.022
345	385	864.062
350	385	917.474
355	385	987.785
360	385	1,017.06
365	385	1,424
370	385	2,154.95
375	385	4,699.23
380	385	17,934.2
385	385	1.53769e+06
390	385	58,962.6
395	385	89,252.7
400	385	129,723
405	385	180,516
410	385	223,706
415	385	226,773
420	385	262,087
425	385	378,328
430	385	497,271
435	385	569,671
440	385	611,590
445	385	634,763
450	385	665,423
455	385	675,675
460	385	668,229
465	385	650,854
470	385	628,034
475	385	595,981
480	385	564,921
485	385	537,784
490	385	502,938
495	385	474,654
500	385	438,383
505	385	400,523
510	385	369,586
515	385	334,901
520	385	308,058
525	385	282,638
530	385	258,203
535	385	233,814
540	385	206,468
545	385	187,642
550	385	166,291
555	385	149,897
560	385	131,601
565	385	117,155
570	385	105,561
575	385	92,483
580	385	81,604.2
585	385	71,194.4
590	385	62,824.7
595	385	56,418
600	385	48,492
320	390	934.338
325	390	739.521
330	390	925.956
335	390	746.855
340	390	761.318
345	390	701.114
350	390	806.678
355	390	937.126
360	390	923.453
365	390	1,083.88
370	390	1,153.83
375	390	2,234.37
380	390	5,122.09
385	390	18,296.8
390	390	1.67978e+06
395	390	57,443.2
400	390	83,807.8
405	390	122,303
410	390	159,556
415	390	171,085
420	390	203,424
425	390	303,030
430	390	400,702
435	390	472,782
440	390	522,246
445	390	552,369
450	390	581,075
455	390	592,536
460	390	595,486
465	390	588,383
470	390	568,030
475	390	545,060
480	390	521,116
485	390	497,229
490	390	467,401
495	390	437,273
500	390	409,256
505	390	377,268
510	390	345,202
515	390	315,868
520	390	290,340
525	390	265,204
530	390	241,638
535	390	216,911
540	390	195,723
545	390	175,544
550	390	154,417
555	390	140,132
560	390	124,447
565	390	111,948
570	390	97,339.4
575	390	86,760.6
580	390	77,539.8
585	390	67,672.4
590	390	60,244.5
595	390	51,878.8
600	390	46,492.3
320	395	674.875
325	395	639.491
330	395	743.825
335	395	626.731
340	395	960.88
345	395	692.953
350	395	758.844
355	395	833.337
360	395	748.905
365	395	884.14
370	395	914.732
375	395	1,365.68
380	395	2,341.69
385	395	5,047.02
390	395	18,347
395	395	1.73265e+06
400	395	54,193.7
405	395	80,201.2
410	395	109,916
415	395	120,059
420	395	153,000
425	395	233,060
430	395	319,555
435	395	378,973
440	395	426,996
445	395	464,962
450	395	491,866
455	395	511,154
460	395	515,252
465	395	511,705
470	395	502,848
475	395	483,867
480	395	466,429
485	395	444,784
490	395	420,294
495	395	397,205
500	395	369,919
505	395	343,207
510	395	315,670
515	395	288,523
520	395	267,667
525	395	244,004
530	395	222,233
535	395	202,519
540	395	181,242
545	395	162,276
550	395	145,864
555	395	130,063
560	395	116,055
565	395	102,835
570	395	91,072.8
575	395	80,236.7
580	395	70,871
585	395	61,904.8
590	395	55,003.3
595	395	48,471
600	395	43,727.5
320	400	715.261
325	400	623.29
330	400	613.025
335	400	556.662
340	400	639.437
345	400	742.379
350	400	744.139
355	400	664.136
360	400	709.629
365	400	755.514
370	400	750.535
375	400	889.072
380	400	1,462.53
385	400	2,418.76
390	400	5,567.83
395	400	18,838.5
400	400	1.76427e+06
405	400	53,288.4
410	400	72,781.3
415	400	84,807.4
420	400	108,617
425	400	175,039
430	400	247,108
435	400	304,745
440	400	350,571
445	400	385,555
450	400	416,539
455	400	438,273
460	400	448,774
465	400	448,587
470	400	443,358
475	400	433,884
480	400	418,998
485	400	400,467
490	400	382,284
495	400	361,057
500	400	340,479
505	400	316,483
510	400	289,886
515	400	269,153
520	400	248,853
525	400	228,380
530	400	207,781
535	400	187,629
540	400	169,749
545	400	152,831
550	400	136,972
555	400	122,437
560	400	108,513
565	400	97,039.6
570	400	85,384.5
575	400	76,077.4
580	400	65,979.4
585	400	58,588.9
590	400	52,247.7
595	400	45,028
600	400	39,728.2
320	405	528.86
325	405	663.024
330	405	702.773
335	405	657.978
340	405	635.138
345	405	685.372
350	405	740.371
355	405	673.809
360	405	791.032
365	405	753.473
370	405	813.17
375	405	814.578
380	405	1,018.57
385	405	1,373.91
390	405	2,582.91
395	405	5,674.73
400	405	18,956.7
405	405	1.79648e+06
410	405	50,195.7
415	405	57,279.8
420	405	79,151.8
425	405	130,856
430	405	192,547
435	405	243,853
440	405	283,910
445	405	323,469
450	405	351,537
455	405	377,166
460	405	391,438
465	405	400,429
470	405	393,611
475	405	387,708
480	405	378,066
485	405	368,415
490	405	352,313
495	405	336,234
500	405	313,550
505	405	294,723
510	405	275,829
515	405	252,173
520	405	233,459
525	405	216,925
530	405	198,462
535	405	179,629
540	405	162,900
545	405	146,284
550	405	130,150
555	405	117,030
560	405	105,393
565	405	93,070.5
570	405	82,220.6
575	405	71,738
580	405	64,690.7
585	405	58,012.7
590	405	50,053.4
595	405	43,533.8
600	405	39,707.3
320	410	586.71
325	410	427.133
330	410	576.434
335	410	671.935
340	410	593.632
345	410	529.365
350	410	577.219
355	410	662.423
360	410	609.858
365	410	696.015
370	410	667.367
375	410	685.132
380	410	811.243
385	410	1,020.95
390	410	1,395.54
395	410	2,694.17
400	410	5,888.43
405	410	18,077.4
410	410	1.58957e+06
415	410	38,919.7
420	410	50,994.4
425	410	89,957
430	410	134,748
435	410	175,887
440	410	215,210
445	410	249,471
450	410	277,853
455	410	301,819
460	410	318,306
465	410	328,824
470	410	329,819
475	410	330,310
480	410	322,854
485	410	314,521
490	410	304,445
495	410	290,744
500	410	273,796
505	410	257,270
510	410	238,401
515	410	221,614
520	410	208,073
525	410	195,001
530	410	175,858
535	410	162,331
540	410	144,770
545	410	130,374
550	410	116,717
555	410	105,270
560	410	94,694.7
565	410	85,602.6
570	410	75,266.4
575	410	66,288
580	410	59,319.3
585	410	52,479.9
590	410	46,427.5
595	410	40,323.6
600	410	36,886.6
320	415	600.274
325	415	430.413
330	415	549.659
335	415	604.466
340	415	536.884
345	415	450.432
350	415	461.565
355	415	720.426
360	415	590.747
365	415	516.278
370	415	536.229
375	415	696.951
380	415	713.996
385	415	789.386
390	415	956.782
395	415	1,483.55
400	415	2,468.32
405	415	5,334.43
410	415	14,222.6
415	415	1.0939e+06
420	415	29,527.1
425	415	50,606.6
430	415	79,079.9
435	415	108,246
440	415	136,016
445	415	162,265
450	415	184,923
455	415	206,383
460	415	220,099
465	415	228,653
470	415	233,185
475	415	236,903
480	415	232,785
485	415	229,981
490	415	223,755
495	415	215,914
500	415	205,371
505	415	194,753
510	415	182,344
515	415	168,872
520	415	159,095
525	415	147,992
530	415	134,729
535	415	124,248
540	415	111,076
545	415	101,496
550	415	90,245.8
555	415	83,068.6
560	415	73,681.7
565	415	66,058.5
570	415	58,110.3
575	415	52,041.6
580	415	45,050.2
585	415	40,470.9
590	415	36,320.9
595	415	32,519.3
600	415	29,797.9
320	420	448.189
325	420	524.936
330	420	442.783
335	420	489.03
340	420	586.024
345	420	596.38
350	420	600.414
355	420	481.813
360	420	620.596
365	420	524.337
370	420	548.949
375	420	580.266
380	420	621.744
385	420	658.04
390	420	856.375
395	420	926.791
400	420	1,372.95
405	420	2,158.01
410	420	5,041.4
415	420	11,794.6
420	420	1.02212e+06
425	420	35,183
430	420	53,768.7
435	420	76,235.9
440	420	97,095.3
445	420	120,251
450	420	142,447
455	420	161,757
460	420	178,448
465	420	185,379
470	420	193,852
475	420	196,612
480	420	199,163
485	420	196,435
490	420	193,487
495	420	187,573
500	420	180,647
505	420	171,087
510	420	161,043
515	420	153,520
520	420	142,699
525	420	132,496
530	420	122,068
535	420	112,552
540	420	101,368
545	420	93,582.4
550	420	82,416.3
555	420	75,603.1
560	420	66,214
565	420	59,621.6
570	420	54,368.9
575	420	47,390.5
580	420	42,474.4
585	420	37,514.8
590	420	33,772.5
595	420	30,280.2
600	420	27,616.2
320	425	650.331
325	425	482.986
330	425	477.872
335	425	586.53
340	425	487.545
345	425	636.057
350	425	614.731
355	425	544.652
360	425	571.644
365	425	572.359
370	425	618.907
375	425	577.658
380	425	645.278
385	425	832.242
390	425	900.972
395	425	846.027
400	425	1,190.49
405	425	1,969.47
410	425	2,997.73
415	425	5,072.96
420	425	16,072.1
425	425	1.66531e+06
430	425	52,219.8
435	425	72,373.5
440	425	96,636.8
445	425	124,380
450	425	150,338
455	425	174,816
460	425	196,997
465	425	213,995
470	425	222,365
475	425	232,054
480	425	235,257
485	425	237,518
490	425	234,065
495	425	228,896
500	425	219,246
505	425	210,097
510	425	199,469
515	425	187,874
520	425	179,686
525	425	167,433
530	425	154,805
535	425	142,852
540	425	129,021
545	425	118,213
550	425	105,885
555	425	96,750.5
560	425	85,904.7
565	425	77,277.8
570	425	70,148.1
575	425	61,491.1
580	425	54,942.2
585	425	48,181.3
590	425	43,402.5
595	425	39,385.2
600	425	34,577.5
320	430	531.109
325	430	568.785
330	430	622.117
335	430	590.378
340	430	546.802
345	430	472.649
350	430	628.437
355	430	690.634
360	430	616.652
365	430	554.786
370	430	659.521
375	430	660.128
380	430	652.405
385	430	622.042
390	430	712.168
395	430	738.388
400	430	816.93
405	430	1,323.89
410	430	1,963.24
415	430	3,154.63
420	430	6,874.74
425	430	25,897.5
430	430	2.2953e+06
435	430	65,335.5
440	430	88,893.4
445	430	116,083
450	430	144,206
455	430	172,904
460	430	199,343
465	430	220,473
470	430	235,290
475	430	248,312
480	430	257,056
485	430	259,815
490	430	262,239
495	430	259,708
500	430	251,069
505	430	244,597
510	430	231,524
515	430	218,488
520	430	209,981
525	430	196,132
530	430	181,976
535	430	168,907
540	430	156,333
545	430	139,370
550	430	126,513
555	430	113,951
560	430	103,534
565	430	92,563.3
570	430	84,253.4
575	430	73,535.6
580	430	65,580
585	430	58,405
590	430	51,633.9
595	430	45,734
600	430	41,325.6
320	435	517.189
325	435	621.719
330	435	516.705
335	435	502.456
340	435	554.89
345	435	511.034
350	435	539.711
355	435	659.397
360	435	693.24
365	435	560.394
370	435	660.48
375	435	575.039
380	435	622.86
385	435	601.253
390	435	780.696
395	435	703.521
400	435	886.507
405	435	1,174.49
410	435	1,309.37
415	435	1,979.51
420	435	3,453.07
425	435	9,521.92
430	435	33,496.7
435	435	2.54182e+06
440	435	72,017.4
445	435	92,293.5
450	435	120,896
455	435	147,773
460	435	174,881
465	435	197,065
470	435	215,526
475	435	233,894
480	435	244,676
485	435	251,565
490	435	253,991
495	435	253,170
500	435	248,747
505	435	241,307
510	435	234,105
515	435	222,128
520	435	209,681
525	435	198,954
530	435	187,849
535	435	173,580
540	435	160,021
545	435	146,747
550	435	132,925
555	435	120,558
560	435	108,470
565	435	96,688.1
570	435	88,928
575	435	78,011.7
580	435	69,199.2
585	435	60,812.5
590	435	55,278.1
595	435	48,476.7
600	435	42,315.2
320	440	541.676
325	440	510.897
330	440	489.68
335	440	442.353
340	440	540.47
345	440	521.139
350	440	540.245
355	440	509.009
360	440	601.239
365	440	682.766
370	440	606.95
375	440	652.701
380	440	663.455
385	440	700.46
390	440	555.241
395	440	798.62
400	440	867.469
405	440	826.63
410	440	1,103.53
415	440	1,237.51
420	440	1,995.03
425	440	4,700.22
430	440	11,423.7
435	440	36,704
440	440	2.57569e+06
445	440	71,941.7
450	440	91,750.4
455	440	116,378
460	440	140,718
465	440	165,139
470	440	185,886
475	440	203,502
480	440	215,224
485	440	226,186
490	440	230,108
495	440	233,427
500	440	230,531
505	440	228,443
510	440	217,350
515	440	209,162
520	440	200,987
525	440	191,701
530	440	182,029
535	440	168,804
540	440	155,685
545	440	141,324
550	440	129,983
555	440	118,532
560	440	105,552
565	440	96,888
570	440	86,116.2
575	440	77,442.5
580	440	68,821.3
585	440	60,693.8
590	440	54,972.3
595	440	47,490.1
600	440	43,228.7
320	445	500.22
325	445	427.892
330	445	526.554
335	445	616.147
340	445	473.317
345	445	527.38
350	445	526.293
355	445	494.292
360	445	573.256
365	445	645.058
370	445	656.513
375	445	495.028
380	445	547.617
385	445	625.824
390	445	655.712
395	445	703.891
400	445	709.321
405	445	833.699
410	445	831.32
415	445	1,033.91
420	445	1,179.79
425	445	2,601.24
430	445	5,401
435	445	12,021.2
440	445	39,538.8
445	445	2.53216e+06
450	445	69,557.9
455	445	87,279.9
460	445	108,015
465	445	132,288
470	445	151,019
475	445	169,206
480	445	184,447
485	445	191,860
490	445	203,297
495	445	206,631
500	445	209,070
505	445	205,098
510	445	201,171
515	445	194,230
520	445	186,512
525	445	179,792
530	445	170,976
535	445	159,540
540	445	147,611
545	445	135,200
550	445	124,319
555	445	112,864
560	445	103,824
565	445	92,037.6
570	445	83,107.4
575	445	75,073.9
580	445	66,920.8
585	445	58,930.1
590	445	51,818.6
595	445	46,107.4
600	445	41,402.8
320	450	431.135
325	450	483.359
330	450	453.235
335	450	400.488
340	450	417.332
345	450	500.337
350	450	525.603
355	450	469.463
360	450	379.746
365	450	508.996
370	450	595.435
375	450	573.97
380	450	470.174
385	450	482.886
390	450	482.932
395	450	554.019
400	450	642.168
405	450	677.052
410	450	587.139
415	450	853.431
420	450	888.333
425	450	1,420.76
430	450	3,086.6
435	450	5,535.12
440	450	12,066.5
445	450	35,995
450	450	2.52179e+06
455	450	65,691.1
460	450	81,097.7
465	450	101,193
470	450	119,195
475	450	135,972
480	450	151,775
485	450	163,114
490	450	173,299
495	450	181,251
500	450	184,141
505	450	184,831
510	450	180,498
515	450	177,474
520	450	172,350
525	450	165,641
530	450	157,410
535	450	148,681
540	450	137,395
545	450	128,659
550	450	117,851
555	450	107,727
560	450	98,456.8
565	450	89,984.1
570	450	79,492.4
575	450	71,111.8
580	450	64,177.4
585	450	56,600.8
590	450	50,125.1
595	450	44,608.9
600	450	39,206.4
320	455	463.111
325	455	467.786
330	455	458.498
335	455	443.277
340	455	463.095
345	455	477.239
350	455	511.661
355	455	501.659
360	455	408.198
365	455	600.347
370	455	482.402
375	455	699.392
380	455	644.265
385	455	523.323
390	455	605.159
395	455	691.658
400	455	717.366
405	455	640.013
410	455	773.244
415	455	582.169
420	455	772.522
425	455	1,009.54
430	455	1,752.9
435	455	3,202.32
440	455	5,941.66
445	455	11,652.4
450	455	33,661.8
455	455	2.65688e+06
460	455	62,791.3
465	455	74,548.7
470	455	90,943.5
475	455	107,416
480	455	121,173
485	455	137,100
490	455	145,718
495	455	154,936
500	455	158,852
505	455	159,986
510	455	160,558
515	455	157,494
520	455	155,386
525	455	151,028
530	455	146,390
535	455	138,182
540	455	129,106
545	455	118,687
550	455	109,304
555	455	101,345
560	455	93,360.8
565	455	84,078.1
570	455	76,920.4
575	455	68,680.8
580	455	62,308.6
585	455	55,115.6
590	455	48,381.7
595	455	43,742
600	455	38,889.9
320	460	472.063
325	460	457.492
330	460	404.72
335	460	518.057
340	460	367.488
345	460	509.934
350	460	485.707
355	460	423.225
360	460	467.487
365	460	448.63
370	460	543.322
375	460	466.828
380	460	622.566
385	460	786.477
390	460	470.944
395	460	543.153
400	460	627.412
405	460	559.847
410	460	617.022
415	460	758.377
420	460	626.528
425	460	984.139
430	460	1,075.36
435	460	1,606.77
440	460	3,259.84
445	460	5,757.71
450	460	11,424.7
455	460	32,635.8
460	460	2.66588e+06
465	460	59,050.9
470	460	68,292.2
475	460	84,244.8
480	460	95,588
485	460	109,542
490	460	122,288
495	460	130,042
500	460	136,951
505	460	140,660
510	460	141,248
515	460	143,165
520	460	140,569
525	460	137,148
530	460	132,881
535	460	126,329
540	460	119,017
545	460	109,848
550	460	102,320
555	460	95,317.2
560	460	88,187.2
565	460	80,046.9
570	460	72,579.8
575	460	64,185
580	460	57,243.1
585	460	52,175.1
590	460	47,664.5
595	460	42,443.5
600	460	36,787.1
320	465	390.606
325	465	431.126
330	465	620.371
335	465	448.636
340	465	407.967
345	465	425.83
350	465	380.968
355	465	491.243
360	465	443.226
365	465	357.848
370	465	393.441
375	465	416.445
380	465	609.788
385	465	541.087
390	465	607.868
395	465	473.134
400	465	581.088
405	465	562.879
410	465	542.39
415	465	542.09
420	465	715.441
425	465	693.533
430	465	1,062.15
435	465	1,092.18
440	465	1,795.64
445	465	3,285.7
450	465	6,155.64
455	465	11,318.2
460	465	31,848.1
465	465	2.64389e+06
470	465	54,307.1
475	465	61,336.2
480	465	75,509.3
485	465	87,340
490	465	100,108
495	465	108,923
500	465	116,722
505	465	120,898
510	465	124,884
515	465	126,378
520	465	125,690
525	465	124,289
530	465	120,482
535	465	116,088
540	465	110,209
545	465	102,744
550	465	95,978.2
555	465	89,995.5
560	465	82,772.9
565	465	76,500.5
570	465	69,099.6
575	465	62,831
580	465	55,400.9
585	465	50,087.8
590	465	44,581
595	465	40,547.8
600	465	36,350.4
320	470	455.744
325	470	465.228
330	470	471.083
335	470	395.453
340	470	438.361
345	470	429.075
350	470	451.604
355	470	470.645
360	470	402.207
365	470	475.465
370	470	434.829
375	470	452.835
380	470	416.146
385	470	470.817
390	470	567.637
395	470	600.001
400	470	511.426
405	470	586.974
410	470	572.385
415	470	632.877
420	470	577.749
425	470	665.766
430	470	740.529
435	470	1,006.16
440	470	1,345.4
445	470	1,695.71
450	470	3,477.36
455	470	6,002.44
460	470	11,531.8
465	470	32,001.6
470	470	2.57313e+06
475	470	51,082.2
480	470	58,274.6
485	470	70,640.1
490	470	79,989.6
495	470	89,462.1
500	470	96,513
505	470	103,710
510	470	108,799
515	470	111,125
520	470	111,931
525	470	112,659
530	470	109,998
535	470	106,275
540	470	103,004
545	470	96,105.7
550	470	90,279.6
555	470	84,798.3
560	470	77,908.9
565	470	71,393
570	470	64,645.3
575	470	60,043.8
580	470	54,400.3
585	470	47,720
590	470	42,688.2
595	470	38,911.4
600	470	34,564.5
320	475	519.154
325	475	567.231
330	475	491.192
335	475	429.773
340	475	436.465
345	475	545.31
350	475	529.596
355	475	397.119
360	475	523.955
365	475	591.091
370	475	547.135
375	475	502.032
380	475	535.807
385	475	580.089
390	475	613.913
395	475	739.867
400	475	751.619
405	475	833.37
410	475	567.677
415	475	651.396
420	475	663.063
425	475	721.883
430	475	794.237
435	475	821.557
440	475	1,350.46
445	475	1,592.98
450	475	1,956.86
455	475	3,400.34
460	475	6,046.88
465	475	11,552.9
470	475	30,685.4
475	475	2.60574e+06
480	475	47,528.9
485	475	53,571.7
490	475	64,756.5
495	475	72,056.2
500	475	81,346.7
505	475	86,932.8
510	475	92,534.9
515	475	97,135.5
520	475	97,615.5
525	475	99,932.9
530	475	100,495
535	475	95,191.1
540	475	92,410.3
545	475	88,512.5
550	475	82,557.1
555	475	78,701.4
560	475	71,575
565	475	68,348.5
570	475	61,628.1
575	475	55,378.5
580	475	49,913.2
585	475	45,130.1
590	475	41,025.6
595	475	37,657.7
600	475	33,170.7
320	480	402.024
325	480	519.851
330	480	387.062
335	480	446.426
340	480	451.005
345	480	476.206
350	480	506.293
355	480	352.085
360	480	499.854
365	480	479.921
370	480	446.179
375	480	549.504
380	480	554.143
385	480	461.159
390	480	490.714
395	480	538.13
400	480	534.509
405	480	563.873
410	480	613.244
415	480	481.365
420	480	556.025
425	480	525.736
430	480	775.998
435	480	793.996
440	480	864.887
445	480	1,172.12
450	480	1,469.09
455	480	2,081.2
460	480	3,224.78
465	480	5,788.34
470	480	11,131.5
475	480	29,049.8
480	480	2.5782e+06
485	480	44,012.2
490	480	48,798.6
495	480	57,556.4
500	480	66,334.9
505	480	72,172.6
510	480	77,579.7
515	480	82,541.8
520	480	86,614.8
525	480	88,028.8
530	480	86,340.7
535	480	86,461.6
540	480	84,267.4
545	480	81,601.5
550	480	76,181.3
555	480	72,182.7
560	480	66,762.3
565	480	62,661.8
570	480	57,672.5
575	480	53,099
580	480	48,006.2
585	480	43,687.1
590	480	39,495.1
595	480	34,979.2
600	480	31,326.7
320	485	507.485
325	485	584.406
330	485	537.79
335	485	378.882
340	485	461.286
345	485	434.758
350	485	639.456
355	485	444.452
360	485	471.073
365	485	525.14
370	485	476.793
375	485	536.129
380	485	552.438
385	485	445.173
390	485	654.308
395	485	547.6
400	485	531.495
405	485	650.981
410	485	693.7
415	485	622.167
420	485	622.706
425	485	742.672
430	485	662.456
435	485	824.608
440	485	730.618
445	485	948.168
450	485	1,398.5
455	485	1,477.75
460	485	1,837.57
465	485	3,543.76
470	485	6,051.33
475	485	10,563.1
480	485	33,626.4
485	485	2.30472e+06
490	485	41,760.1
495	485	44,740.4
500	485	53,253.7
505	485	59,183.5
510	485	64,442.1
515	485	69,605.8
520	485	73,422.5
525	485	76,222
530	485	78,195.4
535	485	76,929.2
540	485	76,276.4
545	485	72,717.9
550	485	69,007.1
555	485	65,425.5
560	485	62,428.3
565	485	57,302.6
570	485	54,205.4
575	485	49,183.8
580	485	44,809.3
585	485	39,956.4
590	485	36,364.7
595	485	33,510.4
600	485	30,438.1
320	490	465.254
325	490	514.862
330	490	455.162
335	490	498.844
340	490	469.757
345	490	406.561
350	490	454.637
355	490	448.308
360	490	432.201
365	490	493.937
370	490	520.669
375	490	547.379
380	490	518.41
385	490	584.772
390	490	541.537
395	490	524.9
400	490	481.395
405	490	623.788
410	490	725.2
415	490	772.817
420	490	600.124
425	490	659.767
430	490	722.89
435	490	799.215
440	490	883.296
445	490	848.95
450	490	910.459
455	490	1,255.8
460	490	1,474.01
465	490	2,138.77
470	490	3,605.8
475	490	5,268.95
480	490	10,482.6
485	490	32,285.4
490	490	2.30608e+06
495	490	37,798.7
500	490	41,866.1
505	490	47,568.9
510	490	54,164.9
515	490	58,953.5
520	490	62,307.2
525	490	65,408.4
530	490	68,053.7
535	490	68,201.7
540	490	66,948.4
545	490	66,071.2
550	490	62,325.6
555	490	59,542.8
560	490	56,555.2
565	490	52,987.8
570	490	50,120.2
575	490	45,830.8
580	490	42,665.6
585	490	37,764.9
590	490	35,278.1
595	490	30,581.4
600	490	27,706.2
320	495	539.073
325	495	460.423
330	495	465.222
335	495	404.489
340	495	426.262
345	495	369.907
350	495	565.855
355	495	408.472
360	495	453.494
365	495	453.356
370	495	604.911
375	495	509.888
380	495	587.907
385	495	452.84
390	495	554.544
395	495	594.704
400	495	515.864
405	495	633.615
410	495	594.32
415	495	794.742
420	495	571.653
425	495	675.849
430	495	688.142
435	495	757.493
440	495	672.022
445	495	839.102
450	495	896.608
455	495	1,025.5
460	495	1,195.2
465	495	1,597.75
470	495	2,102.54
475	495	3,582.75
480	495	5,483.2
485	495	9,749.79
490	495	35,019.8
495	495	2.17281e+06
500	495	34,061
505	495	37,364.6
510	495	43,286
515	495	48,493.5
520	495	51,319.4
525	495	54,367.5
530	495	57,669.9
535	495	58,528.3
540	495	59,174
545	495	57,495
550	495	56,791.9
555	495	54,504.9
560	495	51,575.2
565	495	48,724.6
570	495	45,624.3
575	495	43,478.8
580	495	39,242.8
585	495	35,205.6
590	495	32,946.4
595	495	29,006.2
600	495	26,887
320	500	575.221
325	500	522.581
330	500	551.032
335	500	481.109
340	500	476.464
345	500	523.132
350	500	483.597
355	500	435.688
360	500	482.18
365	500	535.301
370	500	602.366
375	500	423.425
380	500	556.746
385	500	545.402
390	500	463.9
395	500	691.535
400	500	516.472
405	500	599.469
410	500	643.687
415	500	628.004
420	500	767.141
425	500	691.211
430	500	709.107
435	500	580.509
440	500	721.465
445	500	638.535
450	500	831.914
455	500	801.478
460	500	1,000.51
465	500	1,308.55
470	500	1,565.17
475	500	1,926.22
480	500	3,445.92
485	500	5,562.86
490	500	9,558.5
495	500	28,296.8
500	500	2.217e+06
505	500	31,554.7
510	500	33,071.6
515	500	37,565.5
520	500	41,946.3
525	500	46,286.9
530	500	48,800.8
535	500	50,690.1
540	500	50,148.7
545	500	49,752.3
550	500	48,797.5
555	500	48,371.7
560	500	46,601.5
565	500	44,192.7
570	500	41,970.1
575	500	38,512.7
580	500	35,415.3
585	500	33,310.4
590	500	30,696.3
595	500	26,564.1
600	500	25,392.6
320	505	487.771
325	505	464.976
330	505	447.991
335	505	532.883
340	505	480.679
345	505	511.731
350	505	528.213
355	505	576.324
360	505	529.341
365	505	558.144
370	505	488.168
375	505	523.321
380	505	534.37
385	505	452.597
390	505	564.024
395	505	632.842
400	505	644.479
405	505	614.615
410	505	632.891
415	505	725.315
420	505	470.788
425	505	799.819
430	505	730.524
435	505	720.74
440	505	703.194
445	505	708.758
450	505	639.565
455	505	749.425
460	505	849.701
465	505	878.187
470	505	1,255.53
475	505	1,389.28
480	505	1,948.29
485	505	3,241.57
490	505	4,844.17
495	505	8,628.6
500	505	25,785
505	505	2.14482e+06
510	505	28,883.3
515	505	29,726.5
520	505	33,356.1
525	505	36,935.2
530	505	40,096.2
535	505	41,791.4
540	505	42,255.3
545	505	42,675
550	505	43,517
555	505	41,279.4
560	505	41,160.5
565	505	39,369.8
570	505	36,180.3
575	505	35,230.9
580	505	32,098.7
585	505	29,409.8
590	505	27,368.4
595	505	25,265.2
600	505	22,708.1
320	510	373.429
325	510	432.513
330	510	538.093
335	510	497.267
340	510	490.884
345	510	642.725
350	510	473.554
355	510	450.92
360	510	491.055
365	510	502.825
370	510	478.919
375	510	555.791
380	510	573.497
385	510	665.685
390	510	600.755
395	510	597.67
400	510	606.916
405	510	632.213
410	510	438.188
415	510	579.484
420	510	514.519
425	510	693.487
430	510	854.361
435	510	954.063
440	510	678.65
445	510	690.03
450	510	782.775
455	510	705.824
460	510	822.012
465	510	922.438
470	510	794.734
475	510	1,174.93
480	510	1,598.53
485	510	1,866.94
490	510	3,441.38
495	510	4,686.15
500	510	7,733.08
505	510	20,650.2
510	510	2.1625e+06
515	510	25,837.8
520	510	26,157.7
525	510	29,270
530	510	32,472.1
535	510	34,514
540	510	35,557.5
545	510	36,516.9
550	510	36,649.6
555	510	36,726.3
560	510	35,922.7
565	510	34,795.2
570	510	33,733.1
575	510	31,731.9
580	510	29,164.9
585	510	26,725.7
590	510	25,021.9
595	510	23,898.6
600	510	22,403.6
320	515	375.199
325	515	551.116
330	515	504.718
335	515	527.949
340	515	488.147
345	515	527.015
350	515	456.57
355	515	599.706
360	515	440.96
365	515	491.125
370	515	527.827
375	515	505.225
380	515	556.422
385	515	468.945
390	515	458.475
395	515	623.899
400	515	553.74
405	515	516.834
410	515	541.434
415	515	517.313
420	515	627.093
425	515	657.155
430	515	651.012
435	515	732.5
440	515	684.303
445	515	662.869
450	515	744.077
455	515	697.797
460	515	688.35
465	515	733.687
470	515	821.476
475	515	897.029
480	515	1,189.72
485	515	1,245.1
490	515	1,844.66
495	515	2,974.67
500	515	4,280.09
505	515	7,358.43
510	515	18,676
515	515	2.14761e+06
520	515	24,004.7
525	515	23,256.2
530	515	26,553.7
535	515	28,442.1
540	515	29,902.6
545	515	30,426.3
550	515	31,602.1
555	515	31,470
560	515	31,677.4
565	515	30,661.4
570	515	28,662.1
575	515	28,118.2
580	515	25,982.1
585	515	24,947.7
590	515	22,775.8
595	515	20,802.2
600	515	19,449.3
320	520	451.354
325	520	522.135
330	520	492.373
335	520	433.118
340	520	517.022
345	520	515.943
350	520	640.06
355	520	504.023
360	520	534.457
365	520	523.269
370	520	589.157
375	520	524
380	520	475.736
385	520	492.755
390	520	640.307
395	520	623.871
400	520	595.362
405	520	516.402
410	520	570.507
415	520	593.175
420	520	522.115
425	520	521.51
430	520	623.027
435	520	652.19
440	520	844.824
445	520	762.567
450	520	726.201
455	520	695.198
460	520	790.176
465	520	780.561
470	520	946.222
475	520	885.68
480	520	891.038
485	520	1,197.47
490	520	1,471.59
495	520	1,937.65
500	520	2,810.06
505	520	3,903.3
510	520	6,917.71
515	520	16,519.3
520	520	2.18208e+06
525	520	21,686.8
530	520	20,474.9
535	520	22,763.9
540	520	24,529.6
545	520	25,356.4
550	520	25,991.4
555	520	27,544.5
560	520	26,197.5
565	520	26,304.4
570	520	25,093.6
575	520	25,117.8
580	520	23,497.2
585	520	22,070.9
590	520	20,188.4
595	520	19,072.8
600	520	17,872
320	525	539.802
325	525	510.117
330	525	498.854
335	525	497.756
340	525	437.054
345	525	466.763
350	525	474.501
355	525	544.692
360	525	461.48
365	525	479.075
370	525	393.928
375	525	461.516
380	525	733.831
385	525	571.025
390	525	612.128
395	525	569.949
400	525	577.009
405	525	605.735
410	525	655.144
415	525	641.651
420	525	501.718
425	525	630.335
430	525	592.76
435	525	551.651
440	525	661.028
445	525	793.637
450	525	843.194
455	525	783.702
460	525	725.943
465	525	665.708
470	525	677.892
475	525	861.393
480	525	868.414
485	525	975.348
490	525	1,135.08
495	525	1,481.54
500	525	1,639.47
505	525	2,808.41
510	525	3,636.33
515	525	6,481.44
520	525	15,322.2
525	525	2.17421e+06
530	525	20,104.7
535	525	18,332.8
540	525	20,565.5
545	525	21,139.8
550	525	22,710.9
555	525	22,936.3
560	525	23,153.5
565	525	23,526.7
570	525	23,203.3
575	525	21,407.6
580	525	21,390
585	525	19,806.1
590	525	19,052.9
595	525	17,729.2
600	525	16,486.1
320	530	562.923
325	530	500.964
330	530	537.965
335	530	507.249
340	530	475.865
345	530	463.653
350	530	468.977
355	530	471.164
360	530	519.25
365	530	506.444
370	530	520.242
375	530	475.374
380	530	593.452
385	530	611.535
390	530	537.581
395	530	679.538
400	530	592.651
405	530	666.706
410	530	739.845
415	530	588.041
420	530	500.645
425	530	675.964
430	530	655.087
435	530	777.176
440	530	781.389
445	530	808.144
450	530	832.688
455	530	903.798
460	530	798.244
465	530	780.984
470	530	799.038
475	530	828.36
480	530	772.171
485	530	841.66
490	530	919.625
495	530	1,118.81
500	530	1,269.08
505	530	1,633.23
510	530	2,666.43
515	530	3,808.31
520	530	5,935.17
525	530	14,094.5
530	530	2.12775e+06
535	530	17,911.9
540	530	16,243.8
545	530	17,186.2
550	530	18,447
555	530	19,609.4
560	530	20,175.2
565	530	19,263.9
570	530	20,120.8
575	530	19,696.3
580	530	18,648
585	530	17,600
590	530	17,072.4
595	530	16,622.2
600	530	14,700.4
320	535	422.529
325	535	493.249
330	535	511.065
335	535	534.817
340	535	479.731
345	535	410.114
350	535	544.191
355	535	613.029
360	535	581.828
365	535	631.734
370	535	587.512
375	535	766.159
380	535	670.368
385	535	683.237
390	535	517.667
395	535	643.356
400	535	630.513
405	535	740.532
410	535	505.999
415	535	695.356
420	535	618.077
425	535	631.581
430	535	724.798
435	535	662.572
440	535	706.089
445	535	808.815
450	535	663.187
455	535	926.705
460	535	846.83
465	535	727.344
470	535	738.473
475	535	680.352
480	535	744.635
485	535	782.687
490	535	903.525
495	535	928.274
500	535	1,076.92
505	535	1,285.37
510	535	1,662.95
515	535	2,410.5
520	535	3,645.24
525	535	5,418.31
530	535	13,037.5
535	535	2.03076e+06
540	535	16,502.2
545	535	14,263.4
550	535	14,958.8
555	535	16,089.4
560	535	16,932
565	535	17,897
570	535	17,038.1
575	535	17,161
580	535	16,980.1
585	535	15,863.5
590	535	15,099.2
595	535	14,532.9
600	535	13,708.5
320	540	507.903
325	540	586.488
330	540	560.639
335	540	584.886
340	540	527.277
345	540	559.565
350	540	565.236
355	540	559.519
360	540	501.331
365	540	481.97
370	540	578.647
375	540	501.945
380	540	676.634
385	540	547.259
390	540	507.469
395	540	644.071
400	540	579.38
405	540	624.341
410	540	657.489
415	540	716.323
420	540	612.117
425	540	714.568
430	540	658.027
435	540	784.997
440	540	895.002
445	540	915.291
450	540	825.962
455	540	743.444
460	540	920.833
465	540	862.667
470	540	733.372
475	540	720.594
480	540	779.326
485	540	882.053
490	540	854.242
495	540	856.09
500	540	929.208
505	540	1,158.14
510	540	1,263.41
515	540	1,596.77
520	540	2,390.77
525	540	3,220.62
530	540	5,582.73
535	540	12,612.2
540	540	1.91359e+06
545	540	15,156.1
550	540	12,906.1
555	540	14,052.7
560	540	14,351.6
565	540	14,305.5
570	540	14,021.7
575	540	14,704.6
580	540	14,335.8
585	540	13,566.1
590	540	13,748.1
595	540	13,120.8
600	540	11,989.9
320	545	500.061
325	545	505.886
330	545	519.348
335	545	572.961
340	545	592.448
345	545	632.758
350	545	599.379
355	545	565.788
360	545	619.885
365	545	612.908
370	545	663.839
375	545	667.572
380	545	644.709
385	545	647.285
390	545	474.234
395	545	725.457
400	545	579.426
405	545	697.078
410	545	743.45
415	545	625.803
420	545	664.334
425	545	723.772
430	545	809.309
435	545	742.988
440	545	677.097
445	545	902.886
450	545	834.728
455	545	854.411
460	545	748.973
465	545	803.162
470	545	933.396
475	545	841.162
480	545	880.044
485	545	698.177
490	545	950.634
495	545	756.17
500	545	1,006.37
505	545	960.723
510	545	1,224.39
515	545	1,342.21
520	545	1,588.22
525	545	2,182.03
530	545	2,686.54
535	545	5,210.2
540	545	12,153.2
545	545	1.80348e+06
550	545	13,353.1
555	545	11,403.8
560	545	11,327.5
565	545	12,059.2
570	545	11,929.1
575	545	12,111.7
580	545	11,954.8
585	545	12,655.2
590	545	11,778.5
595	545	11,216.6
600	545	10,792.4
320	550	555.429
325	550	467.77
330	550	528.335
335	550	507.605
340	550	540.963
345	550	622.952
350	550	576.41
355	550	548.678
360	550	536.794
365	550	651.004
370	550	597.363
375	550	698.236
380	550	683.893
385	550	723.539
390	550	671.89
395	550	669.584
400	550	718.176
405	550	636.549
410	550	812.822
415	550	757.638
420	550	737.406
425	550	832.295
430	550	827.317
435	550	864.041
440	550	784.464
445	550	934.072
450	550	697.052
455	550	885.715
460	550	846.834
465	550	764.694
470	550	828.817
475	550	893.309
480	550	960.495
485	550	802.711
490	550	845.649
495	550	731.758
500	550	937.531
505	550	909.195
510	550	1,124.36
515	550	1,158.57
520	550	1,480.08
525	550	1,481.09
530	550	2,221.15
535	550	2,829.41
540	550	4,130.16
545	550	10,895.3
550	550	1.75982e+06
555	550	12,004.9
560	550	10,111.5
565	550	10,032.5
570	550	10,744
575	550	10,308
580	550	10,253.6
585	550	10,468.5
590	550	10,053.3
595	550	9,850.46
600	550	9,359
